3 0.49814096137043157 0.5940924530927401 0.04822107753281625 0.06519535400177782
3 0.40531001179869147 0.7893861808531475 0.03133161629922438 0.0962025550150372
1 0.4961994730322833 0.7541894333358882 0.027116356596219134 0.03438071995933342
1 0.44454530054229296 0.7120205596780734 0.03312799225584104 0.03794680587622224
4 0.2797085331407419 0.908440651774481 0.03520944187319446 0.061357723404074326
1 0.27180452733262267 0.9362509885525553 0.03213381008565193 0.039574680445629534
4 0.33918817073640356 0.9002991886542216 0.031174534894328646 0.05120255501503683
4 0.23626671143885142 0.9267947746719255 0.04320362404338346 0.06000139351548152
3 0.186257984694135 0.9262343795348886 0.01616289923470674 0.04728734022281477
2 0.3045989031067862 0.02278606342525906 0.03719780621357245 0.04557212685051812
2 0.6855045757336163 0.6910049975719249 0.16770977523693636 0.20981161357562997
2 0.7043911280523026 0.657767947723999 0.12357596515128466 0.16977142796288908
4 0.695716593157974 0.6080976805507027 0.05928507366073677 0.08395540040496295
2 0.7637017152197045 0.45794042188844336 0.060378158937712215 0.110660859168889
2 0.7614984245400631 0.5430374021315915 0.052226895362627146 0.06701718905748143
2 0.7556089633064713 0.5749368213818138 0.05718617055395066 0.05554448287711125