3 0.5435933151382702 0.7298096418956752 0.08650423147053925 0.14816403977969192
1 0.34164680098473366 0.6589736180905164 0.04875211573526963 0.07440212694352037
1 0.42526223561873916 0.8319339533815061 0.050915103245527234 0.08118519617515933
3 0.3274719029767724 0.9369180578249718 0.08111883763334936 0.09126456798308027
1 0.8928929837497921 0.6602673926895909 0.06324107826604268 0.09521694489832763
4 0.7373335649331174 0.6079419612121325 0.07340406577630029 0.10246562438985678
4 0.8582172572706354 0.7123388131867526 0.09225975020515284 0.13851324747460922
4 0.9575937739311491 0.7401166145144752 0.08481245213770194 0.09219578850286003
2 0.05494817109592743 0.5116402211723321 0.0892784221442631 0.1799471090113309
2 0.041381117809369566 0.4060000070649834 0.06330390008206113 0.05694181284748064
3 0.6984702460343816 0.5091509477347178 0.030303900082061092 0.0550211705254344
2 0.4673802893381741 0.20611386045779867 0.08525634720580899 0.21965610259889967