3 0.1510665997290526 0.2906586941609575 0.04683427227490643 0.06095239104521435
3 0.34854395730512505 0.5020898652258535 0.02341075784701991 0.07788889359887775
3 0.31570261601187705 0.7052988658784056 0.04288668005418947 0.06238625258193603
3 0.3984377602907425 0.8834813857117062 0.05899574780637772 0.0350423410508688
3 0.6204086856632953 0.4588173176720808 0.04562464115777425 0.05422752309606153
3 0.7157826091366181 0.29855010160707546 0.05151557340558611 0.0828518628418261
3 0.4064278205345952 0.6135104863529494 0.019048155585660878 0.03438095641808578
0 0.3998605300776344 0.5049258325111451 0.032415010040642074 0.04680423975707375
2 0.4603590947087315 0.29511629659022115 0.05045891343268068 0.11273546027685351
2 0.682063092176425 0.6249178317455022 0.03741501004064207 0.04709524616950489
2 0.4645113751250502 0.4487591517145116 0.08314871895060469 0.07304763721471924
3 0.6328959290824286 0.36326440548846134 0.050305942288453934 0.07612699489267319
2 0.4208449566720484 0.5835581023727183 0.02504815558566088 0.03473016411300326