3 0.4332039974676935 0.3131806439356695 0.07620112672988773 0.07502544823294395
5 0.4551402684764467 0.4247822349725154 0.04246316562630295 0.08104979183762737
1 0.4257522069664408 0.867501529309596 0.05072520452271806 0.08992641687181958
5 0.6401233136150443 0.8729005648490155 0.023257786702793055 0.04149405217736179
5 0.5665276392585444 0.16692006525932124 0.015519825599208162 0.049284093809836234
5 0.6509292019904117 0.2119130128084224 0.05150281682471927 0.17812392727993814
5 0.6634504629585228 0.3690578955461271 0.027201126729887618 0.07169778656518379
5 0.700696928449352 0.4380420594398034 0.03009631117132176 0.06856818761967247
5 0.7313796649489345 0.6205632910546351 0.025834272274906426 0.05996320843590979
5 0.6728385783816152 0.5147738017362908 0.04051557340558611 0.08258063557907937
5 0.6882287659884321 0.08880464547774282 0.022834272274906652 0.05975947404808771
5 0.6796218782461415 0.6639928199163063 0.02862038896415197 0.08509903136112447