3 0.4935709058357612 0.9301330632293279 0.06356798118486905 0.08284966543602347
3 0.6147819184087099 0.5439136129428783 0.04072945671634034 0.05575634347549036
3 0.486575104116297 0.3729912577126736 0.022834272274906427 0.058740595204751285
3 0.2797932396206736 0.42568227277740295 0.03851982559920816 0.04905088996392692
3 0.28636334690235377 0.3599362098450878 0.03504815558566088 0.03399270969658147
3 0.2242974918142958 0.4562919979206278 0.03536260226135903 0.04399270969658157
0 0.44881093912307074 0.36475430765963157 0.024257786702793056 0.04044604871631492
3 0.5133463381278649 0.2375942763844309 0.028415010040642074 0.04552362240610876
2 0.4050899867939748 0.48231190409502595 0.030939087833472514 0.06222907591767239
2 0.40207723021310815 0.3871955435603351 0.0485722333784912 0.050911490855078324
2 0.24542494979678944 0.22989683916823977 0.03304815558566082 0.033953922851684505
2 0.4356976191772602 0.3044634063229045 0.020943340027094793 0.03038786844896947
3 0.44843132808722275 0.2813627940589528 0.012733708909962616 0.023566054402715034
3 0.4626940577115462 0.08235127477187396 0.03110056336494381 0.03558180267345423