3 0.5053187335040148 0.5694455134922651 0.046628382337415814 0.06312392727993825
3 0.42082606597075983 0.7669865216744678 0.028942573506123837 0.0919015209530058
1 0.5079420545423391 0.724377602029658 0.027331646233636094 0.033500276157065134
1 0.45653186051652583 0.6886744199559661 0.03134910129856439 0.03543858867416134
4 0.302547920515735 0.8917686081227129 0.03359347220755944 0.058907744932709345
1 0.2953272015545865 0.9189446107589346 0.03136655636349258 0.037105255340828
4 0.35996064519109394 0.8795303656894569 0.0294887418179901 0.04863609908228
4 0.2608184740221224 0.9204542228855549 0.040715657662056856 0.07104979183762755
3 0.20736211168444293 0.928254152801715 0.026698202597128726 0.06843236469445779
2 0.3024887418179901 0.02785657230975617 0.036593472207559444 0.05571314461951234
2 0.6887613070101386 0.6470516715664236 0.159989877401817 0.20073001109196145
2 0.7064209332440382 0.6133292652394914 0.11860586597339602 0.16127897445839343
4 0.6969234638935841 0.5664404684029575 0.055802932986698126 0.08040179711007094
2 0.7588874181799009 0.4154614238607241 0.05806475896062125 0.1055376200352857
2 0.7592514438938477 0.4979953795920278 0.05062838233741604 0.06339557313036759
2 0.7540656350625556 0.5283688926363681 0.054506196882918176 0.05200055231413027