3 0.4071754005469556 0.07235540606523944 0.05493101033422226 0.06823762251020625
3 0.33519163677722247 0.4696100186184676 0.03465170723395556 0.04765578701259907
3 0.47810020796237807 0.6021747450270031 0.016744808267377835 0.05379880173141904
3 0.6702735182361114 0.501545486587653 0.0345586062005334 0.040989120345932405
3 0.6711696156828002 0.5657121532543196 0.03134912887533346 0.025901845021291288
3 0.7197032744064001 0.4592575645103015 0.031512055683822385 0.03756851168795795
0 0.5146002079623782 0.6011128952438698 0.01951205568382238 0.03721941038939349
3 0.4674971415183559 0.7383717255463409 0.024558606200533403 0.040698202597128745
2 0.5438894764732447 0.4777110502225786 0.02474480826737772 0.05403153593046208
2 0.5571463404244448 0.5673619489240143 0.04255860620053318 0.04122185454497526
2 0.7257756085093338 0.6791702891856604 0.029349128875333464 0.025843661471530482
2 0.5348682914881114 0.6555456056337028 0.01737240413368886 0.02716122683963287
3 0.525205782734267 0.6800031900491731 0.010279303100266588 0.02029091774880366
3 0.5339173503326893 0.8739953060665575 0.028418954650399883 0.03081456969665017