3 0.09587440779402234 0.4426411531600017 0.05476802285684158 0.0738569380163193
3 0.33349798831423894 0.6241301035595413 0.030907663376267238 0.08695755815721441
3 0.32268519221125014 0.8448810176372195 0.04878547792176983 0.07546542638487647
3 0.43359678130278234 0.9953307882350947 0.06413964051942571 0.009338423529810598
3 0.6180889298722525 0.522712361478551 0.05169820259712878 0.06716118220059798
3 0.7005788072740693 0.33349292031152095 0.0610123937658368 0.09724844964776225
3 0.4084070467562253 0.7290336953355957 0.023436376623205434 0.04188968347608655
0 0.3880852636388801 0.6163252231007031 0.037576017142631146 0.055358766171675594
2 0.42752897272883045 0.3833506559390454 0.06134403999947267 0.1289151163144289
2 0.7044045161066795 0.6843989765174913 0.04359347220755944 0.05708361113645197
2 0.4503532864957216 0.5435882173229927 0.09299493870090839 0.09589206723767991
3 0.6201798714302661 0.4185553911949027 0.057942573506123606 0.09055269383204081
2 0.42026487558725384 0.694978537073639 0.029436376623205432 0.04194786177419625