3 0.5985262877403076 0.5750087374351677 0.050930884277526726 0.1338181524842463
5 0.5289102775047874 0.5193299906238895 0.05252362240610887 0.07550421191694946
1 0.24900336593254005 0.5032816700454438 0.05762834688733057 0.09055269383204063
5 0.13433569405475027 0.3113235562819924 0.052477078192232456 0.0688375452502828
5 0.25865056809675685 0.12418287805990486 0.027290901336727076 0.04192846900815965
5 0.9791502177975863 0.20284063688273618 0.03969816320814516 0.1003781589377121
5 0.9235095342584452 0.4373170321997502 0.04943053397835615 0.062141789434561286
5 0.6985157025843505 0.3626304978291328 0.03122108501591265 0.031967254540232755
5 0.6756036735837099 0.2065644513033613 0.11367489110120686 0.09776235794772986
5 0.5769236650541097 0.15977117605122032 0.0473607176575415 0.052122396668524876
5 0.5359472874602185 0.08436877615596257 0.04438398976447979 0.055426640852803404
5 0.42293018367918545 0.014101570016723516 0.038139632641629076 0.020368462554693836
5 0.4861912942838986 0.12055547186322542 0.05451198635263972 0.0738569380163193
5 0.7554353011075787 0.15983531375331286 0.03930253739019622 0.043711492271045434
5 0.3929240153532803 0.08631552671768489 0.05437235371101076 0.05385693801631931