3 0.5005979030155597 0.36269829038171686 0.04722107753281637 0.06698176696957366
3 0.5947436821245758 0.170440236233026 0.03132579846941348 0.09573974700830036
1 0.505141870102884 0.20655445205806525 0.028122174426030027 0.03717353493222826
1 0.5549876976128937 0.24683980634575284 0.032122174426030145 0.03748403992254661
4 0.7186160232324769 0.0541867279902811 0.03520362404338357 0.06105025199861868
1 0.7272061995945468 0.027693571552521324 0.03212799225584104 0.03915070658921326
4 0.660104387572855 0.06206119680701993 0.031174534894328646 0.05240641367496702
4 0.7616916550200195 0.03332280860509849 0.042250166681871176 0.06664561721019698
3 0.8152003817647357 0.029307947949149493 0.028244348852060282 0.058615895898298985
2 0.6790994784754967 0.9211867526936025 0.03718035272413954 0.05453883782711121
2 0.3204702441234609 0.27004316140316464 0.16470977523693658 0.21606403793638473
2 0.30135970535705275 0.30318472677384334 0.12256432949166264 0.17113706887137559
4 0.30919098829253505 0.35089705012654004 0.05827925583092588 0.08450232235961569
2 0.2401964727586038 0.49788111475240804 0.0603665232780902 0.10965757485477487
2 0.2439873642491516 0.41427608955254613 0.05122689536262726 0.06895893862655858
2 0.2500920851857488 0.38381033206706866 0.056186170553950546 0.05768040319778985