3 0.2741210796920603 0.2509762243339209 0.04893483563985035 0.09735126307836652
3 0.5026557879689463 0.16834290245935263 0.032886680054189356 0.06270773526295713
3 0.5651238965167796 0.40103885602507383 0.03304815558566088 0.03612841489509549
3 0.49308562677417966 0.6931139062282844 0.029834272274906426 0.0607790296998752
3 0.5283738695602364 0.6992234524367736 0.01962464115777425 0.05323890004515799
3 0.46531295739370887 0.7665676285257699 0.02567704893705741 0.05542964450465509
0 0.561905761012403 0.45814225418576576 0.02410056336494381 0.037008964872516495
3 0.6421501004064212 0.39514652435041686 0.026310194482075985 0.043850324136793406
2 0.4903491010394978 0.49447486084913334 0.034415010040642076 0.04788242786056723
2 0.5393448488458755 0.5219489051731566 0.030253534509170777 0.07411236303320871
2 0.5879659285379357 0.7926217198876205 0.01957223337849109 0.05157223337849132
2 0.5906111399359129 0.4940735643019598 0.016943340027094564 0.031397540780881174
3 0.6052442854809317 0.4810967031532171 0.013628893351396528 0.021135501884465762
3 0.7134234605148001 0.5092506491810747 0.02146741781992523 0.04841359264276813