3 0.21613276371738255 0.17683551334323092 0.052500350299170634 0.07620867420453024
3 0.3975499101464164 0.4591408008458342 0.030593438726923296 0.0876203889641522
3 0.3436710378103298 0.6612264815331003 0.048500350299170575 0.07585928900931
3 0.4116525328326143 0.8726559137661479 0.0623258094971344 0.052082137192580834
3 0.6781193761680602 0.4962631575482765 0.05045380608529422 0.06936731494025347
3 0.7905211703119144 0.3573573785648447 0.05966325504773795 0.10015343162949904
3 0.44558993573521694 0.5923608322043857 0.022290901336727075 0.04358828524037828
0 0.44889282342458375 0.47714246645737307 0.03638398976447979 0.05814446675698245
2 0.5312542416804666 0.27506741625416253 0.05987270401018145 0.13015343162949905
2 0.7247463218587082 0.6887372018722999 0.042383989764479796 0.0586685445498127
2 0.5201255444939654 0.43760754590887985 0.0906516189942688 0.10119450022578955
3 0.7002826312157981 0.3993852121239675 0.05661671083386136 0.09322472606641724
2 0.46376447653725317 0.5657885988258945 0.02927926528325804 0.04253304266534694