3 0.47747303015071146 0.6510951331297702 0.07495428559257789 0.07264022823731542
5 0.49030884917828915 0.5310845478670528 0.04007066188435556 0.0789365166836302
1 0.42673400674748896 0.09943112161001202 0.048187038176133457 0.08773546027685356
5 0.637674982492311 0.015518448261183372 0.021535330942178008 0.031036896522366745
5 0.619416096168756 0.7462511862737858 0.0146749824923113 0.04914815128814079
5 0.6988803471719336 0.6673993163669764 0.0474206268689777 0.17595239104521435
5 0.6996226471114446 0.505558045852851 0.025977560850933515 0.07145503206215607
5 0.7304821594520224 0.42202893814662434 0.028931010334222265 0.06829630257628158
5 0.746782229482778 0.22758978044605238 0.02379135878408897 0.05800529616385035
5 0.6970395114886224 0.3564204798274274 0.038093937142711184 0.08048678078532437
5 0.745939789481756 0.7764178246805188 0.020814634042444595 0.059497358983058274
5 0.6929214629782668 0.20487021572573322 0.026140487659422434 0.08312169872882284