3 0.8368619312051285 0.2953025592748137 0.04518730616271932 0.058373518946074135
3 0.6383317897000721 0.5165106883517769 0.02357143462712861 0.07585342613970378
3 0.6669699008848443 0.713060281968925 0.04122222693221124 0.059885017223703776
3 0.5821715024509695 0.8931600492430363 0.057698415389834966 0.03554448287711125
3 0.3735984535407455 0.4917518020282217 0.04408254385424425 0.05333472684881485
3 0.2833682823627588 0.3409600478231107 0.051676196935603914 0.08193960486296305
3 0.5801365604865275 0.6288576102359622 0.019733336159326653 0.035737049847926035
0 0.5884016312390556 0.5217836265480732 0.031942860776277254 0.04620255501503721
2 0.5336587577458083 0.3212426274596659 0.04826985001696357 0.11011776980725926
2 0.3100381493356826 0.6585175392112588 0.03794286077627714 0.0464353075985927
2 0.5262841666153197 0.4708166111475549 0.08050159308814522 0.07473124235014818
3 0.3626603508339534 0.39960093090355503 0.048536513857636916 0.07515656190451864
2 0.5660429074051678 0.6010479702156288 0.02573333615932688 0.035969802431481526