3 0.33967658681002183 0.776760963363393 0.06258188145888892 0.04768514797189823
3 0.6491287821293773 0.8574048178914516 0.058861184559155615 0.06729685885543177
4 0.23786947775117767 0.20077224739955668 0.04814048765942221 0.08622906378514869
4 0.24428759629228874 0.24175940811240687 0.033977560850933404 0.07320338521084901
4 0.32042515756919976 0.4033059008684174 0.051256863951200105 0.09485361395583197
4 0.37380376462168846 0.8358634335943106 0.03781463404244448 0.061925007660649005
2 0.5075307323410887 0.3060837902860558 0.05411721240106669 0.08514483079318191
3 0.5439080852296441 0.847645943338257 0.0316749824923113 0.051342573985949116
3 0.2783731723421107 0.8759186334437247 0.04172153300902221 0.05564663011044899
2 0.4883154022508662 0.8239153243021222 0.06844306601804442 0.10983717603414826
2 0.7361283640747329 0.884744326802079 0.03618703817613323 0.08839752976908244