5 0.6576067892149332 0.201539499764082 0.015605484731120669 0.022685338605776907
5 0.6664752594219854 0.2949251846107641 0.03404933293610111 0.07550650013676857
5 0.500750578131942 0.4034947530157623 0.03365206047966842 0.025574411599375915
5 0.4597697302248862 0.5127420552615083 0.029490423953527967 0.05523485428633914
5 0.48320262378961776 0.4421152921487836 0.020838363473859544 0.03135822925214711
5 0.3476807145091204 0.41638520679468705 0.030071242216598192 0.04030276574894647
5 0.39039451526887925 0.009170957546914098 0.04721096946224145 0.018341915093828196
3 0.29773969760165764 0.09622531642185406 0.06733154461494063 0.1592784221442631
5 0.5832300474452214 0.32719454694253725 0.05544384820498021 0.0553338856474636
5 0.6986766528377548 0.19625512979718057 0.01860548473112067 0.022889072993599012
5 0.7654383338298738 0.03951066338422116 0.019791787725311677 0.02962365112287299
5 0.44167520013401407 0.5530632167924999 0.018884939222407183 0.03288907299359892
5 0.4444039430954231 0.6518563704148261 0.023698636228216174 0.02656196363996912