5 0.5230669582153401 0.6775 0.04740002964398559 0.12166666666666667
5 0.43689298845517444 0.6658333333333334 0.026769878444814366 0.06333333333333334
5 0.4662793062713582 0.5983333333333334 0.033956181439005376 0.07
5 0.8696040320273799 0.31833333333333336 0.023443848204980213 0.051666666666666666
5 0.9013108657082917 0.3825 0.038841120661412785 0.10166666666666667
5 0.3819260005958486 0.11 0.0261643937136937 0.041666666666666664
5 0.2136012748398268 0.39 0.020350696707884707 0.04833333333333333
5 0.27098759265601063 0.3225 0.025350696707884708 0.04833333333333333
5 0.46320392827343015 0.7441666666666666 0.036443848204980214 0.051666666666666666
5 0.47887514084604277 0.8275 0.025490423953527967 0.05333333333333334
5 0.5315491106062085 0.8391666666666666 0.0231643937136937 0.041666666666666664
5 0.5251860806642985 0.9058333333333334 0.039210969462241334 0.043333333333333335
5 0.4122671212572612 0.008333333333333333 0.03746575748547752 0.016666666666666666
5 0.6062450637568356 0.5816666666666667 0.03190960569045774 0.06833333333333333
5 0.8959479098763459 0.145 0.03253699970207572 0.055
5 0.9055848799344359 0.21166666666666667 0.06270139341576941 0.09666666666666666
5 0.9347383190078811 0.1525 0.037397272456432346 0.05
5 0.4338176845672105 0.5075 0.018117817965145947 0.04
5 0.48756557962156355 0.7133333333333334 0.018630151199171222 0.058333333333333334
5 0.6603629558319458 0.2375 0.01193151497095505 0.03333333333333333
5 0.965106715104969 0.5508333333333333 0.0381643937136937 0.041666666666666664
5 0.9746628668999888 0.6025 0.015583575450623357 0.056666666666666664
5 0.8739806996871277 0.5016666666666667 0.014838363473859544 0.03
5 0.885665624087542 0.5308333333333334 0.01855890898257303 0.02
5 0.5490435962311021 0.9825 0.02597809071950269 0.035
5 0.22167933591534386 0.4766666666666667 0.010605484731120725 0.021666666666666667
5 0.4355560776850557 0.35583333333333333 0.04014248443319639 0.07666666666666666
5 0.4642067595709475 0.36833333333333335 0.03704933293610088 0.07333333333333333
5 0.5647217017725977 0.8866666666666667 0.0166986362282164 0.025