3 0.32163130746305535 0.8083112168870483 0.03446851467303077 0.08926427012950512
3 0.271545123044807 0.3301585445919514 0.02474796916431717 0.09897335238070128
4 0.051565579621563544 0.7112532714293873 0.04412057515269916 0.11285942943676143
2 0.3176956567107706 0.9491445502203817 0.12128221167883964 0.0851285878774297
2 0.557450592953935 0.360975871867954 0.05437536317593526 0.08651277229377892
4 0.25015880522862316 0.3982258342021185 0.0411424844331965 0.07780124588700081
1 0.6567341091165871 0.5446024480596229 0.04653699970207572 0.05630912986961638
4 0.45554106137344136 0.12829899610914003 0.043235635930291894 0.08119276277009485
2 0.7250449748248786 0.9248041978440741 0.03651233323402539 0.019380637229026356
2 0.02157599318485217 0.3233230051951361 0.04315198636970434 0.08794670476140264
3 0.2056054106211566 0.27628890606304257 0.0371890601817442 0.07935154545414605