3 0.6513706742891905 0.5973263984299219 0.08735488761846819 0.10335389441968383
5 0.702393612244692 0.7329943038404921 0.03427925583092588 0.08065937636324823
5 0.47236128081698964 0.889945094292417 0.018139627915462826 0.0403490816040725
5 0.4260474513709402 0.8375135551029378 0.07531416280979158 0.09145450668363538
5 0.12798445533424616 0.4316552184595892 0.06147124421468737 0.136182998769357
3 0.17686328099944257 0.037663676426909896 0.04427343800111487 0.07532735285381979
5 0.2923422518676199 0.3259746971780394 0.03316871706451775 0.04897331627413299
5 0.47512923435203575 0.6699063074475201 0.021139627915462825 0.04040726187141786
5 0.08956623831534166 0.2657448952684131 0.048232713192438215 0.06759755094419347
5 0.5040471180071979 0.979324504774066 0.011075631787542421 0.021879994313599885
5 0.3396638079671593 0.8058577528113976 0.02012217442603014 0.03538786844896966