5 0.636973742197272 0.5274607953663587 0.050882427860567306 0.0963261360642654
5 0.4196012001797656 0.7759201886947109 0.04462038896415208 0.08741036905623219
5 0.5252669279048592 0.7071515853563388 0.039886680054189584 0.06368874660643238
5 0.7290580414287217 0.2819687702609198 0.04657223337849109 0.0543682525602488
5 0.28379594861922 0.9069617716314821 0.055362602261359146 0.048575236405631966
5 0.30792909416423875 0.8929168341264577 0.04730594228845382 0.07770158589358213
5 0.33938093857857793 0.8564286517218337 0.04551982559920816 0.05260451361446561
5 0.3255990740829545 0.8009268524045666 0.03241075784701991 0.07957883504016573
5 0.3592541713239925 0.8185568005270509 0.029729456716340336 0.05771802381526603
5 0.3606840640423124 0.7523837142168094 0.048882427860567304 0.09613199150603198
5 0.3873674912698031 0.7556446321535517 0.03525353450917078 0.07487005187751568
5 0.44321239402876506 0.7293267150501282 0.04193908783347251 0.0655495578313321
5 0.4328759956570475 0.6877003655621781 0.023257786702793055 0.042135590140566136
5 0.5088781217538586 0.6644410028764217 0.03831019448207598 0.04525834099398234
5 0.5030792484837464 0.7352175811093549 0.02499574780637772 0.033996401365466035
5 0.4918653651729919 0.7613824484587546 0.02510056336494381 0.03732973469879937
5 0.5289177729522749 0.7594574407981056 0.032257786702793056 0.043009240652615785
5 0.5494461029387275 0.7424189229366561 0.022257786702793055 0.04203851786144942
5 0.5528540439610282 0.6434546197890647 0.041205378923509894 0.042216224497998764
5 0.5330615489813493 0.6679446015109558 0.015890932247811632 0.02978941752008306
5 0.5639893156028579 0.614789752439665 0.037257786702793054 0.04349460204819896
5 0.579939033920386 0.5956880598342404 0.026257786702793055 0.04242680697791589
5 0.5733759956570474 0.6740617103462903 0.03162464115777425 0.05457883504016574
5 0.5493476656705948 0.6914399811846479 0.03157223337849109 0.052912168373499074
5 0.6073016361817452 0.6364975139105412 0.03641501004064207 0.04839752976908244
5 0.6128320922650089 0.6050332107629497 0.02194334002709479 0.03203851786144943
5 0.6250700533685937 0.5954864739406585 0.016838524468528702 0.028219823132532913
5 0.5861182089542545 0.6327026984386573 0.017624641157774477 0.053219823132532915
5 0.6607379071904984 0.5176310606675594 0.028729456716340338 0.05762095153614913
5 0.6745459755757632 0.5739661933181598 0.026519825599208163 0.05076014031124942
5 0.6874496644044416 0.5058434424647436 0.03425778670279306 0.043203385210849016
5 0.6938646744450837 0.5503580810691603 0.0324150100406423 0.04800924065261578
5 0.7265849360462714 0.47446055130007797 0.012681301130679458 0.022831534016066447
5 0.7038576054267421 0.4056171996886357 0.025624641157774478 0.05399640136546604
5 0.7193051976474591 0.40244591269566116 0.023677048937057407 0.05546892347389947
5 0.7278271493434784 0.4342178706022864 0.016943340027094564 0.03155315646586625
5 0.7433292754402896 0.4168313808030868 0.024362602261358914 0.045565995753015995
5 0.7370169548614024 0.391531945004895 0.02004815558566088 0.035177706636549524
5 0.766905761012403 0.4329320517167374 0.02104815558566088 0.03527477891566605
5 0.7465998187239493 0.3613460194075036 0.04109631117132176 0.07045248555221557
5 0.7439992553590054 0.3264916278261786 0.024415010040642074 0.04723266241968266