5 0.3832587831797486 0.6207984595330686 0.06367619693560392 0.08601848130523157
5 0.49467781121869925 0.36698953901598014 0.024873019237293646 0.04399640136546604
5 0.2669254215864815 0.28137933795678216 0.018873019237293648 0.04341396769076615
5 0.4493238666492469 0.6653220947238203 0.021838098467801957 0.04203851786144942
5 0.3709714727780391 0.5126025156575683 0.019838098467801955 0.04184437330321619
5 0.33929051777295 0.48311175631018405 0.013663494620343272 0.03292860629518297
5 0.42691907042885124 0.24163257049189496 0.019907940006785453 0.045177706636549526
5 0.2361206719949765 0.4371797954467479 0.012453970003392725 0.022831534016066447
5 0.2361619439220986 0.46306166491963957 0.01566349462034316 0.033122750853416205
5 0.20650639354753086 0.5302375722389221 0.023803177698310207 0.04056599575301599
5 0.2121698881678741 0.5614188775100055 0.018488890772884473 0.025080634357432813
5 0.2393222523661515 0.3508611007178314 0.016488890772884474 0.02488648979919958
5 0.1837571688966532 0.30531820659635484 0.010523811542376223 0.025970722791166356
5 0.19353972122887747 0.4613539034487635 0.009279366155933985 0.01420698384538317
5 0.1760794000678544 0.4171222627208546 0.012523811542376223 0.02616486734939959
5 0.1766888992508646 0.11144275676703816 0.015698415389834963 0.03478941752008292
5 0.13905563091537873 0.9217331959788949 0.012488890772884474 0.024498200682733114
5 0.11204452168826319 0.9477360169879359 0.009314286925425734 0.015873650512049836
5 0.13996357092216416 0.9650665293122282 0.009419049233900977 0.020873650512049834
5 0.24619369971025032 0.5831669561595981 0.015628573850851465 0.03145608418674972
5 0.3800333912661974 0.6820686181224268 0.019488890772884473 0.025177706636549526
5 0.37988895011874524 0.7229990237348767 0.014663494620343272 0.03302567857429949
5 0.3551968858865406 0.7162106279065678 0.015349207694917481 0.018122750853416202
5 0.3312667274255241 0.7218736959387003 0.010488890772884474 0.02430405612449969
5 0.35993022204586733 0.7508223387901012 0.010593653081359662 0.02930405612449969
5 0.24081751549161656 0.6613464621134145 0.02169841538983496 0.03537185119478276
5 0.24045244050009837 0.7156587371987562 0.010488890772884474 0.02430405612449969
5 0.23273180665603235 0.7297686487650227 0.012628573850851466 0.03116486734939959
5 0.23879689012553065 0.7801166207027728 0.020419049233900977 0.021941445582332714
5 0.23296038474587386 0.8124142571836976 0.013349207694917481 0.017928606295182968
5 0.2263968943645207 0.8339270964708474 0.020593653081359718 0.03027477891566605
5 0.22199054744588043 0.8627457911997639 0.010523811542376223 0.025970722791166356
5 0.23730483437130614 0.8762897070130143 0.012488890772884474 0.024498200682733114
5 0.2067746716712996 0.8299866725802885 0.014419049233900978 0.021359011907632824
5 0.2421429328391081 0.9159014178965479 0.016488890772884474 0.02488648979919958
5 0.08053817053063285 0.926578590973885 0.009244445386442236 0.012540317178716122
5 0.1026381747696229 0.9770400731124357 0.009453970003392726 0.022540317178716122
5 0.36807147701702925 0.5654908047740348 0.013453970003392669 0.02292860629518297