3 0.5788739681476975 0.7547794216817707 0.05827926528325816 0.045066085330693874
3 0.2846125072438138 0.7463362400131968 0.05340726187141797 0.06296268717000203
4 0.7736960614131212 0.26221927212726676 0.04953525845957802 0.08094663530811506
4 0.7574633403437394 0.29695014624148114 0.03145380608529422 0.06770773526295708
4 0.6606546346276382 0.42116872426010105 0.04657016661998523 0.08568459641169984
4 0.5375947028644396 0.7983606199327785 0.034383989764479796 0.05796977415937249
2 0.5081960614131212 0.28540971446001245 0.04952362240610887 0.0792799686414484
3 0.3819205123615739 0.7653199758797026 0.029314173443665253 0.047533042665346935
3 0.6171176246722071 0.8597062493617064 0.039337445550603437 0.051739838986731
2 0.43593796644177757 0.7581032757442288 0.06367489110120687 0.10216948349138609
2 0.1848390599872903 0.7941938634109678 0.05423342166772295 0.18129602050333535