3 0.5059996497008293 0.05693168268976299 0.09273307136855237 0.10767644328899337
5 0.20946985896881534 0.21302830216691016 0.0253258094971344 0.04739396103867572
5 0.21561530963717893 0.19202041818429463 0.0010232721069381796 0.00336242510821369
5 0.2250571293698335 0.20007737965626454 0.02223272106938168 0.033973352380701316
5 0.24114439977085164 0.18711191125817872 0.026383989764479792 0.05575638614688946
5 0.254830576626357 0.16005250563062717 0.020221085015912594 0.03224850216427389
5 0.38550953425844525 0.4170311787923125 0.02950035029917058 0.07251032813819715
5 0.29475143928710157 0.8862433757610109 0.02331417344366537 0.045669110822248435
5 0.3051683724761311 0.038612462774049214 0.017162904748567142 0.023827893506299488
5 0.31176692863144767 0.09590882034988667 0.02330253739019622 0.044002444155581674
5 0.321017103781033 0.05981366104263008 0.01315126869509811 0.02204485974011137
5 0.21959168723107012 0.266889505197333 0.02025599317631986 0.03724850216427389
5 0.23883022632718634 0.23217009480793943 0.030360717657541614 0.052539419913077555