5 0.39119492218372637 0.1490203428526236 0.016815407144579807 0.02379880173141913
5 0.3684624152891423 0.24095305324245653 0.03662095153614928 0.07598912034593232
5 0.5196864591566036 0.3821580367904598 0.033931893879519746 0.027626695237718574
5 0.5451094234337047 0.4996829108160971 0.03098027449397932 0.05751032813819715
5 0.5322303749698541 0.42423198830545145 0.02216486734939963 0.03394426060582096
5 0.6728177400210591 0.4258193826761425 0.03245608418674965 0.04256851168795796
5 0.2312916834126458 0.08430747532200486 0.029630814289159504 0.04748123636331682
3 0.770388911216861 0.12585036709073402 0.06983419950000871 0.1402242987005569
5 0.44783160099998276 0.2899761536744325 0.05798027449397944 0.05829580605996701
5 0.3511317474397513 0.1353421259699689 0.019873650512049836 0.025552743722726916
5 0.5580950958794852 0.5434380748851957 0.021164867349399628 0.03391516883094065
5 0.5396587371987561 0.6413350315953236 0.023931893879519522 0.027335777488915105