5 0.4123351919416143 0.3426032932830613 0.04530252715016968 0.09103491922691546
5 0.5917763469160204 0.03184492957575374 0.04027925583092565 0.06368985915150747
5 0.4986166899599613 0.12832467166658043 0.03619780621357245 0.06016126871486568
5 0.3527515001368397 0.610976166169618 0.042157081404895734 0.04907703572289885
5 0.6791134476813135 0.0002234671937175333 0.028226895362627145 0.0004469343874350666
5 0.6507967093203587 0.033637434884483695 0.04330252715016968 0.06727486976896739
5 0.6248112538948861 0.03213242574542925 0.03223853102224916 0.0642648514908585
5 0.5744596085550654 0.07594717845371589 0.038191988383761324 0.058688746606432286
5 0.589084691896001 0.11037296373985794 0.020139627915462824 0.04194144558233276
5 0.5187446822158023 0.16304989275091433 0.03613381008565193 0.041827935381532344
5 0.5169974244488367 0.09236216783625596 0.023104720936597233 0.03223266241968271
5 0.5244014302569561 0.06413412574288117 0.02411635659621925 0.03566306803213266
5 0.48945088181034907 0.0816983221786302 0.028127992255841037 0.03938469048193255
5 0.47152651359789144 0.10511228986939636 0.02013962791546294 0.04194144558233279
5 0.47936103881202136 0.2002175811093549 0.039127992255841036 0.040452485552215575
5 0.4952563178754242 0.1686644246434887 0.014093085276975217 0.028025678574299585
5 0.47246866866352405 0.23173042039650474 0.03612217442603003 0.03849460204819896
5 0.4590443004510665 0.25470756283124596 0.024127992255841037 0.03899640136546604
5 0.456279589194668 0.17911691019570428 0.02918035272413954 0.05448176276104921
5 0.4771952306624092 0.15291172566758818 0.028162899234706742 0.0493846904819326
5 0.4279395795144693 0.22771680348386178 0.03414544574527394 0.04496712415663239
5 0.4265501182808774 0.25952907856920343 0.020104720936597233 0.031941445582332806
5 0.4160995698342706 0.27471500416659483 0.015081449617353427 0.024789417520082964
5 0.4489279438548474 0.22234495228907908 0.015174534894328644 0.05145608418674954
5 0.3908933702397238 0.3613570139507358 0.02518035272413954 0.054093473644582654
5 0.3712188353453951 0.3132499233935102 0.02416289923470674 0.048996401365466034
5 0.3664631841974552 0.3837352847890934 0.03213381008565193 0.04143964626506583
5 0.35532064736708685 0.3439697465260431 0.030145445745273947 0.04457883504016583
5 0.33260862994272916 0.4287024089457258 0.011075631787542421 0.022734461736949735
5 0.3623093450712071 0.483338776711785 0.023174534894328646 0.052232662419682656
5 0.34834134313516735 0.4938644552860846 0.02118035272413954 0.053705184528116096
5 0.3362424400283811 0.46669598930215095 0.016098903106786223 0.02988648979919958
5 0.3233151629010181 0.48879126226400055 0.022139627915462937 0.042135590140566136
5 0.33239370360346593 0.5104176117519508 0.018116356596219133 0.03508063435743281
5 0.29928607375196326 0.4827876636294665 0.02011635659621902 0.03527477891566605
5 0.32650424236987413 0.5426667120933173 0.037215259703005356 0.06525834099398234
5 0.33361769005118774 0.5744872061395008 0.022139627915462937 0.042135590140566136