5 0.7695839791687151 0.627196001989998 0.08134124396028164 0.14196376075004005
5 0.5910415307914786 0.6785527761946842 0.056100165694238965 0.04873513044340446
3 0.3151604129821092 0.292450558581573 0.053748712735925776 0.1567289064637009
5 0.42491929015878555 0.6848260789875046 0.024855684428852557 0.03662987510257646
5 0.3999676715062331 0.7499590660799326 0.0587300407968155 0.11546970857267827
5 0.2037987510257642 0.6539332674277883 0.014507634469883214 0.06254951568056223
5 0.7667614071475437 0.5322299577213018 0.043466887592318926 0.0628522814295089
5 0.6915525682607058 0.6516937184713417 0.01665195004103066 0.027753250068384243
5 0.6333972152203314 0.7107344504964792 0.017774190673723753 0.03282116153099158
5 0.6060695387001442 0.7401359714494851 0.020733443796159462 0.03135822925214711
5 0.6161289575168187 0.7828581016193522 0.022140912571803482 0.048092807381420924
5 0.45611879307606823 0.547483133527551 0.01752970940833734 0.02282116153099158
5 0.434394685249464 0.5397765633069423 0.021611203163466142 0.02642614071475426
5 0.42364850248440566 0.5713908784602602 0.020896431306417072 0.03802489591881378