5 0.4093650649556888 0.43907248086766876 0.023915103245527234 0.07854665375973506
5 0.27536593798416537 0.703669525366174 0.020018671939110163 0.041850897944013546
5 0.2657012489742358 0.6694010466778157 0.024140912571803484 0.046889683476086554
5 0.26524029435212826 0.6268865021032883 0.02605941881667468 0.04357574290878991
3 0.4965747768710032 0.8200081818289308 0.0648115345519443 0.11560117574713218
5 0.7066927860331572 0.9604116929366622 0.025855684428852554 0.0352424095754562
5 0.18929295172739627 0.9103841183416951 0.04554838134744762 0.06375997418613678
5 0.31680992216683457 0.8291010144104867 0.01569269691859495 0.028478779078607203
5 0.3302988846976075 0.8092270673897239 0.011692696918594947 0.028439993546534197
5 0.3216341956876779 0.7749682850843838 0.019977925061545877 0.040184231277346875
5 0.15341689385976143 0.9458780782693894 0.017611203163466142 0.025164838511310562
5 0.15724116738060476 0.8917356525602683 0.013896431306417014 0.03679271964590422
5 0.13198564864599124 0.8814883947933029 0.016100165694239083 0.04514544574527387
5 0.21442190924421503 0.08709926692345306 0.01869269691859495 0.028507868227662006
5 0.25038460992327566 0.6617507527410327 0.022692696918595004 0.02854665375973506
5 0.24095506620917737 0.6383204555775167 0.019611203163466144 0.025184231277346876
5 0.2495959787809809 0.591726511783487 0.021774190673723753 0.03187029071005005