5 0.754280935586463 0.49833333333333335 0.08436149506440097 0.13
5 0.5925939911713443 0.6116666666666667 0.05245383168813351 0.043333333333333335
3 0.2932035233781127 0.3625 0.04850113558382668 0.14333333333333334
5 0.4414045161066796 0.6775 0.022331646233636093 0.03166666666666667
5 0.4266888584446226 0.7458333333333333 0.05309966909047762 0.105
5 0.2248197714315843 0.7333333333333333 0.0346632924672723 0.06333333333333334
5 0.7346711438978021 0.41333333333333333 0.04059347220755944 0.056666666666666664
5 0.6812398285736881 0.55 0.016261825973923352 0.025
5 0.6349543506519185 0.625 0.016314191168708022 0.03
5 0.6135703392234975 0.6616666666666666 0.01831419116870802 0.03
5 0.628195055327541 0.6975 0.01947128675306203 0.045
5 0.45282710389832925 0.5416666666666666 0.01720946077913868 0.02
5 0.43230964883340106 0.5433333333333333 0.020261825973923238 0.025
5 0.4259692750673008 0.5758333333333333 0.01834910129856439 0.03333333333333333