5 0.23881114329511974 0.9820425346305797 0.03751432755421956 0.03591493073884067
5 0.4540471818403214 0.6563622307304928 0.014164867349399628 0.03371152640677811
5 0.43724117087345604 0.6216719121159796 0.023048380614459688 0.030640019047367937
5 0.42432313797286003 0.5186918978304537 0.042339597451809596 0.039526096103428096
5 0.5968393318282631 0.82401569263356 0.01599013724698989 0.028769709956538728
5 0.5701838606565778 0.7990490021576833 0.03428135408433945 0.037626695237718576
5 0.33583160099998277 0.28671787488783196 0.026456084186749537 0.04239396103867572
5 0.5262954160150126 0.7802544181755072 0.026106623981929714 0.03239396103867572
5 0.49608170147585734 0.756852573154216 0.024339597451809594 0.03900244415558177
5 0.6601547389728428 0.8025005952302493 0.017757163777109782 0.02216122683963287
5 0.5117528999276497 0.9889956850618966 0.028223110716869542 0.022008629876206668
5 0.2556963219096139 0.4028402333302577 0.022931893879519747 0.027306685714034606
5 0.3654786091445453 0.5411712415540592 0.01975716377710978 0.022219410389393488
5 0.36022097879213966 0.4767863865757899 0.02187365051204972 0.02561092727248744
5 0.5799208323523712 0.634998702590538 0.0020582433674699134 0.001724850216427285