5 0.7753006183264907 0.4783224144291799 0.061447972895443397 0.13129153120424916
5 0.6139224593887787 0.37779678367318165 0.05514544574527372 0.0443338942551973
3 0.29841730828645197 0.6781454660689988 0.04752942251279694 0.15394593387868383
5 0.4512101086006787 0.32484389548777975 0.024116356596219135 0.03449721446287394
5 0.43445703300390215 0.2531440637643389 0.05438397676752311 0.1126187325414664
5 0.22355011828087742 0.2900431853615503 0.027221077532816253 0.06464269960406653
5 0.7686293257108096 0.5728285464252959 0.04120362404338357 0.0603216302629653
5 0.7091348101768784 0.43402308753541663 0.015087267447164323 0.0257274257059629
5 0.6588613721757636 0.3581145065552929 0.01710472093659723 0.030824415800091362
5 0.6357275620901116 0.32089655930443606 0.020104720936597004 0.03096990094128387
5 0.6500937520044597 0.28186004778867196 0.021162899234706857 0.047685062655014765
5 0.46571335087932636 0.46833163149554763 0.01707563178754242 0.02249108246675784
5 0.4442133508793263 0.46937427500742784 0.021081449617353427 0.024351729321681434
5 0.43659408536820177 0.43557132119374264 0.019127992255841036 0.0375880725608863