3 0.44626688727301483 0.0569959766284779 0.08702984883076488 0.10083522597304453
5 0.736531243896484 0.07104481602573255 0.023453831688133732 0.044002444155581674
5 0.7282057945457662 0.054625429445548976 0.0010349101298565983 0.00336242510821369
5 0.7205923366237327 0.06567695109048503 0.02134910129856439 0.03394426060582096
5 0.7041447018185173 0.06115696537601101 0.025523651947846473 0.050727294372009055
5 0.6888454350651918 0.04244122121998996 0.01931419116870802 0.030552743722726892
5 0.6003257088326102 0.3332619013055943 0.027715657662056855 0.06911881125510311
5 0.739706313509551 0.7224205649435956 0.023453831688133506 0.044002444155581584
5 0.21387161766258417 0.05375981428816221 0.029157095584353955 0.01584366147153053
5 0.6287207189611486 0.014343974895301278 0.02241892155827736 0.028687949790602556
5 0.733972681818781 0.12443633290882661 0.01936655636349269 0.03555274372272687
5 0.712217052727776 0.10174301862286125 0.028506196882918174 0.04914790302998348