5 0.5411104192495518 0.6962439150575218 0.0496485470416867 0.10878906333519164
5 0.39793722274126253 0.4564658206544679 0.025977925061545875 0.04024240957545658
5 0.29555610493189294 0.8597355718919456 0.027733443796159465 0.03026180234149327
5 0.5839219538014961 0.5816317703782522 0.025855684428852783 0.035242409575456574
5 0.46792705830051196 0.7030360790971889 0.025733443796159463 0.030242409575456576
5 0.44212315821845083 0.756131851046575 0.02152970940833734 0.021870290710050238
5 0.30232942257714024 0.5622307237004365 0.02777419067372375 0.031928469008159745
5 0.39066137512514787 0.9381761210447166 0.015529709408337339 0.021812112411940535
5 0.40760025480880124 0.9408409595560272 0.020611203163466145 0.025193927660365413
5 0.4457963547267401 0.9922204717111812 0.024488962530772825 0.015559056577637497
5 0.4663371016043046 0.9906798580237519 0.013570456285901741 0.018640283952496096
5 0.335568843900792 0.9209713051205366 0.013651950041030545 0.026792719645904222
5 0.48862062824758346 0.9407930332471728 0.019611203163466144 0.025184231277346876
5 0.5802640707902543 0.7107935888534097 0.015855684428852556 0.03514544574527387
5 0.6071418301575611 0.7160553911949027 0.020611203163466145 0.025193927660365222
5 0.5970620379021042 0.760134790414405 0.009611203163466144 0.02508726744716436
5 0.5964618722078651 0.8051396386059142 0.015448215653208535 0.018478779078607205
5 0.6211435316572331 0.7570341702735099 0.018448215653208536 0.018507868227662053
5 0.5386520391555928 0.9604493672562614 0.02189643130641707 0.036870290710050234
5 0.5739483047677707 0.9691269221867429 0.015448215653208535 0.018478779078607205
5 0.5810612094309088 0.9850329783927134 0.01952970940833734 0.021850897944013924
5 0.6152241969411664 0.9786959887486675 0.01177419067372375 0.03177332687986753
5 0.63547971567578 0.9888947646005418 0.008203734387822124 0.008410904397479347
5 0.7056019563084733 0.9845735114118198 0.014203734387821897 0.008469082695589047
5 0.502121456718779 0.7158706043113189 0.013570456285901741 0.0234593863125707