3 0.6707509924943807 0.5186118831103912 0.09192040386374196 0.11611203163466144
5 0.7426568478440035 0.41419901882623916 0.03948394844016434 0.08758063557907936
5 0.5513904654527075 0.15842232788650207 0.020698328677724476 0.041358229252147015
5 0.4983667189444143 0.18485697609961615 0.07871672466607242 0.10356251595409939
5 0.1442402914544903 0.426121919918347 0.06844415037203533 0.14448215653208515
3 0.11786419479602649 0.8473316021288072 0.05226956820260426 0.1333955731303676
5 0.2823014916024002 0.6040307694793168 0.03587291084715548 0.052376901191257354
5 0.5162096913805353 0.3671164501477039 0.022698328677724474 0.04149405217736179
5 0.07823794702597792 0.5651428753761136 0.0512511722142562 0.07506223979703426
5 0.5977725742940371 0.0823116770371662 0.013552843536531783 0.03254951568056223
5 0.4104685585432491 0.17304743405683595 0.0216401346212474 0.03809280738142102
5 0.004983858580226588 0.39974391409882915 0.009967717160453176 0.051086583401717574