3 0.3455714979936445 0.1549949739443843 0.05258188145888892 0.04267512463398731
3 0.19955986036446674 0.1513302009335737 0.052814634042444485 0.05934179130065398
1 0.4913516372032001 0.24946399015485554 0.026721533009022323 0.05217089565032704
1 0.2875598603644668 0.15303682210903946 0.028651707233955676 0.047209682495223955
4 0.4918828554998005 0.9317894493528193 0.05714048765942221 0.08275269832378133
4 0.6219921248626225 0.3336421050285996 0.07748961653475567 0.10814056677275072
1 0.5387377692392892 0.45699366412047937 0.07260599282653334 0.11637693299384182
4 0.5111779088748224 0.3089991318480432 0.049117212401066805 0.0809308842775268
4 0.46890982534908904 0.2531943048164315 0.033837909300799995 0.060639982940799655
4 0.44296717738568897 0.18520946925521967 0.04309393714271118 0.07914785707616928
4 0.7769634827947559 0.8715026348397497 0.05802411136764431 0.0744387584128962
2 0.2835303821873114 0.6161665245066638 0.0672568639512 0.09127996588159931
2 0.28626397088015587 0.7045289479736698 0.033373240242977775 0.09895392285168442