5 0.6186791630387558 0.43639413051701714 0.0721172124010668 0.08344314834155776
5 0.6280411837072003 0.5700911767033319 0.03762843197560005 0.04679431674137504
5 0.5861105914276225 0.5372452989168346 0.042768083525733344 0.0570367919766962
5 0.3382760265639781 0.7517397087703886 0.025581881458888803 0.0428790428432715
5 0.5200457823082894 0.9587536555282126 0.028442229908755508 0.03302452798446401
5 0.47352167094064485 0.8832137975534584 0.029581881458888914 0.04307302303152824
5 0.6652614625522891 0.516100655158438 0.032837909300799994 0.061551841506054264
5 0.7071795810934002 0.4764950279919994 0.0315818814588888 0.0431700131256567
5 0.704039093433978 0.3947313712312044 0.02553533094217778 0.039545709509938166
5 0.7414925429172669 0.3932166021627783 0.02886118455915562 0.0630245279844641
5 0.2679385353178226 0.7241783888092285 0.032884459817511126 0.06488517483938759
5 0.551701184133178 0.3273843716009791 0.0397215330090221 0.05355797350217017
5 0.1823508010939112 0.17706244180488812 0.026814634042444482 0.05959420455700235
5 0.22050459860108906 0.4045931017854682 0.027674982492311186 0.04964269960406654
5 0.5435532393910225 0.6026357643695421 0.024418954650399883 0.031163881129540605
5 0.6443308702727113 0.48427317336028863 0.03446550516711113 0.03498216493351606
5 0.3570149820663335 0.3046187516136602 0.019279303100266588 0.020921405894219636
5 0.779747734649889 0.34177457566494845 0.025605156717244427 0.04454570950993817
5 0.5656384652870671 0.9318177610264988 0.01325602784191119 0.01896376894516796
5 0.4614372811538892 0.6261349229867462 0.04688445981751124 0.06556410549828627
5 0.46328557391993364 0.5795894939377401 0.04483790930079999 0.06213378207082447
5 0.7232128217623557 0.3365346055058216 0.01541895465040011 0.030727425705962902