5 0.4341367251676221 0.26204991642391784 0.04641979075968891 0.10384894378455536
5 0.5512268998185332 0.5120602362618198 0.02351205568382238 0.03778205274914323
5 0.6666263417023777 0.1665856056290798 0.025418954650399884 0.031212376176604835
5 0.3887634849246443 0.3582494676864267 0.02344222990875562 0.03278205274914304
5 0.5010436241341998 0.27196575124388545 0.023395679392044486 0.029448719415809704
5 0.5276604184806222 0.22905995580088784 0.019279303100266588 0.020921405894219636
5 0.6438324745904219 0.4373308664015268 0.025418954650399884 0.031212376176604835
5 0.5848482927660444 0.07506051672275178 0.01325602784191119 0.018963768945167842
5 0.5694413937994666 0.06764217682659013 0.018325853616977836 0.02420624418048881
5 0.6339875262615333 0.10329435488576268 0.013349128875333464 0.025630435611834486
5 0.7924879443161779 0.07512323898857187 0.018116376291777668 0.00920624418048881
5 0.4961392334954889 0.04991112420070526 0.01734912887533335 0.02582441580009128
5 0.3994160282678888 0.24035258977667107 0.013442229908755508 0.032297102278501105
5 0.3755556798180221 0.22918870864713048 0.019302578358622213 0.022588072560886303
5 0.3865910107601999 0.19136457330797113 0.00934912887533335 0.0254364554235777
5 0.3896728922190888 0.14981914425896495 0.014209477325199941 0.01567893065889867
5 0.36461428601855544 0.18863101560589224 0.017232752583555565 0.017491082466757936
5 0.45139526133740004 0.029395513749483227 0.019209477325199942 0.015921405894219674
5 0.47078801434693324 0.2529866523084276 0.012302578358622213 0.022248607231436967