5 0.23112395042986605 0.1505872502502842 0.041253534509170776 0.07355797350217017
5 0.45413389018601336 0.43181385364564484 0.014995747806377722 0.032345597325565335
5 0.439454715152145 0.46865917051027833 0.022995747806377722 0.032733557702078996
5 0.43223163672623793 0.5709651903220215 0.042310194482075986 0.043654963596298633
5 0.5834752314792613 0.236112077767874 0.016943340027094564 0.030775920753027132
5 0.5594794836728836 0.26666335835206423 0.03425778670279306 0.0416003365531184
5 0.3574490815027063 0.8152160221687206 0.027362602261359142 0.0445942045570024
5 0.5180099397561473 0.2955326422792977 0.02710056336494381 0.03626087122366906
5 0.49054039583941106 0.3250808568654299 0.025310194482075984 0.04283054779620727
5 0.6458704159206953 0.24247635154271943 0.01873370890996239 0.024206244180488737
5 0.49490368882867836 0.09076870505757069 0.029205378923509898 0.03969119465113072
5 0.27522669380470743 0.7227606098349307 0.022890932247811635 0.029400224368745665
5 0.37438886006408706 0.5631524775922983 0.019733708909962615 0.02425473922755297
5 0.3723973644513314 0.6264858109256317 0.020786116689245546 0.025969900941283867
5 0.5760793563099191 0.4235393351972777 0.0020524077792829303 0.0017636567607950346