3 0.6383433318758719 0.9075 0.048494649480054705 0.028333333333333332
3 0.7774252724406422 0.9408333333333333 0.04681471679067863 0.04666666666666667
1 0.505762894356818 0.7883333333333333 0.0208147167906784 0.04666666666666667
1 0.6935906566158992 0.9216666666666666 0.024698328677724476 0.04
4 0.5579586988861546 0.14083333333333334 0.05022207518601772 0.07
4 0.387400684549553 0.6816666666666666 0.06754214249664142 0.08833333333333333
1 0.4766403143411228 0.5808333333333333 0.06271672466607242 0.09833333333333333
4 0.49120085282611214 0.7275 0.04219297815777918 0.06833333333333333
4 0.5277919913850566 0.79 0.02887291084715548 0.05
4 0.547499518056955 0.8591666666666666 0.03619297815777918 0.06833333333333333
4 0.28042960185791604 0.13916666666666666 0.0520474930165866 0.06
2 0.7329235896750503 0.4825 0.060309366270733335 0.075
2 0.7374541897490053 0.3983333333333333 0.026571239524879955 0.09