5 0.7711380182049422 0.8049063731424378 0.03748871424570143 0.07359167432731567
5 0.5420028023933651 0.5211084471685816 0.01323272106938157 0.03459527296184964
5 0.5572468092170452 0.48293716017560695 0.02220944896244373 0.032135590140566134
5 0.5655137378484928 0.3770635096635572 0.041279265283258156 0.04397996344378214
5 0.40835258459577894 0.7275465381826611 0.015197812908974356 0.02978941752008306
5 0.43314895366007 0.6959530645380786 0.03325599317631986 0.03987005187751568
5 0.6427857839083339 0.12189479961334276 0.02630253739019622 0.04585721259036594
5 0.4754569587778301 0.6643274926756213 0.025232721069381795 0.035760140311249224
5 0.5042591458688557 0.6331790632479055 0.02326762922978901 0.04056599575301599
5 0.34377113222149536 0.7221410335190177 0.017151268695098112 0.023316895411649437
5 0.4989463736218729 0.8755252358683886 0.02725599317631986 0.039287618202815795
5 0.7274955831699481 0.21540739483421173 0.022186176855505436 0.028802256807232803
5 0.6250951902227765 0.3829543757227839 0.019151268695097996 0.02351103996988286
5 0.6266355661107478 0.31692689783121725 0.02117454080203606 0.027038517861449427
5 0.41650280239336507 0.5332910181977197 0.0020116360534691465 0.0018608112249000896