3 0.4598034144679111 0.07109835425440075 0.08734996498462237 0.10083724071418729
5 0.7568736582976223 0.0975529061332008 0.022651707233955678 0.047733557702078905
5 0.7486292680848889 0.08044086650971434 0.0010465505167112496 0.0033818283803975172
5 0.7402805572642001 0.0916864077430933 0.020465505167111132 0.0343032342746172
5 0.7231990938599556 0.08667749020985127 0.0246982577506667 0.05116388112954065
5 0.7073965155013334 0.06576249677267959 0.019418954650399882 0.030921405894219683
5 0.6179464104552002 0.36029678367318163 0.027931010334222264 0.06797603293739997
5 0.762172124010667 0.763580219654791 0.022605156717244425 0.04440022436874566
5 0.22237282218833337 0.05175834707528121 0.029418954650399995 0.0314063563648616
5 0.6463495469299778 0.029529780453396624 0.0225818814588888 0.04273355770207893
5 0.6334189546504 0.0052255931738081456 0.013302578358622212 0.010451186347616291
5 0.7536417418233556 0.15274688632145758 0.020488780425466757 0.03596990094128387
5 0.7312809753188445 0.12798044402353648 0.028651707233955676 0.0480245279844641