5 0.65138419204926 0.756579479244089 0.015453970003392669 0.02283106038036029
5 0.6604635497272139 0.6640589238540471 0.03246667231865331 0.07240641367496702
5 0.49999052625093016 0.5821960174287439 0.03248889077288447 0.025817373255879943
5 0.460807978157696 0.48090152192252184 0.02808254385424425 0.05376257535131534
5 0.48322226932211176 0.5467713707233506 0.01959365308135966 0.029808232037345304
5 0.3514206847119467 0.5903901818609784 0.029803177698310264 0.04058449451314118
5 0.8108207016679069 0.7650702392122689 0.029942860776277256 0.04725116117980785
3 0.30045086860690345 0.906520357763471 0.06300318617629022 0.1479909081881082
5 0.5794397381848376 0.6453078367842032 0.05408254385424425 0.05578085778838442
5 0.6909365732034976 0.7560132424646956 0.017453970003392896 0.022986312875519464
5 0.7550270613035173 0.8987780413623411 0.01859365308135966 0.02973060578976591
5 0.44302226084413154 0.44472116813137463 0.01766349462034327 0.032986312875519466
5 0.4474968562136103 0.3475499308554407 0.02252381154237628 0.026707777446750736