5 0.455590246089614 0.6628626194859346 0.0522575452107892 0.04648368051889842
5 0.6293038986294446 0.8468218584490164 0.030071242216598192 0.039176994804864
5 0.6086751260240498 0.8699036939466237 0.032210969462241335 0.04423517835462462
5 0.5819888230298589 0.87734129264762 0.03139727245643235 0.05087275324641079
3 0.6864355025323564 0.44715030347118634 0.08130687814689008 0.12060249177400162
5 0.7556013489497909 0.06378176797401845 0.018257545210789202 0.04549456017296616
5 0.703818989051023 0.7547272506576302 0.01879178772531168 0.028856985281179845
5 0.690877898033596 0.7351199896185151 0.01755890898257303 0.020494560172966202
5 0.6702957011767492 0.7565351584494557 0.028024666468050328 0.03745214458843634
5 0.604429914047286 0.8966721818253715 0.02011781796514606 0.04055274372272682
5 0.5903477171904391 0.9178982541195899 0.018024666468050555 0.037161226839632494
5 0.5610805959331778 0.9104231281452271 0.02311781796514606 0.040640019047367935