3 0.6855195806674226 0.6291913233028698 0.01928013920955573 0.09306393912309924
3 0.6892930310026668 0.1467095810366175 0.03018703817613323 0.08725116117980784
4 0.39117379622924486 0.9139906117482516 0.042024111367644536 0.07651600948409623
4 0.41235958024144487 0.8898216474252907 0.03560515671724443 0.0460502519986187
4 0.48835790802286705 0.74043346678075 0.04597756085093329 0.07349318114108125
4 0.7121467584790891 0.5645566014944312 0.029721533009022097 0.05391782784647452
2 0.4126571419443336 0.48102255660647986 0.04104738662600005 0.07810504990318312
3 0.6970274558048002 0.30628263667492983 0.02462843197560005 0.04686302994190991
3 0.7455553296642449 0.6987780413623411 0.025837909300799992 0.0619406561894895
2 0.6917610444976446 0.3951205406175304 0.05332668972626675 0.09903656487413817
4 0.9365050166557336 0.3577687766271997 0.043303414467911125 0.09659363573167572
2 0.9672917768387334 0.03633529749478901 0.04848961653475544 0.07267059498957802
2 0.7195236933129999 0.011572833308419872 0.10304738662599994 0.023145666616839745
2 0.9237768626732671 0.7366660490836321 0.04300083610928891 0.07492696906500915