3 0.6252580969277014 0.12554158267803614 0.050223110716869544 0.03690081276570377
3 0.7641949221837263 0.10766887720762858 0.04980554439156958 0.05352868733511116
1 0.48779261656323747 0.2299063903774438 0.02468905765662953 0.049225551570296296
1 0.6814328270301114 0.11836922523151756 0.02745608418674965 0.042675261195407425
4 0.4946941899848839 0.8754286901749623 0.05462095153614928 0.07701718905748142
4 0.3642057180873284 0.322914171430518 0.07231987194578904 0.09767665471088899
1 0.44480341246683947 0.4313029058787771 0.06966933215060897 0.10756027841911116
4 0.469254098701788 0.2888797933155549 0.04656270816867925 0.0750401856127408
4 0.5092343731957675 0.2307390269530363 0.03192203112650941 0.05616376291777783
4 0.533534986210832 0.16405226747999924 0.04050446480120945 0.07314076636251855
4 0.22200466575295855 0.8485577248239997 0.054271491331329344 0.06701718905748143
2 0.6891148213855058 0.5558103403278879 0.06385392500602916 0.08403298459948151
2 0.6876735313282716 0.6399188188486656 0.03226162857831923 0.09445830415385179