3 0.6277006731062368 0.213618490224922 0.0526401346212474 0.0391884091140047
3 0.7729533483662094 0.20650785290609544 0.05196020193187087 0.057473247400273805
1 0.48850468885702475 0.31011402192220405 0.02587291084715548 0.05121237617660483
1 0.6855988335074019 0.21059786962131186 0.027756522734201552 0.044642699604066534
4 0.5308180823218622 0.9751418772934644 0.055280269242494566 0.04971624541307127
4 0.36311957392426236 0.39645515094505157 0.0747749187225495 0.10520680510235271
1 0.4542000114433163 0.5199378768004315 0.06992040386374208 0.11329766320036508
4 0.47206673038773056 0.3700986919319141 0.04733846329897176 0.0788974388316196
4 0.5110483343993825 0.31370516048114844 0.03201839598834817 0.05983667979232336
4 0.5333262592133649 0.24484479408715695 0.041338463298971874 0.0786064685492344
4 0.24214885067237635 0.9359598806365076 0.05616388112954064 0.0693338942551971
2 0.7186587103294708 0.6734769124645834 0.06548394844016434 0.08810368301210852
2 0.7216863043119929 0.7610496550351796 0.031687627637833886 0.09812151807859247