3 0.6706595399536327 0.521823821501139 0.08520033138847816 0.0972497428008207
5 0.7322155557709634 0.6417140630210426 0.03291510324552746 0.08104106859629041
5 0.520840326374524 0.849747530229604 0.016896431306417072 0.03806420744754784
5 0.4702605341190672 0.8099045053537883 0.07299659700065615 0.0878682538818265
5 0.14212219607541215 0.4844783144886744 0.05813750957245963 0.13313737976761217
3 0.1522724891740519 0.062195484094934674 0.042096762694895234 0.12439096818986935
5 0.2934643130641703 0.34181664465662465 0.03205941881667468 0.04604106859629042
5 0.5040432322911508 0.6340853459991956 0.019855684428852556 0.0366595796772962
5 0.08877161614557534 0.3313019562795253 0.046507634469883215 0.06559725011289477
5 0.5600406577630022 0.9365157171738165 0.010733443796159464 0.030873462988050732
5 0.3833326919046409 0.7999599602004268 0.01877419067372375 0.03323890004515798