2 0.38538811093750003 0.5452763796875 0.3857237328125 0.5645042203124999 0.41636946874999997 0.6673504265625 0.43112597187499996 0.6863265484375 0.46245511875 0.6905881234375 0.4861962484375 0.6733442328125 0.490667584375 0.6540324859375 0.4599379453125 0.5463793203125 0.4329123234375 0.5131920812499999 0.41132295625 0.5159731375 0.38538811093750003 0.5452763796875
2 0.2906753078125 0.6286728171875 0.278951578125 0.6457069421875 0.294840809375 0.7295770265625 0.293234434375 0.7752851 0.322285959375 0.786799065625 0.3631451203125 0.7860858656249999 0.3770206125 0.7545889078125 0.36859353906250003 0.6850138453125 0.348442734375 0.6324729078125 0.3338120890625 0.6207072234375001 0.2906753078125 0.6286728171875
2 0.1871037375 0.75549970625 0.175338053125 0.7701303515625 0.1757575828125 0.7941651515625 0.1880267 0.8083762671875 0.25839886875 0.8456153125 0.30895585468750003 0.8495412640625 0.342478715625 0.8417434828125 0.32958030625 0.7914801671875 0.317353140625 0.7796725312499999 0.211012678125 0.7478697375000001 0.1871037375 0.75549970625
2 0.22424125468749997 0.40383646874999996 0.175710171875 0.37823724531249997 0.12034622343750001 0.374395203125 0.11579098125000001 0.388899990625 0.130883109375 0.4271039515625 0.23823044062499998 0.5165902671875 0.2982335359375 0.510734484375 0.30519225781250003 0.49618774375 0.2976042421875 0.47468228437500004 0.22424125468749997 0.40383646874999996
2 0.2734679125 0.1938107421875 0.10906635312499999 0.1413834984375 0.0826280734375 0.1418449796875 0.056735179687500005 0.17355170312499998 0.0666427703125 0.1902082515625 0.1126445140625 0.20863898593750002 0.23572543124999998 0.23534115 0.2885600390625 0.2320147046875 0.2957285265625 0.22948536718749998 0.2929474703125 0.207896 0.2734679125 0.1938107421875
2 0.3406394953125 0.1854256203125 0.31643688281250004 0.1762312296875 0.2950572796875 0.1910296859375 0.2928635640625 0.20308903906250003 0.30757811562500004 0.21966168125 0.3634874484375 0.2547489671875 0.423784215625 0.26571754375 0.42829750468750005 0.2488092765625 0.4087340421875 0.229917059375 0.3406394953125 0.1854256203125
2 0.1043135109375 0.00683056875 0.171988528125 0.027287209375 0.2608333828125 0.0209279921875 0.2725571140625 0.0038938656250000004 0.1043135109375 0.00683056875
2 0.9625765656249999 0.8309196343749999 0.933525040625 0.81940566875 0.86829545625 0.80131055625 0.7959393375 0.7881482640625 0.7455501640625 0.793836234375 0.740827109375 0.7987271 0.74580188125 0.8082571140624999 0.80643426875 0.8384535328125 0.8691345140625 0.8493801578125 0.91509430625 0.8654074125 0.9559534671875 0.8646942125000001 0.965399575 0.8549124812500001 0.9650639515625 0.835684640625 0.9625765656249999 0.8309196343749999
2 0.978352103125 0.7705389625 0.84801879375 0.7415591781249999 0.7975876671875 0.7448436703125 0.7928646125000001 0.7497345359375001 0.7930324234375 0.7593484562499999 0.8003687218750001 0.7664330374999999 0.8222098062500001 0.7780728625 0.8898428703124999 0.7961260203125 0.901860271875 0.7959162562500001 0.9550724562499999 0.8142211328125001 0.9862757437499999 0.811272265625 0.998083378125 0.7990451000000001 0.9978316609375 0.7846242203125 0.978352103125 0.7705389625
2 0.688118359375 0.809263984375 0.6977322796875 0.8090961734375 0.702455334375 0.8042053062500001 0.7120692531249999 0.8040374953124999 0.7120273015625 0.8016340140624999 0.7216412203125 0.8014662031249999 0.72159926875 0.7990627234375001 0.733574715625 0.796449478125 0.7333229984375 0.7820285984375 0.73091951875 0.7820705515624999 0.7283062734375 0.770095103125 0.721011928125 0.765414003125 0.7089945281250001 0.7656237671875 0.70903648125 0.7680272484375 0.6946156015625 0.768278965625 0.6946575546875 0.77068244375 0.6610927390625 0.7760767453125 0.6611346921875 0.778480225 0.649117290625 0.778689990625 0.64915924375 0.7810934703125 0.6347383640625 0.7813451890625001 0.6347803171875 0.7837486671875 0.6275698765625 0.7838745265625 0.6085518015625 0.79622755 0.603744840625 0.79631145625 0.60378679375 0.7987149359375 0.598979834375 0.7987988406250001 0.596660259375 0.803647753125 0.5870463390625 0.803815565625 0.5799198062500001 0.8087483843750001 0.5800456640625 0.815958825 0.5849365296875 0.8206818796875 0.63785504375 0.8221623953125 0.637813090625 0.819758915625 0.6594444109375 0.8193813390625 0.6594024578125001 0.8169778593749999 0.680991825 0.814196803125 0.688118359375 0.809263984375
4 0.588946384375 0.774931853125 0.5888205265625001 0.7677214125 0.5912240062499999 0.767679459375 0.592746475 0.7171644265625 0.5805193109375 0.705356790625 0.5708634375 0.703121121875 0.570821484375 0.7007176421875 0.558804084375 0.70092740625 0.55876213125 0.6985239265625001 0.4842122984375 0.6974209859375 0.4842542515625 0.6998244671875 0.47704381093750003 0.699950325 0.46515226875 0.7073705296874999 0.460638978125 0.7242787953125001 0.45823549999999996 0.7243207484374999 0.4584872171875 0.738741628125 0.4560837359375 0.73878358125 0.4567969359375 0.7796427421875001 0.45920041562499997 0.7796007890625 0.46177170624999997 0.7891727578125 0.46657866718749996 0.7890888515625 0.469066053125 0.7938538578125 0.49310085312499996 0.7934343296875 0.49314280625 0.795837809375 0.5652052546874999 0.7921757421875 0.5651633015625 0.7897722609375 0.581945709375 0.7870751125 0.588946384375 0.774931853125
2 0.33425594687500004 0.37066139531250003 0.3390209546875 0.368174009375 0.3388950953125 0.36096356875 0.34602163125 0.35603075 0.350367109375 0.3295085640625 0.357451690625 0.322172265625 0.3572419265625 0.310154865625 0.3596454046875 0.3101129125 0.35694825625000004 0.2933305046875 0.34733433593749996 0.293498315625 0.3450147609375 0.2983472296875 0.33544279375 0.300918521875 0.33076169218749996 0.3082128671875 0.3235512515625 0.308338725 0.31410514375 0.3181204578125 0.309298184375 0.31820436406249997 0.3022555546875 0.3279441421875 0.2974485953125 0.3280280484375 0.295170975 0.335280440625 0.2833213859375 0.345104125 0.28340529062500003 0.3499110859375 0.2739172296875 0.3572893375 0.2740011359375 0.362096296875 0.25742849218749997 0.376810846875 0.25287325 0.391315634375 0.2504697703125 0.3913575875 0.2506375828125 0.40097150781249996 0.2604193140625 0.410417615625 0.2700751859375 0.412653284375 0.2701171390625 0.41505676406249997 0.29891694687500003 0.41214985000000004 0.3271713671875 0.37799769375 0.33433985312500003 0.3754683546875 0.33425594687500004 0.37066139531250003
2 0.1507700296875 0.6022643249999999 0.11935697812499999 0.5931957921875 0.10021304375 0.598338375 0.10282628906249999 0.6103138234375 0.13697844374999998 0.63856824375 0.21464495625 0.680488390625 0.2386378046875 0.67766538125 0.252681109375 0.65578234375 0.23071416562499997 0.6369320796875 0.1507700296875 0.6022643249999999
2 0.085924728125 0.05523579375 0.06947794375 0.077160784375 0.07457857500000001 0.0939012375 0.1590779515625 0.11406420625 0.2335858328125 0.1127636671875 0.2332921625 0.09593930625 0.1486249734375 0.0661624171875 0.085924728125 0.05523579375
2 0.37898148125 0.0405036203125 0.3408614234375 0.06040270625000001 0.3125650515625 0.09215138125 0.31285872187499997 0.10897574218749999 0.3251278390625 0.12318685781250001 0.35877655937499997 0.12259951718749999 0.3870309796875 0.0884473609375 0.4006547546875 0.0425295234375 0.37898148125 0.0405036203125
2 0.45830178125 0.4526435984375 0.4196363359375 0.4412974453125 0.37464146249999997 0.4805502296875 0.35359748281250003 0.514576528125 0.34933590937500003 0.5459056734375001 0.37821962343750004 0.5478057187500001 0.4563597828125 0.47912383125 0.46336045937500003 0.46698057187500003 0.45830178125 0.4526435984375
2 0.52645044375 0.36249820312500003 0.45290748125 0.419078784375 0.46521855 0.43569337968750005 0.501186846875 0.43025712499999996 0.584050059375 0.3566843734375 0.5598474484375 0.3474899828125 0.52645044375 0.36249820312500003
2 0.7158097671875 0.4673824796875 0.7013049828125 0.46282723593749997 0.62704881875 0.47854865625 0.5149662671875 0.5309935234375 0.525125575 0.5620709515625 0.542117746875 0.5713912015625 0.5661105953125001 0.56856819375 0.663898125 0.5235854828125001 0.7160195328125 0.479399878125 0.7158097671875 0.4673824796875
2 0.614126078125 0.7023659703125 0.6069156375 0.702491828125 0.606873684375 0.7000883484375 0.60447020625 0.7001303015625 0.6043443468749999 0.6929198624999999 0.601940865625 0.6929618140625 0.5968821890625 0.6786248390625 0.5944787078125 0.6786667921875 0.5918235109375 0.664287865625 0.58942003125 0.6643298171875001 0.58925221875 0.6547158984375 0.586848740625 0.6547578515625 0.586764834375 0.649950890625 0.584361353125 0.64999284375 0.5842774484375 0.645185884375 0.5794285343750001 0.642866309375 0.5793446296875 0.6380593484375 0.574495715625 0.635739775 0.5744537625 0.6333362953125 0.569646803125 0.6334202 0.5696048499999999 0.631016721875 0.564797890625 0.6311006265625 0.5647559375 0.628697146875 0.557545496875 0.6288230046875001 0.55758745 0.6312264859375001 0.5527804890625 0.6313103921875001 0.5528224421875 0.6337138703125 0.545612003125 0.6338397296875 0.54565395625 0.6362432109375 0.543250475 0.6362851625 0.54350219375 0.65070604375 0.5459056734375001 0.6506640906250001 0.5459895796875001 0.6554710499999999 0.5557293578125 0.6625136796875 0.5583426015625 0.674489125 0.5631915140625 0.6768087 0.5657208546875 0.6839771859375 0.568124334375 0.683935234375 0.568208240625 0.6887421953125 0.5754606328125 0.691019815625 0.57794801875 0.6957848234374999 0.5803514984375 0.6957428703125 0.5805193109375 0.705356790625 0.58781365625 0.710037890625 0.5878975625 0.7148448515625 0.592746475 0.7171644265625 0.592788428125 0.71956790625 0.5975953875 0.7194840015625 0.597637340625 0.7218874796875 0.6024443015625 0.721803575 0.6024862546875001 0.7242070546875 0.6121001734375 0.72403924375 0.616781275 0.716744896875 0.6191847562499999 0.71670294375 0.619058896875 0.709492503125 0.614209984375 0.7071729296875 0.614126078125 0.7023659703125
2 0.56000309375 0.4941442171875 0.5671296296875 0.48921139843750006 0.5670457234375 0.4844044390625 0.5741722578124999 0.47947162031249996 0.5763240203125 0.46500878593749995 0.5787275015625 0.4649668328125 0.5785596890625 0.4553529125 0.5928127578125 0.4454872765625 0.5950484265625 0.435831403125 0.59745190625 0.43578944999999997 0.5972421421874999 0.42377205 0.5948386625000001 0.42381400312500006 0.594796709375 0.4214105234375 0.5708038609375 0.42423353124999996 0.566122759375 0.431527878125 0.5613158 0.431611784375 0.5566346984375 0.4389061296875 0.5542312171875 0.43894808281250003 0.5542731703125 0.44135156249999996 0.5494662109374999 0.44143546875000006 0.5471466375 0.44628438125000003 0.5423396765625 0.4463682875 0.540020103125 0.4512172 0.5352131421874999 0.45130110468750007 0.532935521875 0.45855349843750004 0.523447459375 0.46593175000000003 0.523531365625 0.4707387109375 0.514043303125 0.4781169625 0.514127209375 0.482923921875 0.509362203125 0.48541130781249997 0.504806959375 0.49991609375 0.50240348125 0.49995804687499995 0.5025293390625001 0.5071684875 0.5073782515625 0.5094880609375 0.5074202046875 0.5118915421875 0.5122271656249999 0.5118076359375 0.51226911875 0.514211115625 0.517076078125 0.514127209375 0.51711803125 0.516530690625 0.5387493515624999 0.5161531140625 0.5387073984375 0.5137496328125 0.5459178375 0.513623775 0.5576835203125 0.4989931296875 0.560087 0.498951178125 0.56000309375 0.4941442171875
2 0.744106140625 0.4356338046875 0.7413670375 0.41644791562499994 0.7317111640625 0.41421224843750004 0.7316692109375 0.41180876718750004 0.66201024375 0.41542888125 0.662052196875 0.4178323609375 0.616428028125 0.42103294687500004 0.611704975 0.42592381250000005 0.59728409375 0.4261755296875 0.5925610406249999 0.4310663953125 0.5927288515625 0.440680315625 0.6000651515625 0.44776489843749995 0.619292990625 0.447429275 0.61933494375 0.44983275312500004 0.6361593046875 0.449539084375 0.6362012578125 0.4519425640625 0.705860225 0.44832245000000004 0.705818271875 0.44591897031250005 0.737021559375 0.44297010156249994 0.744106140625 0.4356338046875
2 0.7643706390625 0.632425496875 0.7664384953125001 0.6131557015625 0.77339721875 0.5986089640625 0.7732294078125 0.58899504375 0.7801881296875 0.5744483046875 0.7800203171875 0.5648343859375 0.758263140625 0.5580015203124999 0.724572465625 0.5561853812499999 0.7152102625000001 0.5707740734375 0.7153780750000001 0.5803879937499999 0.7106969734375 0.5876823390625 0.7108647859375 0.597296259375 0.6971990578125 0.6408106171875 0.687836853125 0.655399309375 0.685936809375 0.684283021875 0.6909954859375 0.698619996875 0.6958444 0.700939571875 0.6960541640625 0.7129569703125 0.7057939421875 0.7199996 0.720214821875 0.7197478828125 0.724770065625 0.7052430968750001 0.736703559375 0.700226371875 0.74614966875 0.690444640625 0.7575377750000001 0.654182675 0.7573699640625 0.6445687546875 0.7643706390625 0.632425496875
2 0.80029698125 0.6245857625 0.7978935 0.624627715625 0.7976417828125 0.6102068359375 0.7952383046875 0.6102487875 0.7951543984375 0.605441828125 0.7927509171875 0.60548378125 0.7926670125 0.600676821875 0.7902635328125001 0.6007187734375 0.7901796265625001 0.5959118140624999 0.7877761453125001 0.5959537671875 0.7876502875 0.5887433265625 0.782801375 0.5864237515624999 0.782759421875 0.5840202718749999 0.7755489812499999 0.58414613125 0.775590934375 0.586549609375 0.7707839734374999 0.586633515625 0.7709098328125 0.59384395625 0.768506353125 0.593885909375 0.7687580703125 0.6083067890625 0.766354590625 0.6083487421875 0.766816071875 0.6347870234374999 0.7644125921875 0.634828975 0.7650838390625 0.67328465625 0.7699327515625 0.6756042296875 0.7699747046875001 0.6780077109375 0.7988164640625001 0.6775042765625 0.7987745109375 0.6751007953125 0.8035814718750001 0.6750168890625 0.8031199890625 0.648578609375 0.8007165109375001 0.6486205625 0.80029698125 0.6245857625
4 0.588119490625 0.5898219359375 0.5999271265624999 0.5775947734375 0.59495235625 0.5680647578125 0.5901453953125 0.5681486640625 0.5828090968749999 0.5610640828125 0.5540931953125 0.5687779578125001 0.5541351484375 0.5711814375 0.537352740625 0.5738785875 0.5160989953125 0.595887484375 0.5041655031250001 0.600904209375 0.48999633906250006 0.61557680625 0.485189378125 0.6156607125 0.48291175781250006 0.6229131046874999 0.5098115203125 0.648889903125 0.517021959375 0.64876404375 0.5287876421875 0.6341334 0.5407211375000001 0.629116675 0.5525287718749999 0.6168895109375 0.5621007390625 0.61431821875 0.5644203140624999 0.6094693062500001 0.569227275 0.6093854015625 0.5833964375 0.594712803125 0.588203396875 0.5946288984375 0.588119490625 0.5898219359375
2 0.8014540390624999 0.41539909374999995 0.750897053125 0.41147314375 0.7511907234375 0.42829750468750005 0.7758548171874999 0.4639301765625 0.8194950343749999 0.48480634375 0.861025440625 0.522548825 0.9044139390625 0.5290041125 0.9257515890624999 0.5118021765625 0.920567053125 0.49025476250000005 0.8014540390624999 0.41539909374999995
2 1 0.7124600015625 0.99416959375 0.712561771875 0.9941276421874999 0.7101582921875 0.9869172015625001 0.71028415 0.9868752484375 0.7078806703125 0.9820682875 0.707964575 0.982026334375 0.705561096875 0.967563503125 0.7034093328125001 0.9675215500000001 0.7010058531250001 0.9555041484375 0.7012156187499999 0.9554621953125 0.6988121375 0.9530587171875 0.698854090625 0.9531006703125 0.7012575703125 0.9290658687500001 0.7016771 0.9267462953125 0.7065260125 0.9243428140625 0.706567965625 0.92459453125 0.7209888453125 0.9269980125 0.7209468921875 0.9270819187500001 0.725753853125 0.9319308312500001 0.728073428125 0.931972784375 0.7304769062500001 0.94162865625 0.7327125765625 0.9416706093749999 0.7351160546875 0.94647756875 0.73503215 0.94896495625 0.7397971562500001 0.9513684359375001 0.739755203125 0.9514103875 0.742158684375 0.9562173484375001 0.742074778125 0.9562593015624999 0.744478259375 0.9586627812499999 0.74443630625 0.9587047343749999 0.7468397859375 0.9683606078125001 0.7490754546875 0.9684025609375 0.751478934375 0.9732095203125001 0.7513950281249999 0.9732514734375 0.7537985093749999 0.9780584328125 0.7537146031249999 0.9781003859374999 0.7561180828125 0.9853108265625 0.7559922234374999 0.9853527796874999 0.7583957046875 0.99256321875 0.7582698453125001 0.992605171875 0.760673325 0.9998156125 0.760547465625 0.999857565625 0.762950946875 1 0.7629484609375 1 0.7124600015625
2 1 0.635038553125 0.9903816687500001 0.633288884375 0.9878942828125 0.6285238765625001 0.9830873234374999 0.6286077828125001 0.9805999359375001 0.623842775 0.9709440640624999 0.62160710625 0.9709021109375 0.6192036265625 0.9371694843749999 0.61498400625 0.93712753125 0.6125805265625 0.9323205703124999 0.6126644328124999 0.9322786187500001 0.6102609515624999 0.9274716578125 0.6103448578124999 0.9274297046875001 0.607941378125 0.9226227453125 0.608025284375 0.9225807921875001 0.605621803125 0.9177738328125 0.605705709375 0.9130927312500001 0.61300005625 0.9106892515625 0.613042009375 0.9108570640625 0.622655928125 0.9157059765625 0.624975503125 0.9157898828125 0.6297824640624999 0.9205968421874999 0.6296985578125 0.9279750921875 0.6391866187499999 0.9303785734375 0.639144665625 0.9304624796875001 0.6439516265624999 0.9377568249999999 0.6486327281250001 0.9378407296875 0.6534396874999999 0.9426476921875 0.6533557812499999 0.9475805109375001 0.6604823171875001 0.9620852953125001 0.665037559375 0.9621272484375 0.6674410375 0.966934209375 0.6673571328125 0.9669761625 0.6697606125 0.9717831218749999 0.6696767078125 0.9718250749999999 0.6720801859375001 0.9766320343749999 0.67199628125 0.9766739875000001 0.6743997609375 0.9814809468749999 0.67431585625 0.9815229000000001 0.676719334375 0.9863298609375001 0.6766354296875 0.9888172468749999 0.6814004375 0.99362420625 0.68131653125 0.9936661593749999 0.6837200109375 0.9984731203124999 0.6836361046875 0.9985150718750001 0.6860395859375 1 0.686013665625 1 0.635038553125
2 1 0.4956365765625 0.9991686953125001 0.44801115625000004 0.967713690625 0.43653914374999997 0.9438467015625 0.44657259375 0.958896875 0.4823730765625 0.9882840234374999 0.51311488125 1 0.5129103781250001 1 0.4956365765625