2 0.39280475937500003 0.5607866453125 0.39581311406249997 0.5797806515625 0.44047403437500005 0.6773609046875 0.45772789375 0.6940986437500001 0.48934524375 0.6939585703125 0.5104554390625 0.6735783703125 0.5121955859375 0.6538322734375 0.46678257968750003 0.5515035203124999 0.4354011984375 0.522400496875 0.4144089859375 0.528159146875 0.39280475937500003 0.5607866453125
2 0.3106202359375 0.6565529484375 0.3013812921875 0.6750529265625 0.32878835156249997 0.7558954390625 0.33355894375 0.8013822484374999 0.363930175 0.8087409703124999 0.4042924390625 0.8023482156249999 0.4136493671875 0.7692266890624999 0.395621328125 0.7015015484375 0.3683543453125 0.652276384375 0.3522286171875 0.642661396875 0.3106202359375 0.6565529484375
2 0.2257075078125 0.7965599437499999 0.2160925203125 0.8126856703125 0.2198529640625 0.8364281796874999 0.23398048437500002 0.8487934625 0.30885046875 0.8758761875 0.359461825 0.8727277578124999 0.39157320156250003 0.8603403843749999 0.3718050171875 0.8123613390625 0.358053540625 0.8023703062499999 0.2483218828125 0.785676746875 0.2257075078125 0.7965599437499999
2 0.2135415421875 0.44315052499999996 0.1619200375 0.42455465312499996 0.1065601796875 0.42845517343750006 0.10406794374999999 0.44345276875 0.1243301609375 0.4791845140625 0.2430868828125 0.5528600921875 0.3016910640625 0.53871048125 0.30655755 0.5233368421875 0.2960503984375 0.50309671875 0.2135415421875 0.44315052499999996
2 0.23305919843749998 0.228317728125 0.062961121875 0.1992809765625 0.0368443625 0.203417465625 0.01561618125 0.23841921406250002 0.0277454953125 0.25353479375 0.07586461562499999 0.26538395625 0.201463940625 0.274696703125 0.2533214140625 0.264049475 0.260068121875 0.2605470921875 0.25430947187499997 0.239554878125 0.23305919843749998 0.228317728125
2 0.2984100890625 0.21066573281249998 0.273163403125 0.2049291734375 0.2540514109375 0.22255907812500003 0.2535573828125 0.2348063765625 0.2704351984375 0.24916986562500001 0.3306836328125 0.2761346078125 0.391920125 0.2786047515625 0.3940363171875 0.26123290625 0.3720339546875 0.24524725468750003 0.2984100890625 0.21066573281249998
2 0.0395283859375 0.0666989765625 0.10939180781249999 0.077537990625 0.1964869984375 0.058875846875000006 0.20572594375 0.04037586875 0.0395283859375 0.0666989765625
2 1 0.7623202859375 0.9737586828125 0.755962209375 0.9066455546875 0.747121403125 0.8331617640625 0.7441572296875 0.7840545859375 0.7568026625 0.7800581734375001 0.762303253125 0.786310853125 0.7710481671875 0.8505556999999999 0.7925123187499999 0.9141664421875 0.79460641875 0.9619095203124999 0.8040813296874999 1 0.798048390625 1 0.7623202859375
2 1 0.700432053125 0.8782504390625 0.6907734859375 0.8287672171875 0.7010446703125 0.824770803125 0.706545259375 0.8262749812499999 0.7160422625 0.834525865625 0.7220368828125 0.8577743453125001 0.7305237375 0.9272617234375 0.7389885015625001 0.9391329781250001 0.7371082796875 0.9943748515624999 0.7478293093749999 1 0.74648934375 1 0.700432053125
2 0.7293288328124999 0.7800732328125 0.7388258359375001 0.7785690562500001 0.7428222484375 0.773068465625 0.7523192515625 0.7715642875000001 0.75194320625 0.7691900359375 0.761440209375 0.767685859375 0.761064165625 0.765311609375 0.7725593765625 0.761057134375 0.770303109375 0.74681163125 0.767928859375 0.7471876749999999 0.7636743859374999 0.7356924640625 0.75579954375 0.732072096875 0.743928290625 0.73395231875 0.7443043359375 0.7363265703125 0.73005883125 0.7385828359375 0.730434875 0.7409570859375 0.6979474515625 0.7509702093749999 0.698323496875 0.7533444609375 0.6864522421875 0.7552246828125 0.6868282859375 0.757598934375 0.67258278125 0.7598552 0.6729588265625 0.76222945 0.6658360734375 0.763357584375 0.6487222890625 0.77823719375 0.6439737875 0.77898928125 0.64434983125 0.78136353125 0.6396013296875 0.7821156203124999 0.6379791671875 0.7872401671875 0.6284821640625 0.78874434375 0.6221115015625001 0.794620978125 0.623239634375 0.80174373125 0.628740225 0.8057401453124999 0.6813497875000001 0.7998414203124999 0.68097374375 0.79746716875 0.702342 0.79408276875 0.7019659546875 0.7917085187499999 0.72295816875 0.7859498671875 0.7293288328124999 0.7800732328125
4 0.6263438828125001 0.759877290625 0.62521575 0.7527545375 0.62759 0.75237849375 0.6220673203125 0.7021431828125 0.60831584375 0.69215215 0.5984427953125 0.6912820765625 0.5980667515625 0.688907825 0.586195496875 0.6907880468750001 0.585819453125 0.688413796875 0.511841634375 0.697696921875 0.5122176781250001 0.7000711734375 0.5050949250000001 0.70119930625 0.494351803125 0.7102022796874999 0.49223561250000003 0.7275741250000001 0.4898613625 0.72795016875 0.4921176296875 0.7421956734374999 0.489743378125 0.74257171875 0.4961361328125 0.7829339828124999 0.49851038281250004 0.7825579375 0.5023888109375 0.7916788984375 0.5071373125 0.7909268093749999 0.510263653125 0.795299265625 0.5340061609375 0.791538821875 0.5343822046875 0.793913071875 0.605233684375 0.780257490625 0.6048576406249999 0.7778832390625 0.621101353125 0.772876678125 0.6263438828125001 0.759877290625
2 0.31786850312500003 0.3949872234375 0.322240959375 0.391860884375 0.3211128265625 0.38473813125 0.32748349062500004 0.37886149687500004 0.328095503125 0.3519926484375 0.3340901234375 0.3437417640625 0.3322099015625 0.33187050937499996 0.3345841515625 0.3314944640625 0.32957759062499997 0.315250753125 0.3200805875 0.31675492968749996 0.318458425 0.32187947656250004 0.3093374671875 0.32575790625 0.3057170984375 0.3336327453125 0.2985943453125 0.3347608796875 0.2906015203125 0.3457620609375 0.28585301875 0.34651415 0.2802344421875 0.3571392859375 0.275485940625 0.357891375 0.274239825 0.3653901703125 0.263872746875 0.37676739531250003 0.26462483593749997 0.3815158984375 0.25625596562499997 0.390142828125 0.2570080546875 0.39489132968749996 0.24264456562499997 0.41176914531250003 0.24015232968750003 0.4267667390625 0.23777807968750003 0.427142784375 0.2392822578125 0.4366397875 0.2502834390625 0.44463261249999997 0.26015648593749996 0.4455026859375 0.26053252968749996 0.4478769359375 0.2886474953125 0.440990153125 0.311873884375 0.403238109375 0.31862059062500003 0.399735725 0.31786850312500003 0.3949872234375
2 0.1684011546875 0.6498725140625 0.1360317171875 0.6452640859375001 0.11778979999999999 0.65302094375 0.12204427343749999 0.664516153125 0.1597963171875 0.6877425421875001 0.24254114062499998 0.7184456359375 0.26590760625 0.7123109421875 0.2767687109375 0.6886864171875 0.2523920984375 0.6730768109375 0.1684011546875 0.6498725140625
2 0.0280552671875 0.1171923484375 0.0148199109375 0.141192915625 0.022200721875000003 0.15706058125 0.1086839015625 0.1652672859375 0.1822856765625 0.15360990937500002 0.179653365625 0.136990153125 0.091666009375 0.11928644687500001 0.0280552671875 0.1171923484375
2 0.3162096890625 0.061817929687499995 0.28123003125 0.0868286453125 0.2576275984375 0.12220643906249999 0.260259909375 0.1388261953125 0.2743874296875 0.151191478125 0.30762694062499996 0.14592685625 0.330853328125 0.1081748109375 0.3379539921875 0.060807779687499994 0.3162096890625 0.061817929687499995
2 0.4521168484375 0.45890773749999997 0.4122486125 0.4530531953125 0.3731545578125 0.49818605 0.357050921875 0.5348099625 0.357190996875 0.5664273109375 0.3860580515625 0.5642890281249999 0.45387908593750004 0.48540054218749995 0.459121615625 0.47240115312500003 0.4521168484375 0.45890773749999997
2 0.5070564796875 0.3601551703125 0.44210372500000006 0.426420315625 0.4566072890625 0.4411598484375 0.4914689640625 0.43077068125 0.5632864093750001 0.346381603125 0.538039725 0.34064504375000004 0.5070564796875 0.3601551703125
2 0.709170040625 0.437664996875 0.694172446875 0.435172759375 0.6228269390625 0.461075640625 0.51913408125 0.52860899375 0.5335196609375 0.557970078125 0.5516435953125 0.5648347703125001 0.575010059375 0.558700075 0.6655855453124999 0.500545740625 0.7110502624999999 0.44953624843749995 0.709170040625 0.437664996875
2 0.6411793109375 0.6845132781250001 0.6340565578125 0.6856414109375 0.6336805140624999 0.6832671593749999 0.6313062640625 0.6836432046875001 0.6301781296875 0.676520453125 0.627803878125 0.676896496875 0.6207991109375001 0.6634030796875 0.6184248593749999 0.6637791234375 0.61379434375 0.6499096640625 0.6114200921874999 0.6502857078125001 0.6099159140625 0.6407887046875 0.6075416640625 0.64116475 0.606789575 0.6364162484375 0.6044153234375 0.6367922921875 0.603663234375 0.6320437906249999 0.5985386890625 0.630421628125 0.5977866 0.6256731265625 0.5926620546875 0.6240509656250001 0.592286009375 0.6216767140624999 0.5875375078125 0.622428803125 0.5871614640625 0.620054553125 0.5824129625000001 0.6208066421875 0.58203691875 0.618432390625 0.574914165625 0.6195605234375 0.5752902093750001 0.6219347749999999 0.5705417078125 0.6226868640625 0.570917753125 0.6250611140625 0.5637950015625 0.626189246875 0.5641710453125001 0.6285634984375 0.5617967937499999 0.6289395421874999 0.564053059375 0.643185046875 0.5664273109375 0.642809003125 0.5671794 0.6475575046875 0.5778045359374999 0.6531760796875 0.5820590078125 0.6646712890625001 0.5871835546875 0.6662934515625001 0.5906859390625 0.6730401578125 0.5930601906249999 0.6726641140625 0.5938122796874999 0.6774126171875 0.601311075 0.678658734375 0.604437415625 0.6830311906250001 0.606811665625 0.682655146875 0.60831584375 0.69215215 0.616190684375 0.6957725171875 0.6169427734374999 0.7005210187500001 0.6220673203125 0.7021431828125 0.6224433640625 0.704517434375 0.627191865625 0.7037653453125 0.627567909375 0.7061395953125 0.6323164109375 0.70538750625 0.63269245625 0.7077617578125001 0.642189459375 0.7062575796874999 0.6458098265625 0.6983827390624999 0.648184078125 0.69800669375 0.6470559453125 0.690883940625 0.6419314 0.6892617796875 0.6411793109375 0.6845132781250001
2 0.55860418125 0.4858503890625 0.5649748453125001 0.4799737546875 0.56422275625 0.47522525312499997 0.5705934203125 0.4693486171875 0.5707114046874999 0.4547270671875 0.57308565625 0.4543510234375 0.5715814781249999 0.4448540203125 0.5843228046875 0.43310075000000003 0.5851928796875 0.42322770312499997 0.5875671296875 0.422851659375 0.5856869078125 0.4109804046875 0.5833126578125001 0.41135644843749997 0.5829366125 0.4089821984375 0.5595701484375 0.4151168921875 0.5559497796875 0.42299173437500004 0.551201278125 0.42374382343750006 0.5475809109374999 0.431618665625 0.545206659375 0.43199470937499995 0.545582703125 0.434368959375 0.5408342015625001 0.4351210484375 0.539212040625 0.44024559375 0.5344635390625 0.4409976828125 0.5328413765625 0.446122228125 0.528092875 0.44687431718750004 0.5268467578125 0.45437311406249997 0.5184778859375 0.46300004375 0.519229975 0.46774854687499995 0.5108611046875 0.4763754765625 0.5116131937499999 0.481123978125 0.5072407375 0.4842503171875 0.5047485015625 0.4992479109375 0.5023742515625 0.49962395624999995 0.5035023843750001 0.5067467078125001 0.50862693125 0.5083688703125 0.509002975 0.510743121875 0.5137514765625 0.5099910328124999 0.5141275203125 0.5123652828124999 0.5188760218749999 0.5116131937499999 0.5192520671875 0.5139874453125 0.540620325 0.5106030453125 0.5402442796875 0.5082287937500001 0.5473670312500001 0.5071006609375 0.5569820203125 0.49097493437499995 0.5593562703125 0.490598890625 0.55860418125 0.4858503890625
2 0.7327724734375 0.40228720312500005 0.7273898671875 0.3836692390625 0.7175168203125 0.3827991671875 0.7171407750000001 0.380424915625 0.648663546875 0.39370445468750004 0.6490395921875 0.3960787046875 0.60430486875 0.40559779999999995 0.60030845625 0.41109838906249996 0.5860629515625 0.41335465625 0.5820665390624999 0.41885524687500003 0.5835707171875 0.4283522484375 0.591821603125 0.43434686874999995 0.610815609375 0.4313385140625 0.611191653125 0.4337127640625 0.627811409375 0.431080453125 0.628187453125 0.43345470468749997 0.6966646828124999 0.420175165625 0.6962886375 0.417800915625 0.7267778546875 0.4105380875 0.7327724734375 0.40228720312500005
2 0.7802278703125001 0.594343459375 0.7795937640624999 0.57497340625 0.7844602515625 0.55959976875 0.7829560734375 0.5501027656249999 0.787822559375 0.5347291281250001 0.78631838125 0.5252321249999999 0.7638219921875 0.521493771875 0.7302064359375 0.5243841421875 0.7229656984374999 0.5401338250000001 0.7244698765625001 0.549630828125 0.7208495078125 0.55750566875 0.7223536859374999 0.5670026734375 0.7148769796875001 0.611995453125 0.7076362421875 0.6277451375 0.709774525 0.656612190625 0.7167792921875 0.67010560625 0.7219038390625 0.6717277687500001 0.723784059375 0.683599021875 0.734409196875 0.6892175968750001 0.7486547015625 0.68696133125 0.7511469375 0.6719637374999999 0.7622661015625 0.6653350140625001 0.770258928125 0.654333834375 0.776489515625 0.6168398500000001 0.7749853390625 0.6073428453124999 0.7802278703125001 0.594343459375
2 0.8147134984375001 0.581580040625 0.8123392468749999 0.581956084375 0.8100829812500001 0.5677105796874999 0.80770873125 0.5680866250000001 0.8069566421875001 0.5633381234375 0.804582390625 0.5637141671875 0.8038303015625001 0.5589656656249999 0.8014560515625 0.559341709375 0.8007039625000001 0.5545932078125 0.7983297109375 0.554969253125 0.7972015781249999 0.5478465 0.7920770328125 0.5462243375 0.7917009875 0.5438500875 0.784578234375 0.5449782203125 0.7849542796875 0.5473524703125 0.780205778125 0.548104559375 0.7813339109374999 0.5552273125 0.7789596609375 0.55560335625 0.781215928125 0.5698488609375 0.7788416765624999 0.57022490625 0.7829781640625 0.5963416640625 0.7806039140625 0.596717709375 0.7866206250000001 0.634705721875 0.7917451703125 0.636327884375 0.7921212140625 0.6387021359375 0.8206122234375 0.6341896031250001 0.8202361796875 0.6318153515625 0.8249846812499999 0.6310632625 0.8208481921875 0.604946503125 0.8184739421874999 0.605322546875 0.8147134984375001 0.581580040625
4 0.599762715625 0.5766839328125 0.6097537484375 0.5629324578125 0.60350106875 0.55418754375 0.5987525671875 0.55493963125 0.59050168125 0.5489450125 0.56313880625 0.5605802984375 0.56351485 0.5629545484375 0.5472711375 0.567961109375 0.5292872796875 0.5927137671875 0.518168115625 0.599342490625 0.5061788765624999 0.6158442609375 0.501430375 0.61659635 0.5001842578125 0.6240951453125 0.5304375046875001 0.6460754171875001 0.53756025625 0.6449472843749999 0.5471752453125001 0.6288215578125 0.5582944109375 0.6221928343750001 0.5682854421875 0.6084413578125 0.5774064 0.6045629296875 0.5790285625 0.599438384375 0.5837770640625 0.5986862953125 0.595766303125 0.582184525 0.6005148046875 0.5814324359375 0.599762715625 0.5766839328125
2 0.7867461390625 0.3742681296875 0.7361347828125 0.3774165609375 0.73876709375 0.3940363171875 0.7681502671875 0.425889634375 0.81427118125 0.44048909375 0.86065015625 0.4720843515625 0.9045148031249999 0.47243830468750003 0.92325075 0.45243415000000003 0.9151178484375 0.43181798125000004 0.7867461390625 0.3742681296875
2 1 0.636427528125 0.9913223140625 0.6363575046875 0.9909462703124999 0.6339832546874999 0.9790750156250001 0.6358634765625 0.9786989703125 0.633489225 0.9763247203125 0.6338652687499999 0.976700765625 0.6362395203125 0.95295825625 0.6399999656250001 0.9513360953125 0.6451245109375 0.94896184375 0.6455005546875 0.951218109375 0.659746059375 0.9535923609375001 0.659370015625 0.95434445 0.6641185171874999 0.9594689953125 0.6657406796875 0.9598450406250001 0.6681149296875 0.9697180875000001 0.668985003125 0.97009413125 0.671359253125 0.9748426328124999 0.670607165625 0.9779689734374999 0.674979621875 0.9803432234375 0.6746035781249999 0.98071926875 0.6769778296875 0.9854677703125001 0.676225740625 0.9858438140624999 0.6785999921875 0.988218065625 0.678223946875 0.988594109375 0.680598196875 0.9984671578125001 0.681468271875 0.9988432015625 0.683842521875 1 0.683659303125 1 0.636427528125
2 1 0.5595349734374999 0.9962846937500001 0.5601234203125001 0.9931583546875 0.5557509625 0.98328530625 0.5548808890625 0.9829092625 0.5525066390625 0.9489176609375001 0.5530227578125 0.9485416171875001 0.5506485078125001 0.943793115625 0.5514005953125001 0.9434170703125 0.54902634375 0.93866856875 0.5497784328125 0.9382925249999999 0.5474041828125 0.9335440234375 0.548156271875 0.9331679796874999 0.5457820203125 0.9284194781249999 0.546534109375 0.9247991093750001 0.5544089515625 0.922424859375 0.5547849953124999 0.9239290375 0.5642819984375 0.9290535828125 0.5659041609375 0.9298056718750001 0.5706526625 0.9345541734375 0.5699005734375 0.9431811015625 0.57826944375 0.945555353125 0.5778934 0.9463074421875 0.5826418999999999 0.9541822828125 0.58626226875 0.9549343718750001 0.5910107703125 0.959682875 0.59025868125 0.965559509375 0.5966293453125 0.980557103125 0.59912158125 0.9809331468750001 0.6014958312500001 0.9856816484375001 0.6007437421875 0.9860576921875 0.60311799375 0.9908061937499999 0.6023659046875001 0.9911822390625 0.6047401546875 0.995930740625 0.6039880671875 0.996306784375 0.60636231875 1 0.6057773703125 1 0.5595349734374999
2 0.9853573156250001 0.445031246875 0.9972285703124999 0.443151025 0.987075371875 0.3790462515625 0.9543298890624999 0.3720635765625 0.932091559375 0.3853210234375 0.9519777296875 0.41867851875 0.9853573156250001 0.445031246875