2 0.314903846875 0.572115384375 0.334134615625 0.5865384609375 0.4375 0.615384615625 0.45673076874999996 0.615384615625 0.4855769234375 0.5889423078125 0.48798076874999996 0.5673076921875 0.4543269234375 0.540865384375 0.346153846875 0.51201923125 0.3269230765625 0.5168269234375 0.310096153125 0.540865384375 0.314903846875 0.572115384375
2 0.22836538437499998 0.7115384609375 0.2740384609375 0.709134615625 0.3581730765625 0.7235576921875 0.375 0.7115384609375 0.3822115390625 0.66826923125 0.3701923078125 0.653846153125 0.3173076921875 0.634615384375 0.247596153125 0.627403846875 0.216346153125 0.6418269234375 0.216346153125 0.6826923078125 0.22836538437499998 0.7115384609375
2 0.197115384375 0.8173076921875 0.2115384609375 0.8293269234375 0.23557692343749997 0.8293269234375 0.25 0.8173076921875 0.2572115390625 0.79326923125 0.2235576921875 0.6875 0.2115384609375 0.67548076875 0.1610576921875 0.6634615390625 0.153846153125 0.697115384375 0.158653846875 0.747596153125 0.197115384375 0.8173076921875
2 0.6322115390625 0.877403846875 0.627403846875 0.8221153843750001 0.6009615390625 0.7740384609375 0.528846153125 0.7019230765625 0.5072115390625 0.6947115390625 0.4927884609375 0.7019230765625 0.48798076874999996 0.76201923125 0.5793269234375 0.8677884609375001 0.6177884609375 0.8822115390624999 0.6322115390625 0.877403846875
2 0.8341346156249999 0.9375 0.8653846156249999 0.9110576921875 0.8653846156249999 0.8846153843750001 0.810096153125 0.721153846875 0.7956730765625 0.7019230765625 0.7740384609375 0.69951923125 0.771634615625 0.70673076875 0.76923076875 0.759615384375 0.7980769234375 0.8822115390624999 0.8173076921875 0.9278846156249999 0.8341346156249999 0.9375
2 0.8125 0.69951923125 0.8269230765625 0.677884615625 0.8173076921875 0.653846153125 0.771634615625 0.5865384609375 0.752403846875 0.5673076921875 0.7355769234375 0.572115384375 0.747596153125 0.6322115390625 0.783653846875 0.6875 0.80048076875 0.7019230765625 0.8125 0.69951923125
2 1 0.71875 0.9831730765625 0.73076923125 0.9783653843750001 0.8197115390624999 1 0.88701923125 1 0.71875
2 0.1875 0.259615384375 0.197115384375 0.2644230765625 0.20192307656250003 0.259615384375 0.20673076875000002 0.20913461562500002 0.1923076921875 0.13701923124999998 0.1730769234375 0.07211538437500001 0.1610576921875 0.04326923125 0.15625 0.040865384375 0.13701923124999998 0.040865384375 0.127403846875 0.05048076875 0.127403846875 0.091346153125 0.14423076875000002 0.13701923124999998 0.15625 0.19951923124999998 0.1875 0.259615384375
2 0.216346153125 0.1826923078125 0.22836538437499998 0.20432692343749997 0.23557692343749997 0.2115384609375 0.2451923078125 0.2115384609375 0.25 0.20673076875000002 0.252403846875 0.15625 0.221153846875 0.0264423078125 0.20673076875000002 0.007211539062499999 0.1923076921875 0.007211539062499999 0.1802884609375 0.01923076875 0.177884615625 0.05048076875 0.197115384375 0.10336538437500001 0.197115384375 0.11538461562499999 0.216346153125 0.1826923078125
2 0.1826923078125 0.42548076874999996 0.189903846875 0.42548076874999996 0.1947115390625 0.41826923125000004 0.1947115390625 0.40865384687499995 0.19951923124999998 0.40625 0.19951923124999998 0.40144230781249995 0.20192307656250003 0.40144230781249995 0.20192307656250003 0.396634615625 0.2139423078125 0.377403846875 0.2139423078125 0.3701923078125 0.216346153125 0.3701923078125 0.216346153125 0.35576923125 0.21875 0.35576923125 0.21875 0.34375 0.221153846875 0.34375 0.2259615390625 0.310096153125 0.22836538437499998 0.310096153125 0.22836538437499998 0.2956730765625 0.23076923124999998 0.2956730765625 0.23076923124999998 0.283653846875 0.2259615390625 0.2764423078125 0.2139423078125 0.2740384609375 0.2139423078125 0.271634615625 0.19951923124999998 0.271634615625 0.197115384375 0.283653846875 0.1947115390625 0.283653846875 0.1947115390625 0.29326923125 0.1923076921875 0.29326923125 0.1923076921875 0.302884615625 0.1875 0.3076923078125 0.1875 0.3173076921875 0.1826923078125 0.32451923125 0.1802884609375 0.346153846875 0.177884615625 0.346153846875 0.177884615625 0.3677884609375 0.17548076875000002 0.3677884609375 0.177884615625 0.4206730765625 0.1826923078125 0.42548076874999996
4 0.2115384609375 0.5384615390625 0.2115384609375 0.54326923125 0.221153846875 0.5456730765625 0.221153846875 0.5480769234375 0.26201923125 0.5480769234375 0.26201923125 0.5456730765625 0.2764423078125 0.5456730765625 0.2764423078125 0.54326923125 0.29326923125 0.5384615390625 0.30048076875 0.5264423078125 0.30048076875 0.51923076875 0.302884615625 0.51923076875 0.30048076875 0.4447115390625 0.2980769234375 0.4447115390625 0.2980769234375 0.43269230781249995 0.2956730765625 0.43269230781249995 0.29326923125 0.4230769234375 0.28125 0.41105769218750005 0.23076923124999998 0.4134615390625 0.23076923124999998 0.415865384375 0.2235576921875 0.415865384375 0.2115384609375 0.4230769234375 0.20913461562500002 0.43990384687499995 0.20673076875000002 0.43990384687499995 0.20432692343749997 0.51201923125 0.20673076875000002 0.51201923125 0.20673076875000002 0.5360576921875 0.2115384609375 0.5384615390625
2 0.603365384375 0.747596153125 0.61298076875 0.747596153125 0.61298076875 0.7451923078125 0.627403846875 0.740384615625 0.6418269234375 0.7235576921875 0.646634615625 0.7235576921875 0.653846153125 0.7139423078125 0.658653846875 0.7139423078125 0.66826923125 0.7019230765625 0.67548076875 0.69951923125 0.67548076875 0.6947115390625 0.685096153125 0.6875 0.685096153125 0.6826923078125 0.6947115390625 0.6730769234375 0.6947115390625 0.665865384375 0.7019230765625 0.6610576921875 0.7043269234375 0.6514423078125 0.709134615625 0.6490384609375 0.709134615625 0.6394230765625 0.6923076921875 0.63701923125 0.6923076921875 0.6394230765625 0.6802884609375 0.6394230765625 0.6730769234375 0.646634615625 0.646634615625 0.6514423078125 0.6418269234375 0.658653846875 0.634615384375 0.658653846875 0.6322115390625 0.6634615390625 0.627403846875 0.6634615390625 0.625 0.6706730765625 0.591346153125 0.69951923125 0.5889423078125 0.728365384375 0.591346153125 0.728365384375 0.59375 0.73798076875 0.603365384375 0.747596153125
2 0.40865384687499995 0.9014423078125 0.4134615390625 0.8822115390624999 0.40384615312500005 0.8509615390624999 0.3677884609375 0.771634615625 0.3485576921875 0.75 0.3269230765625 0.7644230765625 0.32451923125 0.7884615390625 0.3677884609375 0.8653846156249999 0.396634615625 0.8990384609375001 0.40865384687499995 0.9014423078125
2 0.9519230765625 0.90625 0.939903846875 0.84375 0.908653846875 0.759615384375 0.8918269234375 0.759615384375 0.8918269234375 0.8341346156249999 0.9134615390624999 0.91826923125 0.9302884609375001 0.9230769234375 0.9519230765625 0.90625
2 0.9423076921875 0.6514423078125 0.9615384609375001 0.61298076875 0.9591346156249999 0.591346153125 0.9134615390624999 0.60576923125 0.8798076921875 0.634615384375 0.8798076921875 0.66826923125 0.89423076875 0.6802884609375 0.9110576921875 0.6802884609375 0.9423076921875 0.6514423078125
2 0.560096153125 0.5793269234375 0.5480769234375 0.540865384375 0.533653846875 0.5360576921875 0.521634615625 0.54326923125 0.4543269234375 0.622596153125 0.45673076874999996 0.6514423078125 0.48798076874999996 0.646634615625 0.521634615625 0.625 0.560096153125 0.5793269234375
2 0.6514423078125 0.4375 0.6418269234375 0.4134615390625 0.5697115390625 0.49759615312500005 0.564903846875 0.533653846875 0.58173076875 0.5456730765625 0.63701923125 0.47115384687499995 0.6514423078125 0.4375
2 0.51923076875 0.372596153125 0.533653846875 0.2980769234375 0.528846153125 0.283653846875 0.5168269234375 0.283653846875 0.47355769218750005 0.3365384609375 0.4302884609375 0.43509615312500005 0.427884615625 0.459134615625 0.4375 0.4759615390625 0.46875 0.4855769234375 0.51923076875 0.372596153125
2 0.2764423078125 0.40144230781249995 0.2764423078125 0.40625 0.278846153125 0.40625 0.278846153125 0.41105769218750005 0.28125 0.41105769218750005 0.283653846875 0.415865384375 0.2884615390625 0.415865384375 0.29326923125 0.4230769234375 0.302884615625 0.4230769234375 0.302884615625 0.42548076874999996 0.3076923078125 0.427884615625 0.310096153125 0.43509615312500005 0.314903846875 0.43509615312500005 0.314903846875 0.4375 0.322115384375 0.43990384687499995 0.32451923125 0.4447115390625 0.3365384609375 0.447115384375 0.34375 0.45673076874999996 0.3485576921875 0.45673076874999996 0.3485576921875 0.459134615625 0.36298076875 0.459134615625 0.36298076875 0.45673076874999996 0.365384615625 0.45673076874999996 0.365384615625 0.44951923125000004 0.3677884609375 0.44951923125000004 0.3677884609375 0.4447115390625 0.3701923078125 0.4447115390625 0.3701923078125 0.4375 0.3677884609375 0.4375 0.3677884609375 0.43269230781249995 0.365384615625 0.43269230781249995 0.365384615625 0.427884615625 0.36298076875 0.427884615625 0.3605769234375 0.4230769234375 0.35576923125 0.4230769234375 0.353365384375 0.41826923125000004 0.3485576921875 0.41826923125000004 0.3485576921875 0.415865384375 0.34375 0.415865384375 0.34375 0.4134615390625 0.334134615625 0.4134615390625 0.334134615625 0.41105769218750005 0.3197115390625 0.40865384687499995 0.3197115390625 0.40625 0.3052884609375 0.40144230781249995 0.3052884609375 0.3990384609375 0.2980769234375 0.3990384609375 0.2980769234375 0.396634615625 0.2956730765625 0.396634615625 0.2956730765625 0.3894230765625 0.290865384375 0.3894230765625 0.2884615390625 0.384615384375 0.28125 0.384615384375 0.28125 0.38701923125 0.2740384609375 0.3918269234375 0.2740384609375 0.40144230781249995 0.2764423078125 0.40144230781249995
2 0.4855769234375 0.4831730765625 0.4855769234375 0.48798076874999996 0.48798076874999996 0.48798076874999996 0.48798076874999996 0.4927884609375 0.490384615625 0.4927884609375 0.4927884609375 0.49759615312500005 0.5 0.49759615312500005 0.5 0.49519230781249995 0.5144230765625 0.490384615625 0.5168269234375 0.4855769234375 0.521634615625 0.4855769234375 0.528846153125 0.4759615390625 0.533653846875 0.4759615390625 0.540865384375 0.46634615312500005 0.5480769234375 0.46394230781249995 0.5480769234375 0.459134615625 0.552884615625 0.45673076874999996 0.552884615625 0.4519230765625 0.5576923078125 0.44951923125000004 0.5576923078125 0.4447115390625 0.560096153125 0.4447115390625 0.560096153125 0.44230769218750005 0.5673076921875 0.4375 0.5673076921875 0.43269230781249995 0.57451923125 0.427884615625 0.5769230765625 0.40384615312500005 0.57451923125 0.40384615312500005 0.57451923125 0.40144230781249995 0.5625 0.40144230781249995 0.5625 0.40384615312500005 0.552884615625 0.40625 0.54326923125 0.4206730765625 0.533653846875 0.4206730765625 0.533653846875 0.4230769234375 0.51923076875 0.42548076874999996 0.5144230765625 0.43269230781249995 0.509615384375 0.43269230781249995 0.5048076921875 0.43990384687499995 0.5 0.43990384687499995 0.5 0.44230769218750005 0.4855769234375 0.4543269234375 0.4855769234375 0.4615384609375 0.4831730765625 0.4615384609375 0.4831730765625 0.4831730765625 0.4855769234375 0.4831730765625
2 0.55048076875 0.3798076921875 0.55048076875 0.3990384609375 0.5576923078125 0.40625 0.5673076921875 0.40625 0.572115384375 0.40144230781249995 0.572115384375 0.38701923125 0.5769230765625 0.3822115390625 0.5793269234375 0.3365384609375 0.58173076875 0.3365384609375 0.584134615625 0.2668269234375 0.58173076875 0.2668269234375 0.5793269234375 0.2572115390625 0.560096153125 0.2548076921875 0.552884615625 0.26201923125 0.55048076875 0.29326923125 0.5480769234375 0.29326923125 0.5456730765625 0.36298076875 0.5480769234375 0.36298076875 0.5480769234375 0.3798076921875 0.55048076875 0.3798076921875
2 0.2764423078125 0.2980769234375 0.283653846875 0.3076923078125 0.2956730765625 0.3076923078125 0.2980769234375 0.3125 0.3125 0.3173076921875 0.341346153125 0.314903846875 0.35576923125 0.3052884609375 0.3990384609375 0.290865384375 0.40865384687499995 0.290865384375 0.415865384375 0.2860576921875 0.42548076874999996 0.2860576921875 0.43990384687499995 0.2764423078125 0.4375 0.2427884609375 0.4302884609375 0.221153846875 0.4206730765625 0.221153846875 0.40625 0.22836538437499998 0.396634615625 0.22836538437499998 0.3822115390625 0.23557692343749997 0.36298076875 0.23798076875000002 0.3509615390625 0.2451923078125 0.341346153125 0.2451923078125 0.3052884609375 0.2572115390625 0.2956730765625 0.2668269234375 0.290865384375 0.278846153125 0.2764423078125 0.283653846875 0.2764423078125 0.2980769234375
2 0.3197115390625 0.23317307656250003 0.322115384375 0.23798076875000002 0.3605769234375 0.23798076875000002 0.3605769234375 0.23557692343749997 0.38701923125 0.23557692343749997 0.38701923125 0.23317307656250003 0.40144230781249995 0.23317307656250003 0.40144230781249995 0.23076923124999998 0.40865384687499995 0.23076923124999998 0.40865384687499995 0.2259615390625 0.41105769218750005 0.2259615390625 0.41105769218750005 0.21875 0.40865384687499995 0.21875 0.40625 0.2139423078125 0.3990384609375 0.2139423078125 0.3990384609375 0.2115384609375 0.39423076875 0.2115384609375 0.39423076875 0.20913461562500002 0.3894230765625 0.20913461562500002 0.3894230765625 0.20673076875000002 0.384615384375 0.20673076875000002 0.384615384375 0.20432692343749997 0.3701923078125 0.20432692343749997 0.3701923078125 0.20192307656250003 0.346153846875 0.20192307656250003 0.346153846875 0.19951923124999998 0.3197115390625 0.19951923124999998 0.3197115390625 0.20432692343749997 0.3173076921875 0.20432692343749997 0.3173076921875 0.23317307656250003 0.3197115390625 0.23317307656250003
4 0.3701923078125 0.4615384609375 0.365384615625 0.47355769218750005 0.3509615390625 0.4855769234375 0.3509615390625 0.4927884609375 0.377403846875 0.51923076875 0.384615384375 0.5168269234375 0.384615384375 0.51201923125 0.3990384609375 0.49759615312500005 0.40384615312500005 0.4855769234375 0.42548076874999996 0.46394230781249995 0.427884615625 0.447115384375 0.4302884609375 0.447115384375 0.4375 0.41826923125000004 0.4302884609375 0.41105769218750005 0.4302884609375 0.40625 0.4206730765625 0.40144230781249995 0.40865384687499995 0.4134615390625 0.40384615312500005 0.4134615390625 0.40384615312500005 0.41826923125000004 0.3894230765625 0.43269230781249995 0.3894230765625 0.4375 0.384615384375 0.43990384687499995 0.3822115390625 0.44951923125000004 0.3701923078125 0.4615384609375
2 0.5673076921875 0.247596153125 0.584134615625 0.247596153125 0.5793269234375 0.197115384375 0.502403846875 0.0793269234375 0.48076923125000004 0.07451923125 0.46394230781249995 0.096153846875 0.47115384687499995 0.1394230765625 0.509615384375 0.1802884609375 0.53125 0.2235576921875 0.5673076921875 0.247596153125
2 0.22836538437499998 0 0.22836538437499998 0.0048076921875 0.23076923124999998 0.0048076921875 0.23076923124999998 0.01201923125 0.23317307656250003 0.01201923125 0.23317307656250003 0.01923076875 0.23557692343749997 0.01923076875 0.23557692343749997 0.0264423078125 0.23798076875000002 0.0264423078125 0.23798076875000002 0.03125 0.24038461562500002 0.03125 0.24038461562500002 0.036057692187500004 0.2427884609375 0.036057692187500004 0.2451923078125 0.0456730765625 0.247596153125 0.0456730765625 0.247596153125 0.0480769234375 0.25 0.0480769234375 0.25 0.052884615625 0.252403846875 0.052884615625 0.252403846875 0.05528846093749999 0.2572115390625 0.057692307812499996 0.2572115390625 0.0625 0.259615384375 0.0625 0.26201923125 0.07211538437500001 0.2644230765625 0.07211538437500001 0.2668269234375 0.0769230765625 0.271634615625 0.0769230765625 0.271634615625 0.0793269234375 0.2860576921875 0.0793269234375 0.2860576921875 0.0769230765625 0.290865384375 0.07451923125 0.290865384375 0.05048076875 0.29326923125 0.05048076875 0.29326923125 0.0480769234375 0.290865384375 0.0480769234375 0.290865384375 0.036057692187500004 0.2884615390625 0.036057692187500004 0.2860576921875 0.021634615625 0.283653846875 0.021634615625 0.283653846875 0.0168269234375 0.28125 0.0168269234375 0.28125 0.009615384375 0.278846153125 0.009615384375 0.278846153125 0 0.22836538437499998 0
2 0.3052884609375 0 0.3052884609375 0.0048076921875 0.3076923078125 0.0048076921875 0.3076923078125 0.009615384375 0.310096153125 0.009615384375 0.310096153125 0.014423076562500001 0.314903846875 0.0168269234375 0.314903846875 0.021634615625 0.3173076921875 0.021634615625 0.3173076921875 0.0264423078125 0.3197115390625 0.0264423078125 0.3197115390625 0.03125 0.322115384375 0.03125 0.322115384375 0.036057692187500004 0.32451923125 0.036057692187500004 0.32451923125 0.040865384375 0.3269230765625 0.040865384375 0.33173076875 0.05528846093749999 0.3389423078125 0.060096153124999996 0.3389423078125 0.064903846875 0.34375 0.064903846875 0.3485576921875 0.07211538437500001 0.353365384375 0.07211538437500001 0.353365384375 0.07451923125 0.36298076875 0.08173076875 0.36298076875 0.08653846093749999 0.3677884609375 0.08653846093749999 0.3701923078125 0.091346153125 0.3798076921875 0.091346153125 0.3798076921875 0.0889423078125 0.38701923125 0.08413461562499999 0.38701923125 0.0793269234375 0.384615384375 0.0793269234375 0.384615384375 0.07451923125 0.3822115390625 0.07451923125 0.3822115390625 0.06971153906250001 0.3798076921875 0.06971153906250001 0.3798076921875 0.064903846875 0.377403846875 0.064903846875 0.372596153125 0.03125 0.3701923078125 0.03125 0.3677884609375 0.021634615625 0.36298076875 0.01923076875 0.36298076875 0.014423076562500001 0.3581730765625 0.01201923125 0.35576923125 0 0.3052884609375 0
2 0.478365384375 0 0.478365384375 0.01201923125 0.509615384375 0.040865384375 0.5456730765625 0.05528846093749999 0.5552884609375 0.03125 0.54326923125 0 0.478365384375 0