5 0.6399247890625 0.657534246875 0.6474459421875001 0.6745394421875 0.6546537140625001 0.680207840625 0.659981196875 0.681624940625 0.6681291125000001 0.6806802078125 0.6765904109374999 0.675011809375 0.6816045125 0.6745394421875 0.688498903125 0.6655644781250001 0.69539329375 0.6452527156250001 0.6997806328125 0.6225791218750001 0.6994672515625 0.592820028125 0.69476653125 0.5772319312499999 0.6906925734375 0.5531412375 0.6831714203125 0.5399149734375001 0.6772171734375 0.533774209375 0.66530868125 0.5299952765625 0.6530868062499999 0.5299952765625 0.645252271875 0.5351913078125 0.6396114078124999 0.5441662734375 0.63710435625 0.5521965046874999 0.629896584375 0.5909305625 0.6295832031249999 0.6036844593749999 0.632090253125 0.6239962203125 0.6342839234375 0.6296646203125 0.6399247890625 0.657534246875
4 0.8859375 0.64453125 0.01875 0.0234375
2 0.6918014578125 0.497306915625 0.6961722484374999 0.496836446875 0.6960681890625 0.49024988125 0.69034453125 0.48915211562499994 0.6888876046875 0.48523154375 0.669739378125 0.48585883281250003 0.6672417828125 0.504991240625 0.6856615421875001 0.504050303125 0.6918014578125 0.497306915625
4 0.5358673984375 0.5034834828125 0.48357415625 0.48353740156249997 0.4575360296875 0.5741121984374999 0.45666810468749996 0.614658321875 0.5150368984375 0.6365662828125 0.5358673984375 0.5034834828125
4 0.3872330890625 0.5616867703125 0.3911388078125 0.5829407875 0.46013984218750004 0.57182329375 0.4699041390625 0.5446835671875 0.4629606453125 0.46849610625000004 0.3798556234375 0.486153284375 0.3872330890625 0.5616867703125
4 0.1197116890625 0.7345299953125 0.11783140156250001 0.7350023625000001 0.1193983078125 0.738308928125 0.1284863671875 0.74019839375 0.136007521875 0.752479925 0.1397680984375 0.7515351906250001 0.15042306562500002 0.73878129375 0.1620181765625 0.7312234296875 0.16671889687500002 0.7099669343749999 0.17110623593750002 0.7047709015625 0.167972421875 0.6972130375 0.16170479531249998 0.6915446390625 0.1350673765625 0.6773736421875001 0.1187715453125 0.670760509375 0.11689125625 0.67170524375 0.1146975875 0.6787907421875 0.1146975875 0.6920170046874999 0.1056095265625 0.72413793125 0.1193983078125 0.7321681625 0.1197116890625 0.7345299953125
0 0.111890565625 0.7806653156250001 0.09476304218750001 0.8525957249999999 0.068369815625 0.8729054859375 0.08072410468749999 0.8898302812500001 0.096166928125 0.8813678921875001 0.1127329015625 0.901677653125 0.1354759953125 0.8894071671875 0.15232273125 0.8919458875 0.1599037609375 0.92114116875 0.139687678125 0.95033645 0.1669232171875 0.9596450843750001 0.2180249984375 0.8817352656249999 0.23487173437500003 0.8102279703124999 0.24750678593750003 0.7691853140625 0.276426996875 0.6976780375 0.2744615625 0.654096671875 0.21240940312499998 0.6604434734375 0.20988239218750002 0.6545197953125 0.197247340625 0.661289709375 0.2020206 0.6659440359375 0.187700875 0.7061404437500001 0.1725388125 0.7044479515625001 0.16580011875 0.727086059375 0.1388453421875 0.7444339671875 0.111890565625 0.7806653156250001
4 0.035412096875 0.6745394421875 0.04293325 0.678318375 0.050141021875000004 0.6759565421875 0.0620495140625 0.6759565421875 0.06706361718750001 0.678318375 0.07270448125 0.676901275 0.0755249140625 0.6712328765625 0.0864932625 0.63108171875 0.10090880625000001 0.5904581953125 0.10216233125 0.5810108640625 0.0974616109375 0.5663675015625 0.09589470312500001 0.56400566875 0.094014415625 0.565895134375 0.0968348484375 0.5720359 0.09589470312500001 0.575342465625 0.0852397375 0.5758148328125 0.06455656562499999 0.5729806328125 0.058288937500000006 0.5729806328125 0.055468504687499996 0.5748700984374999 0.0385459109375 0.6013226265625 0.031024757812499998 0.6438356171875 0.02945785 0.6622579125 0.0266374171875 0.67170524375 0.027264181250000002 0.673594709375 0.035412096875 0.6745394421875
4 0.33782513281250004 0.6490316484374999 0.3491068625 0.6466698156249999 0.3503603890625 0.64194615 0.35443434687500003 0.6428908828125001 0.3588216859375 0.6395843171875 0.36258226250000003 0.63391591875 0.3644625515625 0.6206896546875 0.3663428390625 0.618327821875 0.3672829828125 0.6121870578124999 0.36853650937500004 0.6117146906250001 0.369476653125 0.61502125625 0.370730178125 0.608880490625 0.370416796875 0.6036844593749999 0.368223128125 0.600850259375 0.36853650937500004 0.5923476625 0.36258226250000003 0.58148323125 0.355687871875 0.573925365625 0.3437793796875 0.5696740671875 0.3318708875 0.5710911671875001 0.3227828265625 0.5772319312499999 0.3136947671875 0.5909305625 0.310247571875 0.6055739250000001 0.310874334375 0.6225791218750001 0.3171419625 0.63675011875 0.327170165625 0.6457250828125 0.33782513281250004 0.6490316484374999
4 0.0598558453125 0.5621162015625 0.0683171421875 0.5625885687500001 0.0890003140625 0.5696740671875 0.092447509375 0.5692017 0.094641178125 0.5649504015625 0.10874334062499999 0.5668398671875 0.11595111250000001 0.5531412375 0.124099028125 0.52479924375 0.1253525546875 0.5158242796875 0.124725790625 0.49267831875 0.1256659359375 0.4818138875 0.12002507031250001 0.478507321875 0.09934189843749999 0.47756258906250004 0.06455656562499999 0.46953235781249997 0.055155123437499995 0.46575342500000005 0.0488874953125 0.461029759375 0.0397994359375 0.45866792656250005 0.035725478125 0.46905999062500003 0.031964901562499995 0.48606518593750003 0.027264181250000002 0.49456778437500004 0.022250078125 0.51157298125 0.0169225953125 0.5196032125000001 0.013475400000000002 0.529522909375 0.01316201875 0.532829475 0.018802882812499998 0.547000471875 0.023503603125 0.5521965046874999 0.0598558453125 0.5621162015625
4 0.22312754687499997 0.4052905046875 0.223754309375 0.40717997187500005 0.2306487 0.4067076046875 0.23346913125 0.4100141703125 0.26104669375 0.41568257031250005 0.2638671265625 0.41473783593749997 0.27577561875 0.38072744375 0.2742087125 0.3783656109375 0.2431839546875 0.36891828125 0.223440928125 0.3608880484375 0.22187402031249998 0.361360415625 0.21685991875 0.3760037796875 0.20839862187499997 0.40717997187500005 0.215919775 0.4081247046875 0.21999373281249998 0.4052905046875 0.22312754687499997 0.4052905046875