5 0.6511064296875 0.2984781328125 0.6413581484375 0.2927289046875 0.620357571875 0.28836128437499997 0.5973183015625 0.2867698640625 0.56781921875 0.29070763125 0.5529201875 0.2972730234375 0.5295055515625 0.3042525328125 0.517294471875 0.3133295 0.5119251203124999 0.31998773593749996 0.5096256359375 0.332268 0.5111151078125 0.344398775 0.5172271984375 0.351541675 0.5268227140625 0.3560467203125 0.535098621875 0.3575564453125 0.57442236875 0.359989996875 0.5871193906250001 0.35874673281249997 0.60697421875 0.3537829890625 0.6123330265625 0.3509148671875 0.63930746875 0.34191959375000003 0.6552693109375001 0.332382090625 0.6600170515625 0.324537240625 0.6607743328125 0.3190767671875 0.6588436609375 0.31110471875 0.6521863406249999 0.3033972921875 0.6511064296875 0.2984781328125
4 0.59609375 0.09921875 0.025 0.021875
2 0.484572390625 0.33339653281250003 0.48139366250000004 0.31522874375 0.473952271875 0.30995640625 0.47295264374999996 0.3056755296875 0.46642785625 0.3065815140625 0.4660358109375 0.3123962921875 0.46232201718750005 0.31432015625 0.4652782125 0.3332492078125 0.484572390625 0.33339653281250003
4 0.48566191875 0.51830969375 0.5787348328124999 0.5331154453125 0.61908450625 0.5290355718749999 0.6337158015625 0.46843194062500004 0.49908638125 0.463975421875 0.48566191875 0.51830969375
4 0.5749697953124999 0.6044086375 0.5955894015625 0.5979418187500001 0.576145665625 0.5308099890625 0.548018265625 0.5244259734375001 0.47324489375 0.540602628125 0.5008984125 0.620936328125 0.5749697953124999 0.6044086375
4 0.779604165625 0.8178711218749999 0.7706895484375 0.8072835109375 0.749018621875 0.80520834375 0.7433266374999999 0.80148694375 0.736207025 0.805518471875 0.731344709375 0.812430184375 0.720525625 0.8405960609375001 0.7159477484375001 0.8575763640625 0.7171145906249999 0.8593275046875 0.724414615625 0.8606413156249999 0.737542290625 0.8590294406250001 0.7705313484375 0.8641352046874999 0.7768212953125 0.8494705640625 0.77912733125 0.8488716828125 0.7798253265625 0.8506803875 0.7829162875 0.8487221921874999 0.7836841140625 0.8394716062500001 0.7949575015625 0.8305097703125 0.7935615109375 0.8268923593749999 0.779604165625 0.8178711218749999
0 0.9309288859375 0.8143501015625001 0.9313955828125 0.7973195468750001 0.9594493515625 0.786237015625 0.9908907359375 0.8027444015625 0.9968108078125001 0.774577434375 0.9132539765625 0.7333513765624999 0.8402265859375 0.7253447609375 0.7979500296875 0.7178057296875 0.7234512703125 0.69781563125 0.6804342796875 0.7050776484375 0.6942960296875 0.7658938 0.6887244703125 0.7691238890625 0.6969837484375 0.780839715625 0.7010216687499999 0.775534815625 0.74266359375 0.78484909375 0.7428315078125001 0.800104403125 0.7661221140625 0.8040339765625 0.786625675 0.8286736593749999 0.8258719203125 0.851012028125 0.8993534921874999 0.8592457734375 0.9227283921874999 0.88296713125 0.9380214234375 0.8686423156249999 0.9277401046874999 0.8543459062500001 0.9458795953125 0.8354282765625 0.9309288859375 0.8143501015625001
4 0.7216870328125 0.9004430749999999 0.68049845 0.8944496781250001 0.638420915625 0.885092346875 0.6288912375 0.88499950625 0.614929896875 0.8914497656249999 0.612776628125 0.893292828125 0.614881159375 0.8949288328125 0.620632428125 0.8913810515625 0.624028921875 0.8919112203124999 0.62579628125 0.9024291984374999 0.6255038515625 0.923303603125 0.6262676828125 0.9295245140624999 0.6284867890625 0.9320936546875 0.656804490625 0.9456663578125 0.6999171937499999 0.9479504203125 0.7183931296875 0.947260534375 0.7281137656250001 0.9489086046875 0.7299127640624999 0.94805624375 0.729857475 0.939853928125 0.7326916421874999 0.9319283 0.7294690078125 0.9250620890624999 0.7280177265625001 0.9132423609375 0.7297508890625 0.9079777968749999 0.7276569046875 0.90255168125 0.7216870328125 0.9004430749999999
4 0.6363079125 0.619818803125 0.633734534375 0.6182403671875 0.62752496875 0.6180556015625001 0.6269033562499999 0.6168689859375001 0.6300707 0.6155328812499999 0.623822940625 0.6150370703125 0.6187038312500001 0.615981353125 0.6161580984375 0.618504071875 0.6076806859375 0.6192292328125 0.5976228765625 0.6264631390625001 0.5909615609375 0.6342272109375 0.58819323125 0.6465650421875 0.5910510484375 0.6582120703125 0.598253596875 0.6664840187500001 0.6129576765625 0.6738348937499999 0.627911996875 0.6754718171875 0.64471405625 0.6727773140625 0.65801559375 0.66482939375 0.6657015281249999 0.6537821671875 0.667684934375 0.6428036515625 0.6639658093749999 0.6318938484375 0.6591245859375 0.6312253359375 0.6595657859374999 0.6270666109375 0.6557491859375 0.62311494375 0.6496647390625 0.6200732015625 0.6363079125 0.619818803125
4 0.5995489171874999 0.8747099578125 0.5704251984375001 0.8700767953125 0.561364365625 0.8699263859374999 0.5384673156249999 0.8733692609375 0.527569290625 0.8737601640625 0.5249748203125 0.8797619531249999 0.5265577734375 0.9004060890625001 0.5228266640625 0.9359107765625 0.5202216468749999 0.9457026781250001 0.516297021875 0.9524992578125 0.51506035 0.9618074109375 0.5258714437500001 0.9645845281250001 0.543208184375 0.9662446625 0.5522202796875 0.9698741375000001 0.5697097875 0.9727784546875 0.57832941875 0.9770875890624999 0.588595284375 0.97930018125 0.59191539375 0.9792082578124999 0.6052933140625 0.9718824296875 0.6098777421875 0.9665835109375 0.6152932765625 0.9292933265625001 0.61473095 0.9208375312499999 0.6192429890625 0.8994450234375 0.6183540359374999 0.896081090625 0.613867084375 0.8944218765624999 0.6140238453125 0.8801945609375 0.5995489171874999 0.8747099578125
4 0.4089425609375 0.7370887140625 0.406789290625 0.7389317765625 0.40119334687499997 0.7708766203125 0.395629040625 0.791451125 0.3962888453125 0.7929487859375 0.411434125 0.7961409359375 0.44340910625 0.8007397421875 0.4434302 0.793159515625 0.44012063437500004 0.7894613265625 0.43973871875 0.7863508718750001 0.44153771875 0.7854985125 0.4402286578125 0.7787130796875 0.443166853125 0.7755107015625 0.4454321421875 0.74744789375 0.44415072499999997 0.74476361875 0.4089425609375 0.7370887140625