5 0.6376871687500001 0.7109181343750001 0.646423784375 0.7037240984375 0.657710625 0.685483825 0.667085965625 0.664378290625 0.67347495625 0.635311425 0.6724012734375 0.61906541875 0.6738509578125 0.5946757265625 0.6694978328125 0.580096559375 0.6650775640625 0.5727737687500001 0.6543243609375 0.5664128609375 0.6424157328125 0.5636635375 0.63361314375 0.5669640078125 0.6260979265625 0.574440028125 0.621848721875 0.58170048125 0.6061124171875 0.6178203921875001 0.602938065625 0.6301769109375 0.6008117078125 0.650532046875 0.6016740421875 0.656548634375 0.60090103125 0.6849728828125 0.60440408125 0.703234128125 0.61015200625 0.710378640625 0.6150241671875001 0.71295784375 0.6231757703125 0.71387020625 0.63269531875 0.7102504671875 0.6376871687500001 0.7109181343750001
4 0.84375 0.72734375 0.0234375 0.0265625
2 0.6618326015625 0.54248453125 0.6799919296875 0.545711253125 0.6874914109375 0.5405218796875 0.6918560109375 0.5410466828125 0.6932362734375 0.534605521875 0.68790625625 0.5322483484375 0.6873686078125 0.5281005234375 0.6685700390625 0.524404321875 0.6618326015625 0.54248453125
4 0.487698428125 0.4802643265625 0.44195276093749997 0.5626603921875 0.4319861875 0.60197208125 0.483930775 0.6364486640625 0.53416450625 0.5114626109375 0.487698428125 0.4802643265625
4 0.37624679375 0.53473870625 0.37527129531250003 0.55632658125 0.4450047296875 0.5610158828125 0.460623878125 0.536768234375 0.4709967953125 0.4609715078125 0.38604975 0.4594815703125 0.37624679375 0.53473870625
4 0.10566859531249999 0.6540236453125 0.11866667500000001 0.6492678203125 0.1280285859375 0.629613559375 0.13347233125 0.6255376375 0.1321189859375 0.6174685265625001 0.1272871109375 0.6105355 0.1045201875 0.5907355890625 0.09012964999999999 0.5806261859374999 0.08808503281249999 0.581123734375 0.084353696875 0.5875341625 0.08137843593750001 0.6004214375 0.065297665625 0.6296747375 0.07692663125 0.64060095625 0.076700684375 0.64297275 0.074762328125 0.6430100375000001 0.07554525937499999 0.646584334375 0.08397535625 0.650469740625 0.08854100000000001 0.6641283890625 0.0924177125 0.6640538140625 0.10566859531249999 0.6540236453125
0 0 0.7766782734375 0.0037773859375000002 0.7855224015625 0.020728034375000003 0.7807507828125 0.032300720312499996 0.8042665390625 0.057221168749999995 0.797426628125 0.0730650359375 0.803689971875 0.07388425625 0.833842340625 0.0476188 0.85774171875 0.0720623078125 0.8729384375 0.13938024843750002 0.8085208421875001 0.1718808453125 0.7426359640625 0.19342465 0.705487496875 0.237689275 0.6423185796875 0.2455778890625 0.599412075 0.183688403125 0.591637509375 0.18255869687499998 0.5852972015625 0.16872458125 0.589051334375 0.17232850625 0.5946601203124999 0.14933357187500002 0.630605059375 0.1349408390625 0.625545225 0.12328239218749999 0.6460872421875 0.093116034375 0.65692701875 0.058701826562500004 0.6861662546875 0.025832459375 0.7524002390625 0 0.7642155484375001 0 0.7766782734375
4 0.0478851671875 0.5713580703125001 0.0676044421875 0.5347033265625 0.09078882187500001 0.4983637734375 0.09413540625 0.4894405578125 0.09284920468749999 0.474115071875 0.091853753125 0.47146129531250003 0.0895966203125 0.4728793609375 0.09096339375 0.47949719843749994 0.089303528125 0.48250753125 0.07881538906249999 0.4805709453125 0.0592998828125 0.47315668437499997 0.053192893750000005 0.471746775 0.050019710937499996 0.47295335468750005 0.027580317187499998 0.49492115 0.0106885890625 0.53465264375 0.0050177265625 0.5522503000000001 0.00014439375 0.5608210375 0.00033005625 0.5628030671875 0.0080566234375 0.56555646875 0.014534934375 0.5709304390625001 0.02208926875 0.5702505359375001 0.033692546875 0.5729293640625001 0.0380468421875 0.5763585906250001 0.043861909375 0.5762467296875 0.0478851671875 0.5713580703125001
4 0.340787103125 0.5871070953124999 0.3431504953125 0.58522876875 0.3454479140625 0.579456878125 0.3467755734375 0.5792786000000001 0.34694780468749997 0.5827119046875 0.3495505734375 0.5770105078125 0.350414078125 0.5718771546875 0.3489141890625 0.568622128125 0.35113220625 0.5604079468750001 0.34777453125 0.54848255625 0.34275699375 0.5395674984375 0.3321100484375 0.5327463328125 0.3201879921875 0.5314482843749999 0.3099514875 0.5353872921875 0.29801483281249996 0.5466904593749999 0.29136194843749996 0.5601830640625 0.2881473109375 0.576893409375 0.29106651875 0.5921111140625 0.298818771875 0.6031119046875 0.30845683749999997 0.6087305703125 0.3199807140625 0.6089671078125 0.32226470625000003 0.604646490625 0.3260217296875 0.6064834515624999 0.3310404375 0.6042485703125 0.33597974375 0.5995713968749999 0.340787103125 0.5871070953124999
4 0.11384008281249999 0.465387028125 0.1281547296875 0.4396043203125 0.13139505625 0.4311413671875 0.1359910640625 0.40844764375000003 0.1393510796875 0.3980731546875 0.134598603125 0.39358241718750003 0.114658059375 0.3880091953125 0.08257068125 0.37235978125 0.07426027187499999 0.3665628390625 0.0692158765625 0.36055033124999997 0.060892040625 0.3562046625 0.054584792187499995 0.3654139375 0.0470952625 0.3811373453125 0.0406023515625 0.388364590625 0.0318914234375 0.40380601718750003 0.024894074999999998 0.4104320125 0.019303784375 0.41932201718749995 0.0182546203125 0.422473340625 0.020563128125 0.4375500546875 0.023974515625 0.44367034531250005 0.05716360625 0.461513275 0.06530178125 0.4638769140625 0.0838609546875 0.4754335125 0.0873260578125 0.475748703125 0.0904198375 0.4720998328125 0.10373552500000001 0.47711316718749996 0.11384008281249999 0.465387028125
4 0.3083529625 0.33334488125 0.3073575125 0.33069110468749996 0.27925310468750003 0.3145068578125 0.26182249999999996 0.3022412234375 0.2601894921875 0.30234900625 0.2520098609375 0.31548913437500004 0.236752309375 0.34396290625 0.2438681765625 0.3465753171875 0.2484752765625 0.3447301984375 0.2515287703125 0.345435153125 0.25171443125000004 0.347417184375 0.2585383796875 0.3485078234375 0.2605427078125 0.3523641015625 0.286138346875 0.36409082187499997 0.2890990109375 0.3638047609375 0.3083529625 0.33334488125