2 0 0.7733333328125 0.01 0.7911111109375 0.0791666671875 0.8385185187499999 0.1375 0.8666666671875 0.2058333328125 0.87851851875 0.21833333281249998 0.862222221875 0.2216666671875 0.8488888890625 0.21916666718750002 0.820740740625 0.1916666671875 0.783703703125 0.185 0.7629629625 0.1741666671875 0.7481481484375 0.1158333328125 0.7066666671874999 0.0891666671875 0.696296296875 0.0416666671875 0.6533333328125 0.0083333328125 0.64 0 0.64 0 0.7733333328125
2 0.20750000000000002 0.6118518515625 0.2141666671875 0.6118518515625 0.2208333328125 0.6 0.27 0.6044444437500001 0.3025 0.6 0.3258333328125 0.5703703703125 0.32999999999999996 0.5466666671875 0.3283333328125 0.5111111109375 0.32083333281250004 0.4859259265625 0.31083333281250003 0.4711111109375 0.2958333328125 0.46074074062500003 0.24583333281250003 0.46962962968750005 0.21749999999999997 0.48444444375 0.17250000000000001 0.4933333328125 0.1591666671875 0.503703703125 0.1508333328125 0.52 0.145 0.5570370375 0.1591666671875 0.56148148125 0.1833333328125 0.6 0.20750000000000002 0.6118518515625
2 0.17916666718750002 0.4933333328125 0.1783333328125 0.4548148140625 0.1858333328125 0.4370370375 0.1858333328125 0.41333333281250006 0.18416666718750002 0.3940740734375 0.1783333328125 0.376296296875 0.16583333281249998 0.36 0.15 0.35851851875 0.13916666718749998 0.3674074078125 0.13 0.3940740734375 0.135 0.4681481484375 0.15 0.48 0.1616666671875 0.497777778125 0.17916666718750002 0.4933333328125
2 0.0866666671875 0.2 0.0808333328125 0.1659259265625 0.06833333281250001 0.1540740734375 0.0625 0.15555555625 0.060833332812499995 0.1718518515625 0.0666666671875 0.1881481484375 0.0716666671875 0.19555555625 0.0866666671875 0.2
2 0.4483333328125 0.5718518515625 0.45583333281250005 0.5896296296875 0.4641666671875 0.5970370375 0.5441666671875 0.60148148125 0.5375 0.5748148140625 0.45 0.5140740734375 0.4308333328125 0.5170370375 0.42083333281249996 0.5451851859375 0.4225 0.577777778125 0.4308333328125 0.5659259265625 0.43916666718749997 0.5659259265625 0.4483333328125 0.5718518515625
4 0.22749999999999998 0.7748148140625 0.2541666671875 0.7792592593750001 0.2641666671875 0.7674074078124999 0.2633333328125 0.740740740625 0.255 0.7274074078125 0.19083333281249998 0.6770370375 0.17333333281250002 0.67555555625 0.1616666671875 0.699259259375 0.16 0.7185185187500001 0.1633333328125 0.7259259265625 0.2216666671875 0.7659259265625 0.22749999999999998 0.7748148140625
2 0.7849999999999999 1 0.7783333328125 0.96 0.76 0.902222221875 0.7016666671875 0.8755555562499999 0.6083333328125 0.80148148125 0.585 0.8044444437499999 0.5650000000000001 0.8325925921874999 0.5549999999999999 0.8577777781249999 0.5358333328125 0.9333333328125001 0.5333333328125 0.9866666671875001 0.5408333328125 1 0.7849999999999999 1
2 0.7825 0.9733333328124999 0.7891666671875 0.980740740625 0.8083333328125001 0.980740740625 0.8183333328125 0.9629629625 0.8183333328125 0.9392592593750001 0.8016666671875001 0.9140740734374999 0.7975 0.8888888890625 0.79 0.8725925921875 0.7625 0.8370370375 0.7 0.7733333328125 0.6858333328125 0.7703703703125 0.6691666671875 0.783703703125 0.6625 0.79555555625 0.6608333328125 0.8148148140625 0.655 0.8251851859375 0.6541666671875 0.8385185187499999 0.6641666671875 0.8533333328125 0.7591666671875 0.91555555625 0.7825 0.9733333328124999
2 0.9058333328125 0.9199999999999999 0.9233333328125 0.9229629625 0.9383333328125 0.9125925921875 0.9716666671875 0.91555555625 0.9841666671875 0.8918518515624999 0.9925 0.8903703703125 0.9983333328124999 0.8696296296874999 0.9966666671875 0.8474074078125 0.9925 0.8400000000000001 0.9833333328125 0.8355555562499999 0.9675 0.8148148140625 0.9475 0.8088888890625 0.9191666671875 0.8162962968749999 0.865 0.8148148140625 0.8466666671875 0.8325925921874999 0.8425 0.856296296875 0.8425 0.9140740734374999 0.8758333328125 0.936296296875 0.8925000000000001 0.936296296875 0.9058333328125 0.9199999999999999
2 0.8258333328124999 0.7007407406249999 0.8275 0.6681481484375 0.8158333328125 0.6296296296875 0.805 0.617777778125 0.795 0.617777778125 0.7833333328125 0.6370370375000001 0.7833333328125 0.662222221875 0.7941666671875 0.7051851859375 0.8091666671875 0.71555555625 0.8258333328124999 0.7007407406249999
2 0.7841666671875 0.6829629625 0.7875 0.67555555625 0.7833333328125 0.662222221875 0.7833333328125 0.6370370375000001 0.7891666671875 0.623703703125 0.8 0.616296296875 0.7675 0.6029629625 0.7408333328125 0.579259259375 0.7266666671875 0.5837037031250001 0.7191666671875 0.6074074078125 0.7183333328125 0.6311111109375 0.7241666671875 0.6488888890625 0.7658333328125 0.6681481484375 0.7841666671875 0.6829629625
4 0.6599999999999999 0.75555555625 0.6458333328125 0.739259259375 0.5816666671874999 0.7259259265625 0.575 0.7348148140624999 0.5733333328125 0.7481481484375 0.6125 0.7748148140625 0.6633333328125001 0.782222221875 0.6599999999999999 0.75555555625
2 0.1645304015625 0.241592465625 0.1565765484375 0.1933207515625 0.14551874375 0.17918403125 0.12902902968750002 0.196768725 0.134072953125 0.2260765578125 0.15211463281249998 0.2564187703125 0.1651123921875 0.2567635640625 0.1645304015625 0.241592465625