2 0.7634514046875001 1 0.8083380546875001 0.9434220625 0.8404867640625 0.8871943421875 0.8570764375 0.819854209375 0.8416917937499999 0.8062478859375 0.8286234609375001 0.8019925859375 0.8003694890625 0.8025229796875 0.76150436875 0.8273724187499999 0.740349109375 0.8325760453125 0.7248146875 0.8423495593749999 0.679365125 0.8976471937499999 0.66715984375 0.9235255015625 0.620988103125 0.9679128484374999 0.6054755953125001 1 0.7634514046875001 1
2 0.5346943890625 0.672841190625 0.49910918281249994 0.6720235671875 0.473462175 0.67774846875 0.4579858828125 0.6866906796875 0.44659442812499994 0.7009307406249999 0.451973840625 0.751429 0.4647761328125 0.7807267437500001 0.4705043265625 0.8262371828124999 0.47991935 0.8402614375 0.49559464531249997 0.8497112437500001 0.53213455 0.8581139406249999 0.537556384375 0.8442918109375 0.5776668546875 0.82287093125 0.5911756171875 0.799589875 0.5916406609375 0.7929394484375 0.5802827234375 0.785462278125 0.5881460328125 0.7367254078125 0.5859795015625 0.703994546875 0.5580496984375001 0.6786511953125001 0.5346943890625 0.672841190625
2 0.3370307453125 0.8235867484374999 0.33444839531250004 0.8392781687499999 0.3425599359375 0.85070516875 0.3685222078125 0.8617096796875 0.44276462499999997 0.86188900625 0.455633953125 0.8477522875 0.47418225156249993 0.8373541546875 0.47096937031249997 0.81958675625 0.43248654999999997 0.81773114375 0.415275253125 0.8090092984374999 0.3916292890625 0.8073558125 0.37230068437499997 0.807674959375 0.3541593 0.81225396875 0.3370307453125 0.8235867484374999
2 0.16641814531250002 0.9060529640625001 0.171898109375 0.89139953125 0.137500125 0.8948417687499999 0.1248051875 0.9064845765625 0.1258761484375 0.9124070421875 0.1420164859375 0.915206421875 0.1586799984375 0.91052406875 0.16641814531250002 0.9060529640625001
2 0.5121707140625 0.5701866250000001 0.5395527296875 0.5821257796875 0.5721821890625 0.5827367171875 0.5609405109375001 0.573596940625 0.561521815625 0.56528390625 0.5680727390625 0.5565529421875001 0.5863303859375 0.5503113265625 0.5943010531249999 0.54251500625 0.6043151890625 0.4630199109375 0.5772484359375001 0.467810165625 0.510551965625 0.5508599609375 0.5121707140625 0.5701866250000001
4 0.652340796875 0.8381170593749999 0.6751729328125 0.8514087937499999 0.6942690171875 0.8544148578125 0.701890903125 0.851606359375 0.7458625921875 0.79620538125 0.755136740625 0.791006315625 0.76143053125 0.7647146359375 0.750305115625 0.753912253125 0.7236452765625 0.752883384375 0.70976311875 0.76026633125 0.6550394078124999 0.8207630328125 0.652340796875 0.8381170593749999
2 1 0.252357103125 0.9782950156249999 0.2544326515625 0.9193791125 0.2686909515625 0.888708278125 0.32502201406250003 0.8083040390624999 0.412960846875 0.8096321328125 0.43644402656250003 0.836316584375 0.4583588234375 0.8607428562500001 0.47009129375 0.9347773609375001 0.49448176093749996 0.9878063875 0.500696015625 1 0.49491707656250006 1 0.252357103125
2 1 0.225242909375 0.9840410187499999 0.214736775 0.96039505625 0.2130832875 0.9341086125 0.227952525 0.9086941265625 0.23035221250000001 0.891914353125 0.23669717031249998 0.85452710625 0.26164995156250004 0.7866188015625 0.319553959375 0.7826748390625 0.33347943125 0.7948130859375 0.35103558437500004 0.806171025 0.3585127546875 0.8252671078124999 0.36151882031250004 0.8352053046875 0.36806134375 0.8484480281250001 0.3698227328125 0.86392431875 0.360880521875 0.9326218359375 0.270452340625 0.9918865203125 0.2512062203125 0.999740928125 0.2450725078125 1 0.24136760625 1 0.225242909375
2 0.90349120625 0.0286646421875 0.8812068562500001 0.028777103124999998 0.8735268406250001 0.03241690625 0.8684537890625 0.041251215625 0.8466590921874999 0.055599178125 0.8393524734375 0.0751370875 0.844765403125 0.103918115625 0.8395090546875 0.1578494921875 0.8559646578125 0.17737828125 0.87931996875 0.1831882859375 0.9369570015625 0.18721865937499999 0.9614503093750001 0.15551666875 0.9626129171875 0.1388906015625 0.9472864031249999 0.12445297500000001 0.9514628859375 0.107202290625 0.942164125 0.09151542968750001 0.9474450875 0.05846997968749999 0.9246710796875 0.0443469421875 0.9237745109375 0.035930565625 0.90349120625 0.0286646421875
2 0.681591390625 0.22867290312500002 0.7252053953125001 0.220862903125 0.73659685 0.2066228421875 0.7229807312500001 0.188963346875 0.69058379375 0.1850271953125 0.651345278125 0.1939785265625 0.6387666015625 0.20395872656249997 0.6380690375 0.21393436718749997 0.65646755625 0.22691607343750003 0.681591390625 0.22867290312500002
2 0.62137200625 0.24033395 0.595865871875 0.265282171875 0.599311271875 0.27972435625 0.6224340625 0.2888595734375 0.64602189375 0.291344365625 0.6641632796875 0.28676535468750003 0.68628214375 0.2465436453125 0.7023397390625 0.2292884 0.6951828984375 0.225446471875 0.681591390625 0.22867290312500002 0.65646755625 0.22691607343750003 0.6435736140625 0.2201668625 0.636939946875 0.2088432046875 0.62137200625 0.24033395
4 0.7929283 0.356751365625 0.766094071875 0.35821640625 0.7488492546875001 0.3712117921875 0.7310723609374999 0.4342920640625 0.739474553125 0.44156255 0.752659146875 0.44415524375000004 0.7819929828125 0.40694415624999997 0.7929283 0.356751365625
2 0.233995496875 0.817104521875 0.21882075781250002 0.8166268125 0.1701117984375 0.8211940265625 0.1552381609375 0.8312387671874999 0.1716297546875 0.848914959375 0.201218040625 0.8459277328124999 0.23274486562500002 0.8300465687499999 0.233995496875 0.817104521875