2 0.2357808359375 0.8471071484375001 0.20393540468750002 0.7830028609374999 0.1909976921875 0.7699853562500001 0.1715552 0.7601562015625001 0.1392760984375 0.7272009015625 0.1118655859375 0.720328340625 0.0981749609375 0.72153484375 0.0801238671875 0.7313316453125001 0.0811401140625 0.8006777203125001 0.09981636875 0.8626962125000001 0.1358200625 0.9384274765624999 0.151814621875 0.9510854171875 0.2835064 0.9719433453124999 0.2848100203125 0.963712609375 0.276855325 0.9287038703125001 0.24185194375000002 0.8750677859374999 0.2357808359375 0.8471071484375001
2 0.4711713046875 0.78145538125 0.49023603437499996 0.7557884265625 0.506837209375 0.7077945375 0.4989410328125 0.6913569296875 0.48587295625 0.6791624984375 0.4621711015625 0.6678150046875 0.4273140171875 0.6606067421875 0.40325033593750004 0.6610140359375001 0.370335359375 0.679425 0.3608615140625 0.7108296078125 0.357559878125 0.760086215625 0.3448110453125 0.764816765625 0.34376815 0.7714013546875 0.3516935859375 0.797124528125 0.385957378125 0.8270192859375 0.3881309484375 0.841706803125 0.4256245328125 0.8417391562500001 0.443023815625 0.836057721875 0.4553523015625 0.824510828125 0.4711713046875 0.78145538125
2 0.5860011843749999 0.851953346875 0.5718609515625 0.8370579390625 0.555214584375 0.8285153656249999 0.5364531625 0.8238564078125 0.5130412890625 0.8201483312500001 0.494309128125 0.8247749375 0.4563951984375 0.8179262390625001 0.44926786874999997 0.8345155203125 0.4650017046875 0.8488196078125 0.4743611234375 0.8654889718750001 0.54674105 0.8820151515625 0.5745133874999999 0.8771329265625001 0.584987546875 0.8678234984375001 0.5860011843749999 0.851953346875
2 0.7316469234375 0.9551748531250001 0.73369013125 0.9706854421875001 0.7402241703125 0.9767826578125 0.755407296875 0.9850934765625 0.7717636828125001 0.9859966312499999 0.7741394609375 0.9804668718749999 0.764388953125 0.9662667296875 0.7316469234375 0.9551748531250001
2 0.4319725734375 0.451258071875 0.4066771125 0.440501896875 0.39855208124999997 0.520212228125 0.4045646703125 0.5296017390625 0.42095031718750003 0.539790459375 0.4253693015625 0.5497712859375 0.42406567968750003 0.5580020234374999 0.411056125 0.564378721875 0.4429867234375 0.5711234734375 0.472352665625 0.5656499312500001 0.478277478125 0.547182746875 0.4319725734375 0.451258071875
4 0.2370659109375 0.7064092875 0.22520035312500003 0.696092759375 0.19899235937499998 0.6910980984374999 0.1857220796875 0.69912094375 0.1859402203125 0.7261545640625 0.1938071375 0.7333066078125 0.22418932656249999 0.7971791406250001 0.23098408906249998 0.8016302078124999 0.250266959375 0.802996871875 0.2755038984375 0.79518191875 0.276778259375 0.7776656187500001 0.2370659109375 0.7064092875
2 0.1816704140625 0.3837713140625 0.2126007015625 0.3684208875 0.2191773234375 0.3458383359375 0.1606157734375 0.24206635156249998 0.1434027625 0.18027961406249998 0.0892042890625 0.1531335578125 0.0507396515625 0.14029159062500002 0.012543570312499999 0.3814521609375 0.0245394890625 0.390945615625 0.0776072875 0.3968195671875 0.15523095625 0.389708365625 0.1816704140625 0.3837713140625
2 0.2462526578125 0.28853501875 0.262029075 0.2741593390625 0.261318746875 0.259703578125 0.2081764953125 0.18800760156250002 0.1773606359375 0.15528405781250001 0.16243823125 0.14532709375 0.1382149296875 0.13727189374999998 0.11594705624999999 0.1168705921875 0.092535184375 0.11316251562499999 0.07341193593749999 0.1202583421875 0.0704136078125 0.13918903437500002 0.07668692187500001 0.14693239687499998 0.130103221875 0.17901689375000002 0.1766981109375 0.28258098593750003 0.1897661859375 0.2947754171875 0.203065725 0.2960381359375 0.21422095468750002 0.2918989046875 0.23350382343749998 0.29326556875 0.2462526578125 0.28853501875
2 0.1612302171875 0 0.1610575484375 0.0025195765625 0.1484683375 0.015712618749999997 0.1486572171875 0.0334606734375 0.13047576249999998 0.0440805484375 0.1278685203125 0.060542021875 0.14460267031250001 0.0969412875 0.20166910625 0.10597972343749999 0.2257327890625 0.10557243125 0.2461596578125 0.09024586875 0.25316994843749996 0.036514328125 0.26491846875 0.0096886 0.263642190625 0 0.1612302171875 0
2 0.42137354531250004 0.1677765578125 0.385154321875 0.150227903125 0.3527022734375 0.1467754453125 0.3354626125 0.16091936874999999 0.3433587890625 0.177356978125 0.3840981015625 0.1947778234375 0.40897321406250003 0.1987176546875 0.4298204296875 0.1902074359375 0.4313847734375 0.180330553125 0.42137354531250004 0.1677765578125
2 0.4401509015625 0.21968641249999998 0.43206584374999996 0.1855007484375 0.423054928125 0.19504193125 0.40897321406250003 0.1987176546875 0.3840981015625 0.1947778234375 0.3715807328125 0.1885766625 0.363743075 0.19071018281250002 0.3755075296875 0.2111353515625 0.3880115734375 0.2553018421875 0.4046579421875 0.263844415625 0.4282001765625 0.2667294171875 0.45278530781250004 0.26302983125 0.45939118749999996 0.2497328453125 0.4401509015625 0.21968641249999998
4 0.27262027187500004 0.30199216875 0.24680336406249997 0.2945282890625 0.2461674890625 0.345894553125 0.266378828125 0.3887506 0.27980873125 0.3891902453125 0.289631078125 0.3839961828125 0.286499778125 0.31853372343749997 0.27262027187500004 0.30199216875
2 0.7027471015625 0.8717632546875 0.687853828125 0.868815146875 0.6861610796875001 0.8817068203125 0.7133073875 0.9042729453125 0.74146535 0.913839525 0.76141310625 0.900303678125 0.7491802546875 0.8871705437499999 0.7027471015625 0.8717632546875