2 0.3661839484375 0.9190804187499999 0.3658668171875 0.8125538578124999 0.33256908281249997 0.8142447562499999 0.33161771875 0.928098503125 0.3376430328125 0.9540256140625001 0.3522305921875 0.949516571875 0.3661839484375 0.9190804187499999
2 0.22071958593750002 0.830813034375 0.252431725 0.754159028125 0.2261106375 0.7485227125 0.2058148953125 0.7936132921875 0.2045464 0.8144677109374999 0.19668793906249998 0.8301782359375001 0.206449128125 0.8437766140624999 0.21627989687500002 0.8251767437499999 0.22071958593750002 0.830813034375
4 0.137316696875 0.723158209375 0.1157920890625 0.726123965625 0.11448396406250001 0.7688124390625 0.12494896562499999 0.783466865625 0.1382680609375 0.7586670546875001 0.137316696875 0.723158209375
2 0.12156478281250001 0.5388052203125 0.124938603125 0.5242425390625 0.111925353125 0.5126780515625 0.060595309374999996 0.5199594015625 0.060595309374999996 0.5336654484375 0.06951178125 0.5490847640625 0.12156478281250001 0.5388052203125
2 0.8587983453125 0.89600265625 0.8334645 0.8782647984375 0.8273229609375001 0.8887255921874999 0.8329526890625001 0.9405747109375 0.8854116703124999 1 0.9330085921875 0.999700890625 0.8587983453125 0.89600265625
4 0.8237930421874999 0.4616678828125 0.829216215625 0.36313765625 0.7891450078125 0.3540343140625 0.776189640625 0.3620666671875 0.76534329375 0.3513568546875 0.74003515 0.34867941875 0.7355158390625001 0.33315019375 0.7085887875 0.3257787125 0.7002652109375 0.3770603875 0.71653473125 0.3818798 0.7138231453125 0.3979445078125 0.8237930421874999 0.4616678828125
4 0.742169909375 0.1579597390625 0.7463879375 0.18045033125 0.7825424265625001 0.187947203125 0.7783244125000001 0.16117268125 0.742169909375 0.1579597390625
4 0.944132021875 0.1955743921875 0.9449363343750001 0.2082958171875 0.9572891374999999 0.21418621718750003 0.967532890625 0.2099022875 0.944132021875 0.1955743921875
4 0.33224445468749997 0.2536422625 0.318686521875 0.28791363125 0.3430908015625 0.295410503125 0.3548410109375 0.2536422625 0.33224445468749997 0.2536422625
4 0.37713627031249997 0.2868426671875 0.34339209843749996 0.28898461875 0.3439946640625 0.3157591421875 0.373219553125 0.3130816828125 0.37713627031249997 0.2868426671875
4 0.1865997875 0.4260838640625 0.20817426249999998 0.4209972640625 0.22292416875 0.4112153140625 0.2330509734375 0.401824653125 0.20377131406250001 0.3818695015625 0.140148603125 0.44916924375 0.17184988125 0.47851505625 0.1837378609375 0.4714720609375 0.1766931390625 0.4440826234375 0.18307741718749998 0.440952415625 0.1865997875 0.4260838640625
4 0.43828125 0.6109375 0.03046875 0.0546875
2 0.484375 0.6546875 0.0390625 0.04453125