2 0.3444343640625 0.9115026921875 0.3496928375 0.8051055249999999 0.316352240625 0.8050514375000001 0.30944353593749996 0.9186993609374999 0.3141036734375 0.94490628125 0.32890722499999997 0.941166871875 0.3444343640625 0.9115026921875
2 0.1888595515625 0.8279422140625 0.19965028906249999 0.8098823375 0.2037889140625 0.815743259375 0.239469353125 0.7408539890625 0.2134793203125 0.733847859375 0.1908515328125 0.777814446875 0.188493340625 0.798573896875 0.1798234234375 0.8138516109375 0.1888595515625 0.8279422140625
4 0.10448421875 0.7057061828125 0.10094374375 0.748267690625 0.11062745 0.7634497296875 0.1252262140625 0.7393809734375 0.12613454375 0.7038710015625 0.10448421875 0.7057061828125
2 0.12005250625 0.5189462703125 0.1241838546875 0.5045801187500001 0.111793678125 0.49235041874999996 0.060152903125000004 0.49693538281249994 0.059435584374999996 0.510622646875 0.0675328515625 0.5264874828125 0.12005250625 0.5189462703125
2 0.8924051140625 1 0.837581446875 0.9142380031249999 0.8132106484375001 0.8951985828125 0.8065300499999999 0.9053236171875 0.809438490625 0.957396315625 0.8432507687499999 1 0.8924051140625 1
4 0.7439253171875 0.3457048015625 0.7174209609375 0.3369341703125 0.7064249171875 0.38770994375 0.7224199109375 0.39337423125000004 0.7188712796875001 0.40927500937500005 0.82535544375 0.478666434375 0.8359278578125 0.3805550671875 0.7963879984375 0.3693670359375 0.7830300046875001 0.3767103484375 0.77275903125 0.365447559375 0.7476256968749999 0.3614492671875 0.7439253171875 0.3457048015625
4 0.79848679375 0.2031619890625 0.7956758296875 0.17620340625 0.759739028125 0.1711026875 0.7627742093750001 0.1937832109375 0.79848679375 0.2031619890625
4 0.9716207765625 0.2385105796875 0.9820746937499999 0.2347686375 0.959455759375 0.21923567031250002 0.95959318125 0.23198175625 0.9716207765625 0.2385105796875
4 0.3540132265625 0.28747889375 0.36793331406249996 0.246382853125 0.345367725 0.245200240625 0.3300347484375 0.2787150734375 0.3540132265625 0.28747889375
4 0.35385088593749997 0.30784695 0.38317585 0.306702671875 0.38846044375 0.2807046015625 0.354650415625 0.281077584375 0.35385088593749997 0.30784695
4 0.173424034375 0.46137045 0.1856643234375 0.4549592765625 0.180062709375 0.4272386828125 0.1866020609375 0.4244468921875 0.19089776249999998 0.40978306406250004 0.21270888281250003 0.40583255625000003 0.22795052343750002 0.39683596250000003 0.23855491875 0.3879881671875 0.2103597578125 0.366527984375 0.14330204375 0.4304057390625 0.173424034375 0.46137045
4 0.4328125 0.6078125 0.034375 0.05625
2 0.4765625 0.65390625 0.040625 0.0453125