4 0.5325660015625 0.8436473140625 0.4277955578125 0.9354825218749999 0.44148840624999997 0.9976197109375 0.5484360078125 0.9139975921874999 0.5570363828125 0.8742820124999999 0.5653613140625 0.863368440625 0.559044209375 0.8442625250000001 0.5477649718750001 0.85216813125 0.5325660015625 0.8436473140625
2 0.641297815625 0.7968839812499999 0.6041979890625 0.8673081484375 0.6044326515625 0.8877320578125 0.5950428718749999 0.9025486781250001 0.6039463734375 0.91693230625 0.6095886484374999 0.9088777968749999 0.6351715203125 0.8888791406250001 0.6424981562500001 0.85864565625 0.67137426875 0.8355722515625 0.6648374312499999 0.815172775 0.661521565625 0.80443845625 0.6480819140625 0.8218262375000001 0.641297815625 0.7968839812499999
4 0.817165559375 0.7114496953125 0.8348153500000001 0.7057328484375 0.826977375 0.62609429375 0.7971832359375 0.608877065625 0.8039068328125 0.689406040625 0.817165559375 0.7114496953125
4 0.9600347984375001 0.5979810296875 0.9708113796875001 0.6016652890625 0.974322840625 0.5932707328125 0.9696939703125 0.57275141875 0.9669215765624999 0.56285769375 0.9521198343749999 0.5648115359375 0.9600347984375001 0.5979810296875
4 0.7338692265625 0.3163107 0.764781234375 0.3128420890625 0.7576492390625 0.293543259375 0.7327421953125001 0.29046919375 0.732086175 0.30298678749999997 0.7338692265625 0.3163107
4 0.7269635015625 0.3169665140625 0.732891853125 0.30141097656250004 0.7113793765625 0.2829039921875 0.7026578109375 0.296355871875 0.717423671875 0.320537465625 0.7269635015625 0.3169665140625
4 0.54409345 0.40752411874999994 0.55466028125 0.42180448281249994 0.56589446875 0.42335090937500003 0.5709606875000001 0.408932171875 0.57948705 0.4141673578125 0.58739360625 0.4072396140625 0.58326074375 0.41755736250000003 0.5905411734375 0.42943092812500006 0.5976522656250001 0.42054614375000005 0.602202225 0.4022696953125 0.5934230890625 0.37786790937500003 0.5623616 0.37081325625 0.5467442890624999 0.384359803125 0.54409345 0.40752411874999994
2 0.46532044531250005 0.7331346296875 0.4101934546875 0.7601302078125001 0.4030319109375 0.780923190625 0.4073082796875 0.8151826296875001 0.4651432 0.7899892000000001 0.47799236875 0.758702621875 0.48490381875 0.75159366875 0.48365954687499996 0.730775215625 0.47405613593749996 0.7402334765624999 0.46532044531250005 0.7331346296875
4 0.29222953125 0.8675438953124999 0.3406943171875 0.708418403125 0.23045778125 0.699008775 0.20214999531250002 0.811762440625 0.29222953125 0.8675438953124999
4 0.4313670375 0.3614913046875 0.4147167234375 0.3611384484375 0.40563455 0.3726168890625 0.39238235625 0.3688038296875 0.3596578171875 0.37384564062500003 0.373550134375 0.4379840546875 0.4618912359375 0.3984344640625 0.45824299999999996 0.38992716562499996 0.471182334375 0.37719985624999997 0.45734401875 0.34570072500000004 0.4419617265625 0.3490526125 0.4313670375 0.3614913046875
4 0.1614414375 0.17365596562500002 0.18534981718750002 0.1582767484375 0.176425003125 0.1500126625 0.1515873890625 0.1663827046875 0.1614414375 0.17365596562500002
4 0.4544005453125 0.2583982625 0.449721734375 0.2555795328125 0.4297451609375 0.2729761984375 0.4484498671875 0.27524323281249996 0.4544005453125 0.2583982625
2 0.6970991234375 0.7419158265625 0.7314117625 0.81298124375 0.751276003125 0.7968440125 0.7034214484375 0.7045658234375 0.693999171875 0.7118299515625 0.7014094531249999 0.7310589671875001 0.6970991234375 0.7419158265625
4 0.869440990625 0.3635808078125 0.8664966578125 0.3736315359375 0.8760769234374999 0.3811160046875 0.8863102703125 0.37037305625 0.925204403125 0.423973725 0.9434995078125 0.3862607953125 0.8777479859374999 0.33769788125 0.8588443296875001 0.3581914953125 0.869440990625 0.3635808078125