2 0.061886300000000005 0.678766140625 0.058405818750000005 0.6936327 0.084690078125 0.697834753125 0.19820011875000001 0.6889436703125 0.197564165625 0.655609096875 0.0912749765625 0.6627236546875 0.061886300000000005 0.678766140625
2 0.2637295796875 0.7646944484375 0.1894744265625 0.8016764515625001 0.195406684375 0.8057121578125 0.1775378828125 0.816816440625 0.1917840421875 0.8256052781250001 0.20690811718750002 0.8166700484374999 0.22762325 0.8139499125 0.27118823281250004 0.79055825 0.2637295796875 0.7646944484375
4 0.2433858828125 0.8939110781249999 0.2587346140625 0.903328346875 0.30122784999999996 0.8990456109375 0.3026849015625 0.8773665546875 0.2671961890625 0.8788944796875 0.2433858828125 0.8939110781249999
2 0.48106414375 0.9328635515625001 0.49706788125 0.94068270625 0.510740540625 0.9397266203125 0.51442355 0.8880136921874999 0.501979475 0.8758388406250001 0.4876876140625 0.8802202828125001 0.48106414375 0.9328635515625001
2 0 0.17005569375000001 0.0372729015625 0.1985913046875 0.089388428125 0.2005905078125 0.099395328125 0.193734221875 0.0799334796875 0.16969941875 0 0.12054536874999999 0 0.17005569375000001
4 0.6297716453125 0.22493424687500002 0.6183313187499999 0.21486139999999998 0.6254403843749999 0.2013772828125 0.6135639921875 0.16203870468749998 0.5156520812500001 0.1743217875 0.5868913421874999 0.2795786859375 0.602727765625 0.2757530875 0.6086703421874999 0.291646790625 0.659246475 0.2797662609375 0.6500146140624999 0.25341901093749997 0.634207965625 0.2499939734375 0.6297716453125 0.22493424687500002
4 0.8015841078125 0.23192159375000002 0.8243141484375001 0.23456048125 0.8185870234375001 0.1987181734375 0.7915834890625 0.19637812968749999 0.8015841078125 0.23192159375000002
4 0.7599564156249999 0.035799253125 0.772702959375 0.0357142046875 0.756777603125 0.013369803125 0.7532186765625 0.023887434375 0.7599564156249999 0.035799253125
4 0.7242175265624999 0.6660774109375 0.7574596578125 0.6501618546875 0.7558834015625 0.6276203421875 0.715036559375 0.642255534375 0.7242175265624999 0.6660774109375
4 0.7214257734375 0.6415067234375 0.7212086328125 0.6076953359374999 0.6953067500000001 0.6134328531250001 0.6946744390624999 0.642773321875 0.7214257734375 0.6415067234375
4 0.61655761875 0.7594503859375 0.6078962437500001 0.77020758125 0.5991670234375001 0.7856039125 0.5955977734375 0.8074806562499999 0.5810111499999999 0.8120316234375 0.5783339109375001 0.8186187031250001 0.550519778125 0.81350173125 0.544323203125 0.8258520468749999 0.5758089 0.8554290421875 0.6385066078125 0.7872667203125 0.61655761875 0.7594503859375
4 0.39375 0.56953125 0.05625 0.034375
2 0.346875 0.5265625 0.046875 0.0421875