4 0.54931409375 0.938664596875 0.44949351875000004 0.8414719843749999 0.4338694328125 0.849185671875 0.4230194 0.8407005906249999 0.4157110265625 0.859449709375 0.4234533765625 0.87078401875 0.4299634125 0.910895278125 0.5323880015625 1 0.54931409375 0.938664596875
2 0.369162528125 0.9025820171875001 0.37437553125 0.9109207828124999 0.3840196109375 0.8970228390624999 0.37541814218749997 0.8817351015625 0.3767213875 0.8613514640625001 0.3433581203125 0.78908215625 0.33527794375000003 0.8136351765625 0.322766715625 0.7955678484375001 0.3188936046875 0.8061139171875 0.3112980984375 0.826143325 0.33892706875 0.8506963671875001 0.344661365625 0.8812718640625 0.369162528125 0.9025820171875001
4 0.1975258578125 0.593174484375 0.1668714703125 0.6088088125 0.154876278125 0.6879280171875 0.1722026828125 0.6945607484375 0.1865969140625 0.6732412109375 0.1975258578125 0.593174484375
4 0.04510780625 0.541060590625 0.03042860625 0.5383347625 0.027142214062499996 0.5480698328125 0.0214457890625 0.56831876875 0.0245131015625 0.576885596875 0.0354677328125 0.5737703890625 0.04510780625 0.541060590625
4 0.278542765625 0.27857556250000004 0.253508971875 0.28034188125 0.24537672812500003 0.299241003125 0.2760648375 0.30432267031250004 0.278542765625 0.2911103359375 0.278542765625 0.27857556250000004
4 0.308277834375 0.28602866875 0.3002722390625 0.2721387734375 0.2778206640625 0.28949451875 0.2829267765625 0.305339003125 0.29226664375 0.3094043375 0.308277834375 0.28602866875
4 0.4211680765625 0.41331281718749996 0.4175808671875 0.4027929109375 0.42511401718749997 0.41012495781249997 0.4339026828125 0.40534318125 0.438207340625 0.42000730468749997 0.44950706562500004 0.4190509484375 0.4608067921875 0.40534318125 0.4593719125 0.3820718765625 0.4444849765625 0.36772654843749997 0.41309684375 0.37314590000000003 0.4030526484375 0.3970547796875 0.40663985625 0.41554430781249996 0.41327620937500004 0.42478908125 0.4211680765625 0.41331281718749996
2 0.5821328140625 0.7856131125 0.5760693046875 0.7644738203125 0.5224307031250001 0.7346301140625 0.5133354609375 0.7412620421875 0.5042402171875 0.7313141390625 0.501908096875 0.7520389421875 0.508438021875 0.7594998687500001 0.5196321671875 0.79141604375 0.5760693046875 0.8196017921875001 0.5821328140625 0.7856131125
4 0.6481795828125 0.7164701875 0.6882499656250001 0.8779140546875001 0.7811254265625001 0.8269234453125 0.75875750625 0.712842790625 0.6481795828125 0.7164701875
4 0.6467522578125 0.3813634734375 0.614336434375 0.3746159015625 0.6009028421875 0.37773016875 0.5924338515625001 0.3657921359375 0.5757878890625 0.3652730984375 0.5658587093749999 0.35229696875 0.5506729234375001 0.348144628125 0.535205034375 0.37887635 0.547460540625 0.39226340937500004 0.5433720671875 0.4005681140625 0.629522234375 0.4446869203125 0.6467522578125 0.3813634734375
4 0.832103378125 0.1752125859375 0.85517410625 0.1918219953125 0.8653953031249999 0.1850744234375 0.8414484703125 0.167426915625 0.832103378125 0.1752125859375
4 0.563001340625 0.2585458640625 0.5581814203125 0.2611158609375 0.5632423453125 0.2782491796875 0.582040065625 0.27696418125 0.563001340625 0.2585458640625
2 0.2867738796875 0.720201353125 0.2951803734375 0.7013865140625 0.2861511859375 0.6936392171875 0.233532746875 0.783286428125 0.25252520624999997 0.8004411578124999 0.29051009843750003 0.73126891875 0.2867738796875 0.720201353125
4 0.140619228125 0.3546237671875 0.13820494375 0.34443271875 0.1490691375 0.339605378125 0.131263940625 0.3181505078125 0.0630609421875 0.3632057 0.0793572328125 0.4018244375 0.12100330468750001 0.3503327875 0.130660384375 0.3615965859375 0.140619228125 0.3546237671875