2 0.752338221875 0.19409048281250002 0.7675549187499999 0.20182354375 0.7763558234375 0.19955490468749998 0.77884824375 0.1928765296875 0.760709896875 0.1694539828125 0.7432989203125 0.16686550312499998 0.7424700468750001 0.1834177078125 0.752338221875 0.19409048281250002
2 0.6868206921875 0.125644096875 0.69268196875 0.1323545203125 0.7003320796875 0.1298621890625 0.7181664828125001 0.111840290625 0.7152030734375 0.102509665625 0.70859645 0.0996337234375 0.6891640437500001 0.11973261875 0.6868206921875 0.125644096875
2 0.7544663859375 0.33059833906249997 0.7598386921875 0.3459683140625 0.7714956984375 0.347438334375 0.7768442234374999 0.3444986203125 0.7717045109375 0.3156440265625 0.759045778125 0.31318341875 0.7557007046875001 0.3181043078125 0.7544663859375 0.33059833906249997
4 0.721963996875 0.301200215625 0.7260782031249999 0.3107545328125 0.7401203234375 0.2999542125 0.7483011671875001 0.2824434703125 0.7482356234374999 0.27049264375000004 0.7370258234375 0.26672193437499997 0.7292266421875 0.2699811609375 0.721963996875 0.301200215625
4 0.7153997078125001 0.1383621453125 0.699717821875 0.1575983234375 0.6998251296875 0.1631902890625 0.7088406484374999 0.1721055796875 0.71359289375 0.17223345 0.732023575 0.1511439671875 0.733854171875 0.1355823515625 0.7257986140625 0.134016509375 0.7153997078125001 0.1383621453125
4 0.5904161859375 0.15465730312499998 0.58244995625 0.1833519765625 0.590720128125 0.19610175000000002 0.60167355 0.19504738906250002 0.6128178046875 0.18686727187500002 0.62557804375 0.1519416078125 0.620163975 0.1429304953125 0.6014531328125 0.1408852203125 0.5904161859375 0.15465730312499998
2 0.1927246703125 0.025622196874999996 0.1703706140625 0.0300316046875 0.1518564078125 0.0638388109375 0.1501748796875 0.07863353125 0.17623769375 0.0797202671875 0.1952884359375 0.0738728875 0.216467915625 0.0509300984375 0.214697059375 0.035464303125 0.2063851265625 0.0290733921875 0.1927246703125 0.025622196874999996
2 0.24842159062500002 0.120015184375 0.260782184375 0.1240095859375 0.269028571875 0.1184496703125 0.269070334375 0.1120908078125 0.240938528125 0.09707207031250001 0.23073045312499998 0.0942919484375 0.228494409375 0.1057953921875 0.24842159062500002 0.120015184375
2 0.180804909375 0.129952134375 0.17085321250000002 0.13199708125 0.16271412968750001 0.1431489625 0.144408734375 0.14516186250000002 0.14477241875 0.15557889687499998 0.1571330125 0.159573296875 0.1846865203125 0.1529910703125 0.19527625937499998 0.1415196765625 0.1910129859375 0.1327322546875 0.180804909375 0.129952134375
2 0.1233963046875 0.1426692046875 0.11768409843750001 0.13519188437500002 0.09826967187499999 0.13062222968749998 0.0815860625 0.1488678203125 0.08499668125 0.15589775625 0.0751522890625 0.16353466875 0.07366159375 0.17120363125 0.075986965625 0.189960703125 0.08225368749999999 0.20072930000000003 0.09840656406250001 0.197502121875 0.10594936875000001 0.18941782499999998 0.1233963046875 0.1426692046875
2 0.0949605578125 0.08620602031249999 0.0766969234375 0.08186005625000001 0.0728031375 0.12646790937500002 0.0768338171875 0.1487399484375 0.08883072656249999 0.142317315625 0.0949605578125 0.08620602031249999
2 0.11277060624999999 0.20347769843750002 0.09925921875 0.19925960625 0.094208834375 0.200665528125 0.0913765140625 0.21523655625 0.0650393453125 0.23399330156249998 0.07277878125000001 0.26176148593750004 0.079832615625 0.262336740625 0.0847756921875 0.255338853125 0.105018990625 0.24335630312499998 0.1171411875 0.217857084375 0.11277060624999999 0.20347769843750002
2 0.1221471875 0 0.1221625578125 0.0015599703125 0.1298364515625 0.017377328125 0.130051065625 0.0285612578125 0.14407520625 0.0424294890625 0.141946471875 0.059524898437499994 0.151003753125 0.062081326562500004 0.15665041562499998 0.0576078203125 0.1640621296875 0.0256218703125 0.1599061625 0.0224264140625 0.1637402078125 0.0088459734375 0.16298977812499998 0 0.1221471875 0
2 0.2069332671875 0.14298969687500002 0.20203195312500002 0.143628721875 0.19570548906250002 0.1638875375 0.20542459375000002 0.175327209375 0.22584074375 0.1808874515625 0.22722413125 0.1676265234375 0.21524520156250002 0.1493806078125 0.20588978125000001 0.1483579703125 0.2069332671875 0.14298969687500002
4 0.19778085625 0.0671945125 0.1973336484375 0.0694952015625 0.196182853125 0.069271509375 0.1952884359375 0.0738728875 0.1972918859375 0.0758540640625 0.1975482625 0.0806791328125 0.202556884375 0.08563207187500001 0.2029623296875 0.0896902453125 0.2062656421875 0.091128215625 0.206116571875 0.0918951125 0.2095689546875 0.0925661875 0.2094198859375 0.0933330828125 0.22092782500000002 0.09557 0.22107689375 0.0948031046875 0.23073045312499998 0.0942919484375 0.2310285921875 0.09275815625 0.23492818125 0.0911285421875 0.23552445937500002 0.0880609578125 0.2366752546875 0.08828464999999999 0.236567946875 0.082692684375 0.235417153125 0.0824689921875 0.22889405468750001 0.0668753265625 0.22674153593750002 0.06566104687499999 0.224481709375 0.0588548015625 0.2223291921875 0.057640521874999996 0.22262733125 0.0561067296875 0.21862043281250002 0.052144378125 0.21271739374999998 0.051792815625 0.21241925468749998 0.053326609375 0.2112684609375 0.0531029171875 0.210970321875 0.054636709375 0.20692166250000002 0.05703321875 0.20487645156249998 0.061410904687500004 0.2008277921875 0.063807415625 0.20038058281249999 0.0661081046875 0.19778085625 0.0671945125
4 0.1865588796875 0.1310705921875 0.188562328125 0.13305176875 0.190863915625 0.1334991515625 0.1957234671875 0.1392189875 0.2014774375 0.1403374453125 0.2016265078125 0.13957055000000002 0.2109819265625 0.1405931859375 0.21517965781249998 0.1374297796875 0.2157759359375 0.1343621953125 0.2146251421875 0.134138503125 0.21551955937499997 0.1295371265625 0.214368765625 0.129313434375 0.21460135781249998 0.115828815625 0.21345056406250001 0.1156051234375 0.21227598906249998 0.09707174375 0.2111251953125 0.09684805156250001 0.21057067968749998 0.09355677500000001 0.20826909218749998 0.0931093921875 0.2074164375 0.0913519078125 0.20181153593749998 0.089466553125 0.19861553125 0.093620546875 0.196164875 0.093940059375 0.194417803125 0.096783953125 0.19051821093750002 0.0984135671875 0.18787672187499999 0.1058588375 0.189027515625 0.10608252968750001 0.1888366859375 0.1132082875 0.18998747968750002 0.1134319796875 0.1865588796875 0.1310705921875
2 0.075843415625 0.3258674890625 0.0707512671875 0.3336322734375 0.0683661546875 0.3459026125 0.0726711921875 0.348331171875 0.08648072031250001 0.351015471875 0.098435865625 0.35095170000000003 0.1017809421875 0.346030809375 0.099819253125 0.337690771875 0.1029497140625 0.3215859515625 0.10198975156250001 0.3142365015625 0.0937195796875 0.3014867296875 0.0943576203125 0.29206028281249996 0.0902016546875 0.28886482812500003 0.09064886250000001 0.2865641390625 0.0884963453125 0.285349859375 0.08589661875 0.28643626875 0.07690488125 0.295830665625 0.07251632031250001 0.30611982968749996 0.0755214921875 0.30909159375 0.0749252140625 0.312159178125 0.07102562500000001 0.3137887921875 0.0701312078125 0.31839016875000004 0.0725401015625 0.32442951875000003 0.075843415625 0.3258674890625
2 0.03950669375 0.37149142031250004 0.04072303125 0.3836659390625 0.0425774109375 0.3864140109375 0.047180585937500005 0.38730877656249996 0.060626428125 0.37957604375 0.0644604734375 0.365995603125 0.0626060953125 0.3632475296875 0.0632441359375 0.353821084375 0.059022624999999995 0.33867480156249996 0.059917042187500005 0.33407342500000003 0.050752453125 0.3259250296875 0.0462983453125 0.324263365625 0.045445690625 0.3225058828125 0.039691721875 0.3213874234375 0.0274384359375 0.32298498750000004 0.0240933609375 0.327905878125 0.0220063875 0.3386424265625 0.0321727015625 0.347781409375 0.0368414203125 0.3606270015625 0.03750324375 0.36951024375 0.03950669375 0.37149142031250004
2 0.0339673375 0.3815568921875 0.035118131250000004 0.381780584375 0.035589123437499995 0.397789584375 0.0390415046875 0.398460659375 0.03933964375 0.396926865625 0.0432392328125 0.39529725312499997 0.0442827203125 0.3899289796875 0.0415756859375 0.38542342343749997 0.040210278125 0.3740158 0.039059484374999995 0.37379210937499996 0.035988765625 0.35886951875 0.0339853171875 0.3568883421875 0.033728940624999995 0.3520632734375 0.030318321875 0.3450333375 0.027015009375 0.34359536562500004 0.0261623546875 0.34183788125 0.0217082484375 0.34017621875000004 0.018130579687500002 0.358581728125 0.0270387921875 0.3619050546875 0.027742378125 0.36442943437499997 0.029894895312500003 0.3656437140625 0.0339673375 0.3815568921875
2 0.0518313265625 0.42482292031249996 0.0479734984375 0.42009367343750004 0.0456719109375 0.419646290625 0.0436029171875 0.40571428750000005 0.0397450890625 0.4009850390625 0.037443501562499995 0.40053765625000004 0.035738192187500004 0.39702268749999997 0.0363762328125 0.38759624062500003 0.0331564453125 0.373440546875 0.026037068749999996 0.36091446562499996 0.018130579687500002 0.358581728125 0.00754664375 0.41303136093750004 0.018416542187500003 0.4246947234375 0.0401325546875 0.42971176250000004 0.049786115625 0.42920060624999995 0.0518313265625 0.42482292031249996
2 0 0.5049837515625 0.00662206875 0.5099480765625 0.021880528125 0.5113222765625001 0.0332811609375 0.507967228125 0.0364116203125 0.49186240625 0.050262909375 0.48818784531250003 0.065622875 0.452175771875 0.056756425 0.442493584375 0.0430959671875 0.43904238749999996 0.0380038203125 0.446807171875 0.0232998765625 0.4487242484375 0.013115584375 0.46425381562499995 0.0092397765625 0.4841931171875 0 0.49163084531249995 0 0.5049837515625
2 0 0.5457063375 0.0092275984375 0.55183990625 0.029387371875000002 0.5525750796875 0.0344377578125 0.5511691578125 0.036119284375 0.5363744374999999 0.013228693750000001 0.51282401875 0 0.5041349390625001 0 0.5457063375
2 0.0778402 0.49991530624999997 0.0627725734375 0.49141535000000003 0.04306000625 0.48837948750000004 0.036560690624999996 0.49109551093750003 0.034581023437500004 0.5074240234375 0.0392915078125 0.5139107546874999 0.063416415625 0.5249671421875 0.0974930234375 0.53397858125 0.1143912484375 0.526916921875 0.1155838046875 0.5207817515625 0.10931708124999999 0.5100131546875 0.0778402 0.49991530624999997
2 0.10387923125000001 0.48269235468750005 0.08902621875 0.485376328125 0.085233934375 0.49259790625 0.089497209375 0.5013853265625 0.13188575 0.5167876765625 0.148295003125 0.5183855671875001 0.1556887390625 0.5110681671874999 0.15487784531249998 0.502951821875 0.12199379375 0.4878052125 0.10387923125000001 0.48269235468750005
2 0.1666479640625 0.5529920453125 0.170565534375 0.5266938828125001 0.1627425703125 0.511643421875 0.157137671875 0.5097580671874999 0.1519382171875 0.511930884375 0.12006169375 0.5407531031249999 0.1135861578125 0.5617788140625 0.1154405390625 0.5645268859375 0.1259467515625 0.5657732140625 0.1285047171875 0.5710456671874999 0.1468101125 0.56903276875 0.1550982625 0.557113990625 0.1666479640625 0.5529920453125
2 0.1498427296875 0.419940884375 0.1365617609375 0.4200123578125 0.115166753125 0.4307671015625 0.12124264375 0.44866145625 0.1416785609375 0.45682290468750003 0.1574388375 0.450821871875 0.1768506390625 0.4430986609375 0.174942490625 0.430448240625 0.166076040625 0.4207660546875 0.1498427296875 0.419940884375
2 0.117277509375 0.4383402421875 0.10621677812500001 0.43380263750000003 0.0984175984375 0.43706186406249997 0.0927291734375 0.4478942328125 0.0924965796875 0.461378853125 0.09739789374999999 0.4607398265625 0.1034082390625 0.4666833546875 0.11078399375 0.484034503125 0.1398102171875 0.49445186406249997 0.138570096875 0.4639676578125 0.117277509375 0.4383402421875
2 0.136310271875 0.4571614125 0.137741225 0.4805198625 0.1756756609375 0.4942605484375 0.1909341203125 0.4956347484375 0.20107665 0.48646404218750006 0.1991149640625 0.47812400468750005 0.1896522359375 0.47150940312499995 0.15401938906249998 0.4582160984375 0.136310271875 0.4571614125
2 0.168366021875 0.3352569609375 0.18818589531250002 0.3438847875 0.2233059890625 0.347527953125 0.22980530781250003 0.34481192968749996 0.2262873796875 0.332190028125 0.18816211249999998 0.3255751 0.169558578125 0.329121790625 0.168366021875 0.3352569609375
2 0.2762778953125 0.4620839359375 0.26811503281250004 0.454926128125 0.25430550625000004 0.452241828125 0.23736551874999998 0.46566235 0.22784304843749997 0.4900751578125 0.22234545625000002 0.49378176875 0.2183205796875 0.5144879671875 0.22518358125 0.5221889796875 0.242743628125 0.5240105609375 0.252140809375 0.5186743375 0.2729983671875 0.478955653125 0.2762778953125 0.4620839359375
2 0.24924931875 0.4106695125 0.2328638484375 0.427381309375 0.2323748765625 0.436040859375 0.24043043437499997 0.4376067015625 0.2534708296875 0.42581579375 0.2684729125 0.42236492343750004 0.269110953125 0.41293847812499995 0.25574863593749997 0.4079534890625 0.24924931875 0.4106695125
2 0.215500434375 0.4614122078125 0.18954492812499998 0.46591743750000003 0.1863489234375 0.47007143124999995 0.1981132390625 0.4771334171875 0.20163116718750002 0.48975531875 0.21473710625 0.4899152390625 0.2363875765625 0.48298145000000003 0.24582652187499998 0.47128636406249996 0.2316115484375 0.464543890625 0.215500434375 0.4614122078125
2 0.1880600359375 0.5165646374999999 0.2061148578125 0.5527049093749999 0.21862452187499998 0.5559324140624999 0.22757449531249999 0.552896878125 0.229768775 0.5477522953125 0.2150172671875 0.513049996875 0.2068544015625 0.5058921890625 0.1897415640625 0.5017699171875 0.1880600359375 0.5165646374999999
2 0.268615609375 0.5322230546875 0.25625501562499997 0.5282286546875 0.25120463125 0.5296345765625 0.2500776203125 0.5477205734374999 0.2706248609375 0.57718246875 0.2776369296875 0.584116584375 0.28799407499999996 0.586129809375 0.300992709375 0.5806977640625 0.30133261093749997 0.5728051093750001 0.279932715625 0.5415857296875 0.268615609375 0.5322230546875
2 0.3112964859375 0.5031133734375001 0.30483893281249996 0.499470534375 0.2872788859375 0.497648953125 0.28303939218749996 0.5071712203125001 0.2888409265625 0.5449090546875001 0.295662165625 0.558968928125 0.3065738265625 0.5642734296875 0.3100679703125 0.5585856437500001 0.3054410125 0.5393811890625 0.314003521875 0.5076189296875 0.3112964859375 0.5031133734375001
2 0.232236840625 0.6763674984375 0.20992455 0.6744180453124999 0.186783384375 0.6890207968750001 0.1724013609375 0.7077137703124999 0.17116704375 0.7202078015625 0.1748758015625 0.7257039453125 0.199936890625 0.72580009375 0.20707424843750002 0.7136576234375 0.22991727343749999 0.700588665625 0.23995249687500003 0.68582599375 0.232236840625 0.6763674984375
1 0.0500007296875 0.44038453750000006 0.07506181875 0.44048068437500004 0.073863459375 0.403637615625 0.053554615625 0.4036693390625 0.0479734984375 0.42009367343750004 0.0518313265625 0.42482292031249996 0.0500007296875 0.44038453750000006
2 0 0.6447550609375 0.0087502328125 0.6464559328124999 0.019512825 0.6525273312500001 0.028057353125 0.6454336234375 0.0311460515625 0.6356876640625 0.024151959375 0.6040849984375 0.0154345796875 0.5936359140625 0.001774121875 0.59018471875 0 0.59123486875 0 0.6447550609375
2 0 0.6725440828125 0.0117374265625 0.674096246875 0.021581817187499998 0.666459334375 0.013204340625 0.6481175968749999 0 0.6447816343749999 0 0.6725440828125
2 0 0.775531584375 0.0043135359375 0.7737289859375001 0.0115761796875 0.7425099328125 0.005905734375 0.72867375 0 0.7270068484375 0 0.775531584375
2 0.097086434375 0.8371269390625 0.082340728125 0.845402878125 0.0680839921875 0.845019265625 0.0578997 0.8605488343750001 0.0670642875 0.868697228125 0.0885239265625 0.8688891968749999 0.12087144218749998 0.8560759796875 0.1233638609375 0.8493976046875 0.117651653125 0.841920284375 0.097086434375 0.8371269390625
1 0.15626589375 0.8398756640625 0.15745845 0.83374049375 0.141985375 0.8211823640624999 0.13292809375 0.8186259343750001 0.1283904625 0.8296819937500001 0.15006471562499998 0.8410578937500001 0.15626589375 0.8398756640625
4 0.22571897187499998 0.8573553359374999 0.2330291828125 0.8627556593750001 0.24038115312500002 0.8617971203125 0.26030253124999997 0.8330386750000001 0.2582753 0.8127478109374999 0.24661829218750003 0.811277790625 0.222350115625 0.8439665390625001 0.22571897187499998 0.8573553359374999
2 0.3070807765625 0.5309453296875 0.311087675 0.53490768125 0.3570776671875 0.550214209375 0.3706308171875 0.548073440625 0.3716743046875 0.5427051671875 0.36826368593750003 0.53567523125 0.3576501640625 0.5288369359375 0.316263346875 0.514425175 0.3070807765625 0.5309453296875
2 0.3655566515625 0.531169675 0.3706725796875 0.5417145796875 0.3631297765625 0.5497988765625 0.3858475140625 0.5558065015625 0.403705703125 0.5560942921875001 0.409501434375 0.5508538890625 0.40928681874999995 0.5396699578125 0.40628164531250005 0.53669819375 0.3655566515625 0.531169675
2 0.41331169687499997 0.5189637593749999 0.413502528125 0.5118380015625 0.3841543828125 0.4846447453125 0.36344009375 0.4806182953125 0.3579007375 0.49068376718750006 0.362760290625 0.496403603125 0.370815846875 0.49796944375 0.3732247421875 0.50400879375 0.3779769875 0.5041366640625 0.37834067031249996 0.5145536984375 0.387356190625 0.5234689890625 0.40231651093750004 0.52637698125 0.41331169687499997 0.5189637593749999
2 0.3590515328125 0.49090745937499997 0.348056346875 0.4983206796875 0.3327978875 0.49694648125 0.3272167703125 0.513370815625 0.3307764578125 0.5196338546875 0.3429879828125 0.5243951515624999 0.3771898765625 0.51433000625 0.380278575 0.504584046875 0.37241385 0.4958924484375 0.3590515328125 0.49090745937499997
2 0.339464253125 0.46879501250000005 0.3631837171875 0.47579322656249995 0.3814891109375 0.47378032656249996 0.38402329375 0.460743090625 0.368806596875 0.45301002968750004 0.34118754375 0.44764142968750004 0.337246190625 0.45562990625 0.339464253125 0.46879501250000005
2 0.3389631046875 0.54510135 0.3340855734375 0.564050065625 0.3608757546875 0.58597086875 0.3712329 0.58798409375 0.3813336671875 0.5851722500000001 0.385424090625 0.5764168796875 0.37515046875 0.56168593125 0.3631297765625 0.5497988765625 0.3389631046875 0.54510135
2 0.3512877390625 0.5984328515625 0.3567018078125 0.6074439640625 0.3701714328125 0.61802091875 0.377076196875 0.61936306875 0.3855789609375 0.6186282203125 0.38956207656249997 0.6042808843749999 0.3725327625 0.587440890625 0.3587232359375 0.584756590625 0.3512877390625 0.5984328515625
2 0.33548056718749997 0.6367456140625001 0.35949816874999996 0.6422100359375 0.381106875 0.6416351078125 0.3864553984375 0.6386953937500001 0.385089990625 0.6272877718750001 0.37027873906250003 0.6236128828124999 0.3385692640625 0.6269996546875001 0.33548056718749997 0.6367456140625001
2 0.44288606093749994 0.6432974234375 0.43743023125 0.6406451734374999 0.428033046875 0.645981396875 0.4082787203125 0.6493043968750001 0.39598367031250004 0.6572608234375 0.3883991046875 0.6717039812500001 0.39411131250000003 0.6791813015625 0.4090716328125 0.6820892921875 0.4168708125 0.6788300656249999 0.43975559999999997 0.6594022453124999 0.44288606093749994 0.6432974234375
0 0.404283428125 0.731298521875 0.39642450625 0.7655851609375001 0.40154043437500003 0.7761300656250001 0.42470538125 0.779837003125 0.42660152343749996 0.7762262140625 0.43290420625000003 0.7376577109375 0.42697738437500005 0.718996459375 0.417920103125 0.7164400296875 0.404283428125 0.731298521875
2 0.299322215625 0.8350522265625001 0.301600021875 0.817189921875 0.29288264062499997 0.8067408374999999 0.2920717484375 0.7986244921875 0.28531605625 0.796515446875 0.2720192828125 0.803481284375 0.2583826078125 0.8183397765624999 0.2559557328125 0.836968978125 0.24312995 0.8599438156250001 0.2511855078125 0.8615096578125 0.2583466484375 0.8676768765625 0.2782082828125 0.8699458421875 0.29397369375000004 0.837991940625 0.299322215625 0.8350522265625001
2 0.43718545937500003 0.72177658125 0.43390592968749997 0.7386482984375 0.4545129140625 0.7370827828125 0.46755330937500006 0.725291875 0.47735593906249996 0.724013825 0.4855367828125 0.7065030812499999 0.48591844687499997 0.692251565625 0.4665040203125 0.6876819109375 0.43718545937500003 0.72177658125
2 0.4974919296875 0.706439309375 0.5127683703125 0.6831449578125001 0.5062035078125 0.6739101546875 0.49484463749999996 0.670906340625 0.491946771875 0.67352654375 0.48479143437500005 0.7103375625 0.4974919296875 0.706439309375
2 0.338037959375 0.7956213328125 0.33577813437500004 0.7888150875 0.3141694265625 0.7893900140625 0.29347891875 0.8036732531249999 0.2985948484375 0.8142181578125 0.2932701078125 0.8354675609375001 0.3030727359375 0.834189509375 0.3071631578125 0.8254341374999999 0.319714584375 0.82230278125 0.336803640625 0.8081153640625001 0.338037959375 0.7956213328125
2 0.3814699875 0.8056554078125 0.402375109375 0.8025561 0.3973009421875 0.785652334375 0.3854948640625 0.784949209375 0.3814699875 0.8056554078125
2 0.39098028125 0.8488893875000001 0.3987794609375 0.845630159375 0.402333346875 0.8089149625 0.396728446875 0.8070296078125001 0.3778267734375 0.812110090625 0.374910928125 0.8393988421874999 0.39098028125 0.8488893875000001
2 0.439689484375 0.8010546828124999 0.44915221250000004 0.8076692859374999 0.482566996875 0.8077974828125001 0.479347209375 0.7936417890625 0.465877584375 0.783064834375 0.4463140890625 0.7792620765625 0.43401904062499996 0.7872185015625 0.439689484375 0.8010546828124999
2 0.45778606875000005 0.8308360921875 0.49832023124999997 0.8434903703125001 0.5084627625 0.834319665625 0.5028996234374999 0.8260754484374999 0.48853558125 0.820099871875 0.463069046875 0.8159455515625 0.457273315625 0.8211859546875001 0.45778606875000005 0.8308360921875
2 0.45778606875000005 0.8308360921875 0.45556800468749997 0.8176709859375 0.4409058234375 0.8132292015625 0.42980333125000003 0.8150504578125 0.4231131828125 0.8248922390625 0.409816409375 0.8318580765625001 0.4063878109375 0.8494966906249999 0.4105437765625 0.8526921453125 0.43129982812499995 0.850359734375 0.4434458078125 0.8431702046874999 0.451435821875 0.8327852203124999 0.45778606875000005 0.8308360921875
2 0.47597835312500003 0.780252990625 0.48637725937500004 0.775907353125 0.48070681562499995 0.762071171875 0.45758363125 0.7520053734375 0.4488900328125 0.759865978125 0.4586091375 0.7713056500000001 0.47597835312500003 0.780252990625
2 0.43500858750000004 0.855855878125 0.44421493749999996 0.8576454124999999 0.47191751562500006 0.8502962890625 0.47645514687499996 0.839240228125 0.4691449375 0.83383990625 0.449581440625 0.8300371468750001 0.433303278125 0.8523409109375001 0.43500858750000004 0.855855878125
2 0.5091785234375 0.76919725625 0.501808571875 0.7948243453125 0.5094169203125001 0.7986908749999999 0.5239717953125 0.7975406953124999 0.5370539546875001 0.7793909265625001 0.53869371875 0.7709550671875001 0.52882554375 0.7602822921875 0.52091905625 0.7579495546875 0.5091785234375 0.76919725625
2 0.5206209171875 0.759483346875 0.5176575062500001 0.7501527218749999 0.498946665625 0.748107446875 0.504658871875 0.7555847671875 0.5036153859375 0.760953040625 0.49366368749999995 0.7629979890625 0.49046768125 0.7671519828125 0.48395038437500004 0.7945365546875001 0.4920059421875 0.7961023968750001 0.502852059375 0.789456071875 0.5103293171875001 0.7694209484375001 0.5206209171875 0.759483346875
2 0.4910581578125 0.721106159375 0.4919763578125 0.7348144703124999 0.5043369515625 0.7388088703125 0.520638896875 0.7348147968750001 0.534168265625 0.7143643390625 0.51245225 0.7093473015625 0.5022024140625 0.7129260421875 0.4910581578125 0.721106159375
2 0.33121615000000004 0.9351647249999999 0.32088278593749997 0.9514611875 0.319201259375 0.9662559078124999 0.3318599921875 0.9687165171875 0.343004246875 0.9605363984374999 0.355639196875 0.94468731875 0.36256194062499997 0.9213609187499999 0.3545063828125 0.9197950765625 0.33121615000000004 0.9351647249999999
2 0.7099357875 0.70714471875 0.7061672875 0.7326759859374999 0.7113249781250001 0.7368620296875 0.7102397296875 0.7485891640625 0.7201914281249999 0.7465442171875 0.723959928125 0.72101295 0.719440278125 0.707400459375 0.712833653125 0.7045245171875 0.7099357875 0.70714471875
4 0.684457075 0.7706371859375001 0.6886130421875001 0.7738326421874999 0.6958159453125 0.773641 0.704402234375 0.7601884296875 0.7116231171875 0.7353282375 0.7061672875 0.7326759859374999 0.690974371875 0.7432526140625 0.684457075 0.7706371859375001
2 0.653916375 0.7495790999999999 0.665597165625 0.769358809375 0.6742072375 0.7742159265625 0.6784049671875 0.7710525203125 0.6781903515625001 0.759868590625 0.6696638046875 0.7422937484375 0.6606482859375 0.7333784578125 0.653743521875 0.7320363078125001 0.653916375 0.7495790999999999
2 0.6409896578125001 0.6563369453125001 0.622940640625 0.6631749124999999 0.6095185812499999 0.6892173359375 0.6085824015625 0.700177575 0.6154454015625 0.7078785859375001 0.6268460328125001 0.7045235375 0.6393319140625 0.689441353125 0.6463202015625 0.67806578125 0.647745353125 0.6584459921875 0.6409896578125001 0.6563369453125001
2 0.4465536296875 0.5015491640625 0.4422903546875 0.49276174375000004 0.4196799234375 0.49234608281250003 0.4064904578125 0.5049038859375 0.40566158437500005 0.521456090625 0.39526267812500004 0.525801728125 0.39377198281250003 0.5334706890625001 0.4095431953125 0.5444950265624999 0.4158934421875 0.5425459 0.427973878125 0.52340554375 0.443912140625 0.508994434375 0.4465536296875 0.5015491640625
2 0.43028764218750004 0.45620613906249996 0.43177833750000005 0.4485371765625 0.41114757187500006 0.431793003125 0.40469001875000005 0.42815016406249995 0.3652648859375 0.422078440625 0.3620688828125 0.42623243437499997 0.34421069531250004 0.42594464375 0.343316278125 0.430546021875 0.3686992890625 0.44741806562499997 0.392865959375 0.45211559062499995 0.4080826578125 0.4598486515625 0.4233411171875 0.46122284999999996 0.43028764218750004 0.45620613906249996
2 0.3688843171875 0.39731406874999997 0.3529878171875 0.405366315625 0.353649640625 0.41424955781249995 0.36081078125 0.4204167765625 0.3990851171875 0.426264809375 0.40558443593750004 0.42354878749999997 0.4098239265625 0.41402651874999996 0.4032590640625 0.40479171562499994 0.396652440625 0.401915771875 0.3688843171875 0.39731406874999997
2 0.4478714734375 0.476337409375 0.45910505468749996 0.4984178078125 0.47227654062499996 0.510528553125 0.480183028125 0.5128612921875 0.48972928125 0.5067581718749999 0.49251983906249996 0.4985460046875 0.4706309734375 0.4759861734375 0.451067478125 0.472183415625 0.4478714734375 0.476337409375
2 0.4187199625 0.48499663281250005 0.421808659375 0.47525067343750005 0.411642346875 0.466111690625 0.38402329375 0.460743090625 0.3785494828125 0.48275939062499995 0.40501774218750003 0.48790429843750005 0.4187199625 0.48499663281250005
2 0.445086715625 0.527527815625 0.44971367500000003 0.5467322703125 0.460625334375 0.552036771875 0.4647157578125 0.5432813999999999 0.4588724609375 0.5119024265625 0.4488134546875 0.508355409375 0.438372784375 0.5190599078125 0.445086715625 0.527527815625
2 0.4230308015625 0.53040343125 0.42543969531250003 0.5364427796875 0.41676988125000003 0.5626130734375 0.424783675 0.5705377765625 0.44153282968749996 0.5642430125 0.44608844062499997 0.528518403125 0.438372784375 0.5190599078125 0.43246974531250004 0.5187083453125 0.4230308015625 0.53040343125
2 0.4189641625 0.557468490625 0.4097578109375 0.5556789578125 0.40886339375 0.560280334375 0.39801727656249997 0.5669266609375 0.387624171875 0.6142505359375 0.390480275 0.6179891953125 0.40904204843749997 0.620801365625 0.415690434375 0.6173184468749999 0.42593446874999996 0.5707614671875 0.41792067499999996 0.5628367640625 0.4189641625 0.557468490625
2 0.4588782625 0.554880665625 0.46002905624999996 0.55510435625 0.4599872953125 0.5614632187499999 0.4611380890625 0.561686909375 0.46083995 0.563220703125 0.46199074375000004 0.56344439375 0.46154353593749997 0.5657450828125 0.4626943296875 0.565968775 0.46224712031250004 0.5682694640625 0.46339791406249997 0.5684931546875001 0.4639524296875 0.57178443125 0.4651032234375 0.5720081234375 0.46595587812500006 0.5737656078125 0.4740114359375 0.5753314484375001 0.47416050624999995 0.574564553125 0.4776128875 0.575235628125 0.47776195625 0.57446873125 0.48281234062499995 0.573062809375 0.4831104796875 0.5715290171875 0.4842612734375 0.571752709375 0.48515569062499997 0.5671513312500001 0.484004896875 0.5669276390625 0.4844521046875 0.5646269515625 0.4833013109375 0.564403259375 0.48345038125000006 0.5636363625 0.48129786250000006 0.5624220828125 0.48159600156250004 0.560888290625 0.47944348437500006 0.5596740109375 0.4798906921875 0.5573733234375 0.4787398984375 0.5571496312499999 0.47903803749999996 0.5556158390625 0.47788724374999997 0.5553921468749999 0.4801232875 0.543888703125 0.47897249375 0.5436650125 0.47941970156249997 0.5413643234375 0.47826890781250003 0.54114063125 0.4774162515625 0.539383146875 0.47296214687499993 0.537721484375 0.47210949218750003 0.535964 0.4698079046875 0.5355166171875 0.46995697343750004 0.5347497203125 0.464203003125 0.5336312624999999 0.4639048640625 0.5351650546875 0.4627540703125 0.5349413625 0.46215779218749997 0.5380089484374999 0.4633085859375 0.5382326390625 0.460625334375 0.552036771875 0.45947454062500004 0.5518130796875 0.4588782625 0.554880665625
2 0.4632848046875 0.5199229515625 0.46213401093749995 0.5196992593750001 0.4613886625 0.523533740625 0.46253945625000004 0.5237574328125 0.46294490312500003 0.5278156046875 0.464095696875 0.5280392968750001 0.4649483515625 0.52979678125 0.467249940625 0.5302441640625 0.46810259531250004 0.5320016484375001 0.47040418281249996 0.53244903125 0.47225856093749996 0.535197103125 0.47456014843750005 0.5356444875 0.476414528125 0.538392559375 0.480868634375 0.540054221875 0.480719565625 0.54082111875 0.48187035937499995 0.541044809375 0.48272301406249996 0.54280229375 0.48502460156250005 0.543249678125 0.48487553125 0.5440165734375 0.48832791249999996 0.5446876484375001 0.48817884375 0.5454545453125 0.5008375765624999 0.547915153125 0.5009866453125 0.5471482578125 0.5057388921875 0.547276128125 0.5058879609375 0.5465092312500001 0.50963848125 0.5456465140625 0.510085690625 0.5433458250000001 0.511236484375 0.5435695171875 0.5127271796875 0.5359005546875 0.5115763859375 0.5356768625 0.50972200625 0.532928790625 0.5074204171875001 0.5324814078125 0.5075694875 0.5317145109375 0.5052679 0.531267128125 0.50541696875 0.53050023125 0.50311538125 0.5300528484375 0.5032644515625 0.5292859515624999 0.4953579640625 0.5269532140625001 0.495507034375 0.52618631875 0.4932054453125 0.525738934375 0.4933545140625 0.5249720375 0.4910529265625 0.5245246546875 0.491201996875 0.523757759375 0.48890040937499996 0.523310375 0.489049478125 0.5225434796874999 0.48674789062499996 0.5220960953125 0.4868969609375 0.5213292 0.476688884375 0.5185490781250001 0.476539815625 0.519315975 0.473087434375 0.5186449 0.47293836406249995 0.5194117953124999 0.4706367765625 0.5189644125 0.47048770781249993 0.519731309375 0.46818611875 0.519283925 0.46803705000000007 0.520050821875 0.46343387343750003 0.5191560546875 0.4632848046875 0.5199229515625
2 0.4814469328125 0.5616551875 0.484153965625 0.56616074375 0.4831104796875 0.5715290171875 0.4753113 0.5747882453125001 0.4744168828125 0.579389621875 0.4703682234375 0.58178613125 0.47407698125 0.5872822765625 0.47767843125000004 0.5871864546875 0.48102350625 0.5822655640625001 0.48492309687499996 0.5806359515625 0.487224684375 0.5810833343749999 0.4886736171875 0.5797732328125 0.4909752046875 0.5802206171875001 0.4989234546875 0.5761944921875 0.49937066249999995 0.5738938046875 0.501970390625 0.5728073953124999 0.5057626734375 0.565585815625 0.5069134671875 0.5658095078125001 0.5079569546875 0.560441234375 0.51650148125 0.5533475250000001 0.5176940375 0.54721235625 0.5168413828125 0.545454871875 0.5122382078125 0.5445601046874999 0.5021374390625 0.5473719484374999 0.4927820203125 0.5463493125000001 0.48903149843750005 0.5472120296874999 0.48858428906249995 0.5495127171874999 0.48438656093750004 0.5526761234374999 0.48349214375000005 0.5572775015625 0.48234135 0.5570538093749999 0.4814469328125 0.5616551875
2 0.5330835875 0.572488209375 0.5356595328125 0.5530921109375 0.5339542234375 0.5495771421875 0.52779480625 0.5444005109375001 0.52883829375 0.5390322375000001 0.5258331203125 0.536060475 0.5202282203124999 0.53417511875 0.513371021875 0.569452346875 0.5090242234375 0.5733826484375 0.50693725 0.5841191968749999 0.507599071875 0.5930024375 0.5145038359375 0.5943445875 0.52055594375 0.5939292546875 0.533405509375 0.5892641046875 0.5349379671875 0.57523628125 0.5330835875 0.572488209375
2 0.5000626421875001 0.4904617078125 0.5032168859375 0.492666575 0.5037714015625 0.4959578515625 0.5059239203125 0.49717213125 0.506614640625 0.50530094375 0.5161530125 0.5068272171875 0.5160246890625 0.4943602875 0.5227148374999999 0.48451850625 0.5220947765624999 0.469276403125 0.5206876046875 0.46422764218749996 0.5176824328125 0.46125587812499996 0.51857685 0.4566545015625 0.522625509375 0.45425799062500005 0.5235199265625 0.4496566140625 0.5206638234375001 0.44591795312500004 0.5185113046875001 0.44470367499999996 0.508005090625 0.44345734531250003 0.50736705 0.45288379218749997 0.5092214296875001 0.4556318640625 0.506538178125 0.469435996875 0.49918620625 0.470394534375 0.49773727343749996 0.4717046359375 0.4965029546875 0.48419866718750004 0.50036078125 0.488927915625 0.5000626421875001 0.4904617078125
2 0.44584424062499994 0.45604654531250005 0.449147553125 0.45748451718750005 0.4488494140625 0.45901830937500004 0.451151003125 0.4594656921875 0.45200365781249996 0.4612231765625 0.4543052453125 0.461670559375 0.45630869374999994 0.46365173593750003 0.46436425156250005 0.46521757812500003 0.466963978125 0.46413116875 0.4672621171875 0.4625973765625 0.46986184375000006 0.46151096718750007 0.4746140875 0.46163883749999995 0.4749122265625 0.46010504531249996 0.47606302031250003 0.4603287359375 0.4761047828125 0.453969875 0.47495398906249997 0.4537461828125 0.4743994734375 0.45045490624999995 0.47224695624999996 0.4492406265625 0.4725450953125 0.44770683437500003 0.4653839546875 0.441539615625 0.46568209375 0.4400058234375 0.4496545046875 0.424156415625 0.4473529171875 0.42370903281250005 0.44534946875000003 0.4217278578125 0.4361431171875 0.41993832343750004 0.435994046875 0.4207052203125 0.4277894203125 0.41990627500000005 0.42504062343750004 0.4217595796875 0.4236989984375 0.4286616453125 0.42585151562499995 0.429875925 0.42495709843749996 0.434477303125 0.44584424062499994 0.45604654531250005
2 0.3782994796875 0.36730929375 0.378001340625 0.3688430859375 0.375550684375 0.3691626 0.3752525453125 0.3706963921875 0.3741017515625 0.3704727 0.36800788125 0.377246896875 0.3668570875 0.3770232046875 0.366409878125 0.37932389375 0.36381015 0.3804103015625 0.363064803125 0.3842447828125 0.365217321875 0.3854590625 0.3657718375 0.3887503390625 0.36792435625 0.38996461875 0.3690333875 0.396547171875 0.3736365625 0.3974419390625 0.3763853578125 0.3955886328125 0.378686946875 0.39603601718750003 0.38648612656250003 0.3927767890625 0.386784265625 0.391242996875 0.3905347859375 0.3903802796875 0.390832925 0.3888464875 0.393283584375 0.388526975 0.3935817234375 0.38699318125 0.3987811765625 0.3848203640625 0.4005282484375 0.38197647031250004 0.4057277015625 0.3798036515625 0.406025840625 0.378269859375 0.41007450156249997 0.37587335 0.41141612656250004 0.36897128437500004 0.41026533125000003 0.3687475921875 0.41071254062499996 0.366446903125 0.409561746875 0.3662232109375 0.4088581609375 0.36369883125 0.40555484999999997 0.36226085937499997 0.4054057796875 0.36302775625 0.391447184375 0.3611103515625 0.3899982515625 0.36242045312500004 0.3863968 0.362516275 0.3860986609375 0.3640500671875 0.388102109375 0.3660312421875 0.38550238281250004 0.3671176515625 0.38089920625 0.366222884375 0.3782994796875 0.36730929375
2 0.46954629531250003 0.33411004375000003 0.4736129359375 0.307044984375 0.4709059015625 0.302539428125 0.476934228125 0.2838144046875 0.47367267812499997 0.276017571875 0.46751326249999997 0.27084094062499997 0.4672568859375 0.266015871875 0.4642517125 0.2630441078125 0.45504536093750003 0.26125457500000004 0.453554665625 0.2689235375 0.448909728125 0.27438763125 0.444139503125 0.2989283109375 0.43904735781250004 0.3066930953125 0.43666224531250003 0.31896343437499997 0.44879024375 0.3364424546875 0.4612999078125 0.339669959375 0.46954629531250003 0.33411004375000003
2 0.4192216828125 0.25508702968749997 0.41417129687500004 0.25649295156249996 0.4138731578125 0.25802674375 0.4127223640625 0.2578030515625 0.41167887812500004 0.26317132499999996 0.410528084375 0.262947634375 0.4103372515625 0.2700733921875 0.4114880453125 0.2702970828125 0.4143441484375 0.27403574375 0.42455222499999995 0.27681586406249997 0.42470129375 0.27604896874999996 0.4293044703125 0.2769437359375 0.42945354062499996 0.2761768390625 0.43290592187500004 0.2768479140625 0.43305499062499997 0.2760810171875 0.44371027500000004 0.27656044999999996 0.4438593453125 0.2757935546875 0.4497623828125 0.276145115625 0.451211315625 0.274835015625 0.45351290312500003 0.2752823984375 0.45511090625 0.2732054015625 0.45626170000000005 0.27342909375 0.45655983906250003 0.2718953 0.45771063281249996 0.2721189921875 0.45815784062500003 0.269818303125 0.45930863593750004 0.2700419953125 0.460203053125 0.26544061874999997 0.45905225781250003 0.2652169265625 0.45864681249999995 0.26115875312500003 0.45749601875 0.26093506093749996 0.4566433640625 0.259177578125 0.45434177656249997 0.25873019375 0.4544908453125 0.2579632984375 0.45103846406250003 0.2572922234375 0.451187534375 0.2565253265625 0.44097945781250003 0.25374520624999997 0.44083038906249994 0.2545121015625 0.4314749671875 0.2534894640625 0.4313258984375 0.25425636093750004 0.4278735171875 0.25358528593749996 0.427724446875 0.2543521828125 0.424272065625 0.2536811078125 0.424122996875 0.254448003125 0.41937075156250003 0.2543201328125 0.4192216828125 0.25508702968749997
2 0.3723790328125 0.23802301718750002 0.3712282390625 0.23779932499999998 0.36973754375 0.2454682875 0.3717409921875 0.24744946250000002 0.38425065625 0.2506769671875 0.389450109375 0.24850414999999998 0.3917516984375 0.2489515328125 0.3971002203125 0.24601181875 0.397398359375 0.2444780265625 0.3998490171875 0.2441585125 0.40014715624999997 0.2426247203125 0.4128476515625 0.2387264671875 0.41749258906250003 0.23326237187499999 0.4287441515625 0.23067422031249998 0.4317910859375 0.22728712187500003 0.43253643437499995 0.223452640625 0.433687228125 0.2236763328125 0.4329836421875 0.2211519515625 0.42968033125 0.21971398125000002 0.4239681234375 0.21223666093750002 0.4111603203125 0.21054294843750002 0.4001233734375 0.22431503125000002 0.39362405625 0.22703105468749998 0.38902088125 0.2261362875 0.381668909375 0.2270948265625 0.3764694546875 0.2292676453125 0.37327345 0.2334216390625 0.3723790328125 0.23802301718750002
2 0.3940892453125 0.20006181562499997 0.39293845156249996 0.199838125 0.39074417031249997 0.20498270624999998 0.38959337656250004 0.20475901406250002 0.3889970984375 0.20782660000000003 0.3865464421875 0.2081461125 0.38420309218750004 0.21405759062500002 0.383052296875 0.21383389843749998 0.3817106703125 0.220735965625 0.382861465625 0.22095965624999997 0.38211611875 0.2247941375 0.3832669125 0.2250178296875 0.3831178421875 0.2257847265625 0.3923241921875 0.227574259375 0.3924732625 0.2268073625 0.39477485 0.227254746875 0.396223784375 0.22594464531249997 0.39852537187500003 0.2263920296875 0.3988235109375 0.22485823593749998 0.3999743046875 0.225081928125 0.40157230625 0.22300493124999998 0.40272309999999995 0.2232286234375 0.40491738125000004 0.21808404062500003 0.406068175 0.2183077328125 0.406664453125 0.21524014687499998 0.407815246875 0.21546383906250002 0.4100095265625 0.2103192578125 0.4111603203125 0.21054294843750002 0.4122038078125 0.205174675 0.41105301406250006 0.20495098281250002 0.41313998749999997 0.1942144359375 0.4108384 0.193767053125 0.41098746875 0.19300015625 0.4029319125 0.191434315625 0.40278284375 0.1922012109375 0.400332184375 0.19252072343749999 0.3998849765625 0.1948214125 0.3987341828125 0.1945977203125 0.39843604374999997 0.1961315140625 0.39728525000000003 0.195907821875 0.3940892453125 0.20006181562499997
2 0.40931811875 0.14014808750000002 0.40516215312500004 0.1369526328125 0.39495407656250003 0.1341725109375 0.38845476093750003 0.13688853437499998 0.3849606171875 0.142576321875 0.3771672390625 0.1888137875 0.379641678125 0.2068039625 0.3834995046875 0.21153321093750002 0.39928869843750003 0.197888996875 0.40278284375 0.1922012109375 0.41027808125 0.1474975375 0.40931811875 0.14014808750000002
2 0.4563991640625 0.1867057203125 0.45625009375000003 0.187472615625 0.45034705625000004 0.1871210546875 0.44874905312499996 0.1891980515625 0.44759825937500003 0.188974359375 0.4465547734375 0.1943426328125 0.4416534578125 0.194981659375 0.44046090156249995 0.20111682812499998 0.4416116953125 0.2013405203125 0.44131355625 0.20287431250000001 0.4443187296875 0.2058460765625 0.4499236296875 0.20773143125 0.44977455937500005 0.208498328125 0.4579791875 0.2092972734375 0.45812825625000003 0.2085303765625 0.4628805015625 0.208658246875 0.465629296875 0.2068049421875 0.467930884375 0.20725232500000002 0.4693798171875 0.20594222499999998 0.4922883890625 0.20482409218750003 0.49258652812500003 0.2032903 0.495037184375 0.20297078750000003 0.4970823953125 0.1985931015625 0.49823318906249997 0.19881679218749998 0.49812588281250003 0.193224828125 0.49111381249999997 0.1862907125 0.47960587343750005 0.1840537953125 0.47945680468749996 0.1848206921875 0.47470455781250004 0.184692821875 0.473255625 0.186002921875 0.4709540375 0.1855555390625 0.47080496875 0.186322434375 0.46115140937500004 0.186833590625 0.461002340625 0.1876004875 0.4563991640625 0.1867057203125
4 0.40230604999999997 0.13321397343750002 0.40345684375 0.1334376640625 0.40300963437500004 0.135738353125 0.40416042812499997 0.1359620453125 0.404011359375 0.13672894062500002 0.40631294687499997 0.13717632500000002 0.4061638765625 0.1379432203125 0.40846546406249995 0.1383906046875 0.4083163953125 0.1391575 0.4104689125 0.1403717796875 0.41042715 0.1467306421875 0.41157794531249997 0.1469543328125 0.4121324609375 0.150245609375 0.4142849796875 0.15145988906250002 0.41398684062499996 0.15299368124999999 0.415137634375 0.1532173734375 0.41498856406250006 0.1539842703125 0.4172901515625 0.154431653125 0.41743922187500004 0.15366475625 0.419740809375 0.154112140625 0.41988987812499995 0.15334524375 0.4223405359375 0.15302573125000002 0.4240876078125 0.1501818375 0.42653826562499997 0.14986232500000002 0.4268364046875 0.1483285328125 0.4279871984375 0.148552225 0.42888161562500005 0.14395084687499998 0.427730821875 0.1437271546875 0.42817803125 0.14142646718750002 0.42702723750000005 0.141202775 0.4274744453125 0.1389020859375 0.42632364999999994 0.13867839375 0.42677085937500003 0.1363777046875 0.425620065625 0.1361540140625 0.4253636890625 0.1313289453125 0.42421289531250006 0.13110525312500002 0.42451103437500004 0.1295714609375 0.423360240625 0.12934776875 0.42365837968750003 0.1278139765625 0.4225075859375 0.127590284375 0.422805725 0.12605649218749998 0.42165493125 0.1258328 0.42195307031249996 0.1242990078125 0.4208022765625 0.1240753171875 0.4209513453125 0.1233084203125 0.41864975781249997 0.12286103749999999 0.418798828125 0.12209414062499999 0.4130448578125 0.1209756828125 0.4128957875 0.121742578125 0.40699275 0.1213910171875 0.40669461093750003 0.12292480937500001 0.4055438171875 0.12270111718750001 0.405245678125 0.124234909375 0.40409488437499996 0.12401121875000001 0.40230604999999997 0.13321397343750002
2 0.5815375578124999 0.21262190468750003 0.5792359703125001 0.21217452187500002 0.5790869015625 0.2129414171875 0.57433465625 0.212813546875 0.5740365171875 0.2143473390625 0.5728857234375 0.21412364843749998 0.5716931671875 0.2202588171875 0.5758491343750001 0.22345427343750002 0.5755509953125 0.224988065625 0.5767017890624999 0.2252117578125 0.5764036499999999 0.22674555000000002 0.57755444375 0.22696924062499998 0.5772563046875 0.228503034375 0.5784070984375 0.22872672500000002 0.579259753125 0.230484209375 0.5884661046875 0.23227374374999998 0.5886151734375 0.23150684687499998 0.5968198015625 0.23230579218749997 0.5969688703125 0.231538896875 0.6084768078125 0.2337758125 0.608625878125 0.2330089171875 0.6133781234375 0.23313678750000003 0.61352719375 0.23236989062500002 0.6185775765625 0.23096396874999997 0.618875715625 0.22943017656250003 0.6200265093749999 0.2296538671875 0.62066455 0.220227421875 0.61951375625 0.2200037296875 0.617659378125 0.2172556578125 0.614206996875 0.2165845828125 0.614356065625 0.2158176859375 0.5993957453125 0.21290969531249998 0.5992466765625 0.213676590625 0.5946435 0.2127818234375 0.5944944296875 0.2135487203125 0.5864388734375 0.2119828796875 0.5862898046875 0.21274977499999997 0.581686628125 0.21185500781250002 0.5815375578124999 0.21262190468750003
2 0.5645795921875 0.250710975 0.5714425921874999 0.2584119875 0.5712517609375001 0.26553774531249996 0.578156525 0.2668798953125 0.5855084953125 0.26592135625 0.5914532984374999 0.25991405625 0.592347715625 0.2553126796875 0.576999928125 0.2236779640625 0.5738456859375 0.221473096875 0.574889171875 0.21610482343749998 0.5728857234375 0.21412364843749998 0.559076196875 0.21143934843749998 0.5568819171875 0.2165839296875 0.5503825984375 0.219299953125 0.548784596875 0.22137695000000002 0.5546458734375 0.22808737343750002 0.5533697921875 0.2469402671875 0.5614253484375 0.24850610781250002 0.562278003125 0.2502635921875 0.5645795921875 0.250710975
2 0.5192752046875 0.262597378125 0.533448415625 0.2756987125 0.540502246875 0.276273965625 0.54094945625 0.2739732765625 0.5446999781249999 0.273110559375 0.549493984375 0.26687956874999996 0.5546458734375 0.22808737343750002 0.547782871875 0.2203863625 0.5403235921875 0.21575293437499998 0.529477478125 0.2223992609375 0.5281358515625 0.2293013265625 0.5301393 0.23128250156250002 0.530544746875 0.235340675 0.5290540515625 0.24300963750000001 0.5268597703125 0.24815421875000002 0.5216603171875 0.2503270375 0.5193587281250001 0.2498796546875 0.5192752046875 0.262597378125
2 0.547033321875 0.2702348109375 0.5457556171875 0.2718958375 0.5446411906249999 0.27353556874999996 0.5406656921875 0.27392965468749997 0.5404074 0.2752584515625 0.5384325171875 0.27641268750000003 0.535750003125 0.2761460953125 0.5399059687500001 0.27934155 0.5394587609375 0.2816422390625 0.5406095546875 0.28186593125 0.542463934375 0.284614003125 0.5482179031250001 0.2857324609375 0.548068834375 0.2864993578125 0.5548245265625 0.28860840468750004 0.5556771828125 0.2903658890625 0.5579787703125 0.290813271875 0.5578297015625 0.2915801671875 0.5601312890625 0.29202755156250004 0.55998221875 0.292794446875 0.5634346 0.293465521875 0.56328553125 0.29423241875 0.56558711875 0.2946798015625 0.5654380484375 0.29544669843750004 0.5711920187499999 0.29656515625 0.573940815625 0.2947118515625 0.576242403125 0.29515923437499997 0.576391471875 0.2943923390625 0.578693059375 0.29483972187499996 0.5788421296874999 0.294072825 0.5824435796875 0.2939770046875 0.5836361359375 0.287841834375 0.58478693125 0.2880655265625 0.5850850703125 0.286531734375 0.5862358640625 0.286755425 0.58583041875 0.282697253125 0.5825271046875 0.28125928125 0.5816744500000001 0.279501796875 0.5750678265625 0.2766258546875 0.575216896875 0.2758589578125 0.5604056453124999 0.27218407031249997 0.560554715625 0.2714171734375 0.5537990203125001 0.269308128125 0.553948090625 0.26854123125 0.551646503125 0.2680938484375 0.551795571875 0.26732695156249997 0.549493984375 0.26687956874999996 0.5496430546875 0.266112671875 0.54889026875 0.26804991562499997 0.547033321875 0.2702348109375
2 0.5230553109375 0.3230225875 0.521522853125 0.3370504109375 0.5217792296875 0.3418754796875 0.5239317484375 0.343089759375 0.5233354703125 0.34615734531250003 0.53094381875 0.350023875 0.5413009625 0.3520371 0.5441988296875 0.3494168984375 0.5497561625 0.3146828765625 0.553548446875 0.307461296875 0.5517358296875 0.29835436406250004 0.54873065625 0.2953826 0.5490287953124999 0.2938488078125 0.5450218984374999 0.28988645625 0.539267928125 0.288767996875 0.5342175453125 0.29017391875 0.52827274375 0.29618121875000003 0.5273783265625 0.30078259687500003 0.5373955703125 0.31068847499999996 0.5360539453125 0.3175905421875 0.5336032859375 0.3179100546875 0.53140900625 0.3230546359375 0.5230553109375 0.3230225875
2 0.4979286765625 0.3109756125 0.49993212500000006 0.3129567890625 0.5022337125 0.31340417187499997 0.5030863671875 0.31516165625000003 0.5096929921875 0.3180375984375 0.509394853125 0.319571390625 0.511696440625 0.3200187734375 0.511547371875 0.3207856703125 0.5242061046875001 0.323246278125 0.5243551734375 0.3224793828125 0.5289583484375 0.3233741484375 0.5328579390625 0.3217445359375 0.5360539453125 0.3175905421875 0.5385046015625 0.317271028125 0.5383972953125 0.3116790640625 0.536244775 0.3104647828125 0.5365429140625 0.308930990625 0.5325360171875 0.3049686390625 0.5302344296875 0.30452125625000004 0.5303835 0.303754359375 0.5280819125 0.3033069765625 0.52823098125 0.3025400796875 0.52592939375 0.302092696875 0.5260784640625 0.3013258015625 0.523776875 0.30087841718749997 0.52392594375 0.3001115203125 0.52162435625 0.2996641375 0.5217734265625 0.29889724218749997 0.513014284375 0.2948070203125 0.5121616296875 0.2930495359375 0.509860040625 0.2926021515625 0.5078565921875 0.29062097656249997 0.5011009 0.2885119296875 0.4990974515625 0.2865307546875 0.494494275 0.28563598749999997 0.495048790625 0.2889272640625 0.498203034375 0.29113213125000004 0.4979048953125 0.29266592343750003 0.502913515625 0.29761886406250004 0.50112468125 0.30682161875 0.49997388750000005 0.30659792656249996 0.4979286765625 0.3109756125
2 0.46140721406249996 0.345261925 0.46096000625 0.3475626140625 0.45720948437500003 0.34842533124999997 0.45691134531250005 0.3499591234375 0.4602146578125 0.35139709531249996 0.46206903749999995 0.3541451671875 0.46243272031249993 0.36456220156249997 0.46833575937500005 0.3649137640625 0.47268255937500003 0.3609834609375 0.48813185 0.355231903125 0.491071478125 0.34625283906250004 0.5073078796875 0.3303079375 0.5072005734375 0.32471597343749997 0.505048053125 0.32350169375000004 0.5034918140625 0.319219828125 0.5000394328125 0.31854875312500003 0.49803598437499996 0.316567578125 0.4911312203125 0.315225428125 0.49008773281250007 0.3205937015625 0.48209772187500005 0.3309786859375 0.4796470640625 0.3312982 0.47660012968750004 0.334685296875 0.47024988125 0.3366344234375 0.463857871875 0.3449424125 0.46140721406249996 0.345261925
2 0.4189769109375 0.3362184375 0.4185297015625 0.3385191265625 0.4206822203125 0.3397334046875 0.42038408125000004 0.34126719843750003 0.4225365984375 0.34248147812499996 0.42223845937500004 0.3440152703125 0.4302522546875 0.3519399734375 0.429954115625 0.353473765625 0.4349627375 0.3584267046875 0.44171843125 0.3605357515625 0.44186750156250004 0.35976885468750003 0.45007212656249995 0.3605678 0.452671853125 0.359481390625 0.4531190625 0.357180703125 0.45426985625 0.35740439375 0.45620775937499997 0.34743474375 0.45505696562500003 0.3472110515625 0.4536497953125 0.34216229062500003 0.451497278125 0.3409480109375 0.4517954171875 0.33941421875 0.4496428984375 0.3381999390625 0.44994103750000003 0.33666614687499996 0.4477885203125 0.33545186718750003 0.44808665937500003 0.33391807500000004 0.4459341390625 0.3327037953125 0.446232278125 0.331170003125 0.4440797609375 0.3299557234375 0.4443779 0.32842193124999997 0.44222538125 0.3272076515625 0.441670865625 0.323916375 0.43851662343750003 0.32171150625 0.4388147625 0.3201777140625 0.435809590625 0.3172059515625 0.42890482656250006 0.3158638 0.42875575625 0.316630696875 0.41940033593750004 0.315608059375 0.417355125 0.3199857453125 0.41850591875000004 0.3202094375 0.417909640625 0.32327702187499996 0.41906043437499996 0.3235007140625 0.41782611718749996 0.3359947453125 0.4189769109375 0.3362184375
2 0.46793611718749994 0.4038338296875 0.4684906328125 0.40712510625 0.47064315 0.40833938593749997 0.4703450109375 0.40987317812499996 0.4724975296875 0.4110874578125 0.4730520453125 0.41437873437499995 0.47620628906249995 0.41658360156249996 0.47590815 0.41811739374999995 0.481065840625 0.4223034375 0.4807677015625 0.42383722968750004 0.4847745984375 0.42779958125000006 0.48532911562500003 0.4310908578125 0.4874816328125 0.43230513750000005 0.4878870796875 0.43636331093749997 0.4970934296875 0.43815284375 0.4996931578125 0.437066434375 0.49999129687500005 0.4355326421875 0.5011420906249999 0.435756334375 0.5015892984375 0.43345564531249997 0.5027400921875 0.4336793375 0.5039326484375 0.4275441671875 0.4989240265625 0.42259122656250003 0.4985185796875 0.4185330546875 0.49651513124999996 0.41655187812500005 0.496962340625 0.41425119062500004 0.495811546875 0.4140274984375 0.49440437656249997 0.4089787375 0.49225185781249997 0.4077644578125 0.49169734218750005 0.40447318125000004 0.48954482343750005 0.4032589015625 0.48984296250000003 0.40172510937499994 0.48769044375000004 0.4005108296875 0.48698685937499997 0.39798645 0.484685271875 0.397539065625 0.4826818234375 0.395557890625 0.476927853125 0.39443943125 0.4743281265625 0.395525840625 0.472282915625 0.3999035265625 0.47113212187500003 0.399679834375 0.4708339828125 0.401213628125 0.468383325 0.40153314062499995 0.4667853234375 0.4036101375 0.46793611718749994 0.4038338296875
2 0.45760275312500004 0.42013029218750003 0.45715554531249997 0.42243098124999995 0.46016071875 0.42540274531250005 0.4598625796875 0.42693653749999994 0.46401854687500005 0.4301319921875 0.4644239921875 0.434190165625 0.4684308890625 0.43815251718750003 0.48094055312500006 0.441380021875 0.4825385546875 0.43930302499999996 0.48368935 0.4395267171875 0.484136559375 0.437226028125 0.48673628593749996 0.43613961874999996 0.4874816328125 0.43230513750000005 0.48432738906250006 0.43010027031250003 0.48462552812500004 0.42856647812500004 0.4814712859375 0.42636160937499995 0.481769425 0.42482781718749996 0.47475735625000004 0.417893703125 0.4724975296875 0.4110874578125 0.4703450109375 0.40987317812499996 0.47064315 0.40833938593749997 0.4684906328125 0.40712510625 0.4669343921875 0.40284324062500004 0.46493094375000005 0.400862065625 0.46262935625 0.40041468281250003 0.4617767 0.39865719843749997 0.4550210078125 0.3965481515625 0.45242128125000003 0.3976345609375 0.4521231421875 0.399168353125 0.44837262187500004 0.40003107031249996 0.44977979218749997 0.40507983125 0.45378668906249997 0.4090421828125 0.4537449265625 0.4154010453125 0.45489572031250003 0.41562473593749993 0.4554502359375 0.4189160125 0.45760275312500004 0.42013029218750003
2 0.4826818234375 0.395557890625 0.49069561874999995 0.40348259375 0.4973677859375 0.41830936249999995 0.5044216203125 0.41888461718750003 0.5097701421874999 0.4159449015625 0.5115172140625 0.41310100937499994 0.5131569796875 0.40466515000000003 0.511749809375 0.3996163890625 0.51374745625 0.3586193265625 0.5081425546875 0.356733971875 0.502090446875 0.35714930625 0.4978927171875 0.36031271249999997 0.48823915781249994 0.36082386875 0.48664115625 0.362900865625 0.4852995296875 0.36980293125 0.49015908125 0.3755227671875 0.4876249 0.388560003125 0.482574515625 0.389965925 0.4826818234375 0.395557890625
2 0.5484499265625 0.4258511078125 0.5485989953125 0.42508421093750004 0.542845025 0.42396575312499996 0.54269595625 0.42473265 0.54039436875 0.424285265625 0.5402452984375 0.4250521625 0.5379437109375 0.42460477812499997 0.5377946421875001 0.42537167499999995 0.5354930546875 0.4249242921875 0.5353439843750001 0.4256911875 0.534193190625 0.42546749687499996 0.531659009375 0.4385047328125 0.5328098031249999 0.43872842343749996 0.5320644546875 0.4425629046875 0.5343660421875 0.4430102890625 0.5342169734375 0.443777184375 0.543423325 0.44556671875 0.54357239375 0.44479982187499995 0.54587398125 0.4452472046875 0.5460230515625 0.444480309375 0.5507752953125 0.4446081796875 0.5522242281249999 0.44329807812500005 0.5545258171875 0.4437454625 0.5559747500000001 0.4424353609375 0.5582763374999999 0.4428827453125 0.5623249968749999 0.44048623437499995 0.564626584375 0.4409336171875 0.5660755171875 0.43962351718750003 0.5683771046875 0.4400709 0.5685261749999999 0.43930400468749997 0.572276696875 0.4384412875 0.5741728375 0.43483049687499997 0.5753236312500001 0.43505418906250004 0.5760689796875 0.4312197078125 0.5749181859375 0.430996015625 0.5745127390625 0.42693784375000005 0.5733619453125 0.42671415156250003 0.5715075656249999 0.42396607968750005 0.5670534593750001 0.4223044171875 0.566904390625 0.4230713125 0.5621521453125 0.4229434421875 0.56185400625 0.424477234375 0.5607032125 0.42425354375 0.56055414375 0.4250204390625 0.554651103125 0.42466887656249996 0.5532021703125001 0.425978978125 0.5496007203125 0.42607480000000003 0.5484499265625 0.4258511078125
2 0.6048150437500001 0.4185023109375 0.60251345625 0.418054928125 0.6023643875 0.4188218234375 0.6012135921875 0.4185981328125 0.6010645218749999 0.419365028125 0.599913728125 0.4191413375 0.599764659375 0.4199082328125 0.5973140015625 0.4202277453125 0.596270515625 0.42559602031250005 0.597421309375 0.4258197109375 0.5969741 0.42812039999999996 0.59812489375 0.4283440921875 0.5978267546875 0.429877884375 0.5989775484375001 0.43010157656250003 0.5998302046874999 0.4318590609375 0.6042843109375 0.4335207234375 0.604135240625 0.43428761875 0.6156431796875 0.43652453593749996 0.6157922499999999 0.4357576390625 0.62154621875 0.4368760984375 0.6216952890624999 0.4361092015625 0.6251476703125001 0.4367802765625 0.6252967390624999 0.43601338125 0.629899915625 0.436908146875 0.6300489859375 0.4361412515625 0.6348012296875 0.436269121875 0.6349503000000001 0.435502225 0.63610109375 0.4357259171875 0.6363992328125 0.43419212500000004 0.6388498890625 0.4338726109375 0.640191515625 0.4269705453125 0.639040721875 0.42674685312499994 0.6393388609375 0.42521306093750005 0.638188065625 0.4249893703125 0.6383371359375001 0.4242224734375 0.6371863421875 0.42399878125 0.6363336875 0.42224129687499995 0.6340321 0.4217939140625 0.63418116875 0.42102701875 0.6203716421875 0.41834271875000006 0.6202225734375 0.41910961406249997 0.614468603125 0.41799115625 0.6143195328125 0.4187580515625 0.6085655640625001 0.41763959375 0.6084164953125 0.41840649062499996 0.6049641140625 0.417735415625 0.6048150437500001 0.4185023109375
2 0.5804517375 0.3779523046875 0.58026090625 0.3850780640625 0.582413425 0.3862923421875 0.5821152859375001 0.38782613593750004 0.584118734375 0.3898073109375 0.5826280390624999 0.3974762734375 0.5814772453125 0.39725258124999996 0.5808809671875 0.40032016718749996 0.5797301734375 0.40009647499999995 0.579432034375 0.40163026718749995 0.5805828281250001 0.401853959375 0.5780486453125 0.4148911953125 0.5809047484375001 0.4186298546875 0.5934144125 0.421857359375 0.60151173125 0.4170643390625 0.6037060125 0.4119197578125 0.6001463234375 0.40565671718749996 0.6007843640625 0.3962302703125 0.5996335703125 0.39600657968749997 0.59841723125 0.3838320609375 0.595412059375 0.380860296875 0.5957101984375 0.3793265046875 0.5927050234375 0.37635474062499996 0.5904034359375 0.3759073578125 0.5863965390625 0.37194500625 0.5856929546874999 0.369420625 0.582240571875 0.36874955 0.5781919125 0.3711460609375 0.5772974953125 0.3757474375 0.5784482890625 0.3759711296875 0.57815015 0.377504921875 0.5804517375 0.3779523046875
2 0.6109512484375 0.25176598906250003 0.610504040625 0.25406667656250004 0.61336014375 0.2578053375 0.609377028125 0.2721526734375 0.610527821875 0.272376365625 0.6094843359375 0.2777446390625 0.6106351296875 0.27796833125 0.6098897812499999 0.2818028125 0.611040575 0.282026503125 0.6104025359375 0.29145295 0.62306126875 0.2939135578125 0.6232103375 0.2931466625 0.6268117906249999 0.293050840625 0.6288570015625 0.28867315625 0.6300077953125001 0.288896846875 0.63004955625 0.2825379859375 0.6288987625 0.28231429375 0.6287914546875 0.276722328125 0.6276406609375 0.2764986375 0.6283860078125 0.27266415624999996 0.6272352140625 0.2724404640625 0.628576840625 0.2655383984375 0.6274260468749999 0.26531470625 0.6305147437499999 0.255568746875 0.62936395 0.2553450546875 0.629811159375 0.253044365625 0.6278077109375 0.251063190625 0.62825491875 0.2487625015625 0.6259533312500001 0.24831511874999998 0.6240989531250001 0.24556704687500003 0.621797365625 0.2451196625 0.6191976375 0.24620607187500002 0.6188994984375 0.2477398640625 0.616448840625 0.248059378125 0.6161507015625001 0.2495931703125 0.6137000453125 0.2499126828125 0.61340190625 0.251446475 0.6109512484375 0.25176598906250003
2 0.682664153125 0.27605190625 0.681513359375 0.2758282140625 0.681364290625 0.2765951109375 0.6789136328125001 0.2769146234375 0.67861549375 0.278448415625 0.6797662875 0.27867210781249996 0.679170009375 0.2817396921875 0.680320803125 0.281963384375 0.6798735953125 0.28426407343750004 0.6810243890625001 0.284487765625 0.68087531875 0.2852546609375 0.68317690625 0.28570204375 0.6830278375 0.286468940625 0.6853294265625001 0.286916325 0.68518035625 0.28768322031250004 0.68978353125 0.28857798749999997 0.6899326015625 0.287811090625 0.6945357765625 0.2887058578125 0.6946848453125 0.2879389609375 0.6981372265625 0.2886100359375 0.698286296875 0.287843140625 0.7028894734375 0.28873790625 0.70433840625 0.28742780625000003 0.70663999375 0.2878751890625 0.7067890625000001 0.28710829375 0.7092397203125 0.2867887796875 0.7095378593749999 0.2852549875 0.710688653125 0.2854786796875 0.7117321390625 0.28011040625 0.7105813453125001 0.2798867140625 0.710879484375 0.278352921875 0.709728690625 0.2781292296875 0.7088760359374999 0.2763717453125 0.7065744484375001 0.27592436249999996 0.70672351875 0.275157465625 0.70442193125 0.2747100828125 0.704571 0.2739431859375 0.6999678234375 0.2730484203125 0.70011689375 0.2722815234375 0.6920613375 0.27071568125 0.6919122671875 0.271482578125 0.686158296875 0.2703641203125 0.686009228125 0.271131015625 0.6848584343749999 0.270907325 0.6839640171875 0.2755087015625 0.6828132234375001 0.275285009375 0.682664153125 0.27605190625
1 0.6940885671875 0.291006546875 0.6917869796875 0.2905591625 0.6916379109374999 0.291326059375 0.6904871171875 0.29110236718750004 0.690338046875 0.29186926406249997 0.687887390625 0.29218877656250003 0.6875892515625 0.29372256874999997 0.6864384578125 0.293498878125 0.685693109375 0.297333359375 0.686843903125 0.29755705 0.6865457640625 0.2990908421875 0.6876965578124999 0.299314534375 0.6885492125 0.30107201875 0.6920015937499999 0.30174309374999997 0.6921506640625 0.300976196875 0.6933014578125001 0.3011998890625 0.6934505265625 0.3004329921875 0.6946013203125 0.300656684375 0.696050253125 0.29934658281250004 0.6983518421875 0.2997939671875 0.699800775 0.298483865625 0.7021023625 0.29893125 0.7022514328125 0.298164353125 0.7045530203125 0.2986117359375 0.706001953125 0.2973016359375 0.708303540625 0.29774901875 0.708452609375 0.29698212343749997 0.709603403125 0.2972058140625 0.7099015421875 0.295672021875 0.7110523359375 0.2958957140625 0.711797684375 0.29206123281249996 0.710646890625 0.291837540625 0.7097942359375 0.29008005625 0.7051910609375 0.289185290625 0.7050419906250001 0.2899521859375 0.701589609375 0.28928111093750003 0.7014405406249999 0.2900480078125 0.6991389531250001 0.289600625 0.69769001875 0.290910725 0.6942376375 0.29023965 0.6940885671875 0.291006546875
2 0.6567498375 0.427801540625 0.6577515640625 0.428792128125 0.6559627296875 0.43799488281250004 0.654811934375 0.43777119062500003 0.654364725 0.4400718796875 0.65321393125 0.4398481875 0.65187230625 0.4467502546875 0.6547284109375 0.4504889140625 0.6593315859375 0.45138368125 0.6632311750000001 0.4497540671875 0.6655327625 0.45020144999999995 0.67203208125 0.447485428125 0.6723302203125 0.4459516359375 0.6763788796875 0.44355512499999994 0.6828126515624999 0.428888275 0.6839634453125 0.4291119671875 0.6864558640625 0.42243359218750004 0.687606659375 0.42265728437499994 0.6889482859375 0.41575521875000004 0.6859431109374999 0.41278345468750005 0.6862412499999999 0.41124966250000006 0.6842378015625 0.4092684859375 0.6702792046875 0.40735108281250004 0.6657833375 0.41204828125 0.66463254375 0.4118245890625 0.6643344046874999 0.41335838281250004 0.6631836109375 0.413134690625 0.662885471875 0.4146684828125 0.661734678125 0.414444790625 0.6579006328125 0.42802523125 0.6567498375 0.427801540625
2 0.6297566484375 0.48065328125000006 0.6257079890624999 0.4830497921875 0.6239191546875 0.492252546875 0.6312293640625 0.4976528703125 0.6346817453125 0.4983239453125 0.6385813359375 0.49669433124999995 0.6408829234375 0.4971417140625 0.6447825140625 0.4955121 0.64667865625 0.4919013109375 0.6478294499999999 0.49212500312499996 0.6506200078125 0.48391283593749995 0.6517708015625 0.48413652812499997 0.6525161500000001 0.480302046875 0.65366694375 0.4805257375 0.6544122906250001 0.47669125625 0.655563084375 0.47691494843750004 0.6563084328125 0.4730804671875 0.6574592265625 0.47330415937500003 0.6582045734374999 0.469469678125 0.6593553671875 0.46969336874999995 0.66199685625 0.4622480984375 0.66314765 0.462471790625 0.66203861875 0.4558892375 0.656880928125 0.45170319374999995 0.6522777515625 0.45080842656250003 0.652426821875 0.45004153125 0.6476745765625 0.4499136609375 0.6450748500000001 0.4510000703125 0.6447767109375 0.4525338625 0.6424751234375 0.452086478125 0.6384264640625 0.45448298906250006 0.6348487953124999 0.4728884984375 0.633698 0.47266480624999996 0.6297566484375 0.48065328125000006
2 0.6336498640625 0.5896486953125 0.63550424375 0.5923967671875 0.633864478125 0.6008326265624999 0.6350152718750001 0.6010563171875 0.6341208546875 0.6056576953125 0.6352716484375 0.6058813859375001 0.6338452515624999 0.6159613578124999 0.641494134375 0.6176091265625 0.65023196875 0.608789378125 0.650679178125 0.6064886890625 0.6534279749999999 0.6046353843750001 0.661137828125 0.5711156421875 0.6599870343750001 0.57089195 0.6605833125 0.567824365625 0.65943251875 0.5676006734375 0.6588780015625 0.5643093968749999 0.6521223078125 0.56220035 0.6519732390625 0.562967246875 0.64722099375 0.5628393765624999 0.6469228546875 0.56437316875 0.6430232640625 0.5660027828125 0.6413835 0.574438640625 0.6348841828125 0.5771546640625 0.6330953484374999 0.58635741875 0.6342461421875 0.5865811109375 0.6336498640625 0.5896486953125