2 0.2594509984375 0.1796392484375 0.27528377187499997 0.1732618359375 0.28604458906249997 0.1634897421875 0.286661490625 0.1469282828125 0.269091165625 0.1479894453125 0.24898043281249999 0.1697420015625 0.25088130937500003 0.1766121921875 0.2594509984375 0.1796392484375
2 0.340093659375 0.11696018125 0.34651748437499996 0.11078613749999999 0.34469826875 0.1046929171875 0.32709154375 0.082976859375 0.32025940468749997 0.0852660515625 0.3164940546875 0.09430289375 0.33268988125 0.113810584375 0.340093659375 0.11696018125
2 0.25457481875 0.3239080171875 0.2612662625 0.3090647578125 0.26112556875 0.2965106921875 0.25822210624999997 0.291316984375 0.2453970875 0.2926649484375 0.23776209062500003 0.3209617859375 0.2428340484375 0.32435646875 0.25457481875 0.3239080171875
4 0.291275921875 0.29177065468749996 0.2962071859375 0.282611271875 0.2916930984375 0.250878034375 0.2842076546875 0.24695146562499998 0.2727118734375 0.249730828125 0.27160499374999997 0.26163046562500003 0.2782285453125 0.2797875828125 0.291275921875 0.29177065468749996
4 0.320531934375 0.15515165625 0.330290165625 0.14705604375 0.3308844375 0.1414947109375 0.31693876875 0.120964965625 0.30695818125 0.115729540625 0.2987968046875 0.1165873359375 0.29926415156249997 0.13224928281249998 0.3157866296875 0.1548648546875 0.320531934375 0.15515165625
4 0.42529172031250007 0.1873463921875 0.4361115671875 0.18935139375 0.445461484375 0.17737093125 0.440026475 0.148091146875 0.43023184218750005 0.1334095375 0.41141394375000007 0.133816271875 0.40523510781249994 0.1423212265625 0.414902815625 0.1782261171875 0.42529172031250007 0.1873463921875
2 0.8406914703125 0.1020517921875 0.8591600859374999 0.10953730312500001 0.8852184375000001 0.1107262265625 0.884832753125 0.09584125 0.869335490625 0.060549070312499995 0.8474508046875 0.05420815624999999 0.8335415375 0.0564556328125 0.8247042296875 0.0620977921875 0.8215921796875 0.0773503953125 0.8406914703125 0.1020517921875
2 0.77107724375 0.14628955 0.7837389359375 0.14338764531249998 0.804829625 0.13095873125 0.8036046828125001 0.11930417812500001 0.793193146875 0.1211840265625 0.763859421875 0.133693765625 0.7633468140625 0.1400320703125 0.77107724375 0.14628955
2 0.8712324171875 0.19075155 0.8838941109375 0.187849646875 0.8851643140625001 0.1775039484375 0.8671040140624999 0.17390328906250002 0.8599678531249999 0.1620844765625 0.850232253125 0.1591799625 0.8398207187500001 0.1610598125 0.8348077937499999 0.169442225 0.8443574375 0.181792925 0.8712324171875 0.19075155
2 0.9264296796875 0.2336543921875 0.9422398218750001 0.23827710624999998 0.9494212421875 0.2280956671875 0.9533725515624999 0.20961264218750003 0.9525559234375001 0.2018429390625 0.9434145921875 0.19337709218750002 0.9474249312499999 0.1866711609375 0.9323950171875 0.167040928125 0.912656196875 0.16990111562500002 0.9063140359374999 0.1768521296875 0.9196201703125 0.22494345937500002 0.9264296796875 0.2336543921875
2 0.958126715625 0.165121971875 0.958135578125 0.12034450000000001 0.9395626671875 0.12308214375 0.94077875 0.1795141703125 0.9521702390625 0.18695796250000002 0.958126715625 0.165121971875
2 0.934967878125 0.2924590453125 0.9392822390625 0.2998611203125 0.9463593671874999 0.2999028375 0.956489509375 0.27291485625 0.9318873203125 0.25193405156250004 0.930335725 0.23717161718750002 0.92542709375 0.235330875 0.911599490625 0.2383553203125 0.90599229375 0.2522990671875 0.9158459593750001 0.2787577734375 0.934967878125 0.2924590453125
2 0.876004303125 0.056705937500000005 0.8806000546874999 0.08921614375 0.8858353375 0.0941647671875 0.8950809609375 0.092407459375 0.8944502890624999 0.075191571875 0.9096297609375 0.06259839843750001 0.9108183015625 0.051475731250000004 0.9198415671875001 0.0363873875 0.9215427171874999 0.018926415625 0.91299565625 0.004899234375 0.8883482062500001 0.0059186796875 0.8829269656250001 0.010416242187499999 0.8777871171875 0.040021935937499996 0.8804229593749999 0.0538848578125 0.876004303125 0.056705937500000005
2 0.82175155625 0.202236625 0.8324307093750001 0.1916875609375 0.8278939921875 0.17095444843750002 0.8230670234374999 0.1698906765625 0.8236386625 0.17532946875 0.8142297140625001 0.1755328359375 0.8007061312499999 0.1926652890625 0.8009284890625 0.205996325 0.82175155625 0.202236625
4 0.8100737671875 0.0911298828125 0.807823609375 0.0921519375 0.7999662546875 0.1071177375 0.79880034375 0.10724027968750001 0.7982060718749999 0.1128016140625 0.799371984375 0.112679071875 0.7996986359375 0.11578695312500001 0.8034413562499999 0.1177502375 0.8036046828125001 0.11930417812500001 0.8131769562500001 0.12065475156250001 0.8132586187499999 0.121431721875 0.8249177265625001 0.12020630000000002 0.8248360640625 0.1194293296875 0.8283337968750001 0.119061703125 0.828252134375 0.1182847328125 0.831668203125 0.11714013593749999 0.8324258 0.1131327421875 0.8378470390625001 0.10863518125 0.838522971875 0.1038508171875 0.8406914703125 0.1020517921875 0.8402014921875001 0.09738997031249999 0.8390355796875 0.09751251250000001 0.8387905921875 0.095181603125 0.8362954453125001 0.093872746875 0.83605045625 0.09154183593750001 0.832226071875 0.08880158125 0.8305701843750001 0.0842623015625 0.8267458015625 0.081522046875 0.826582475 0.0799681078125 0.8254165656250001 0.0800906484375 0.8252532390624999 0.078536709375 0.8193420218749999 0.07837245000000001 0.8150050296875 0.0819704984375 0.8151683562500001 0.0835244390625 0.8129181984375 0.08454649374999999 0.8100737671875 0.0911298828125
4 0.82291255625 0.123559265625 0.8217466468750001 0.1236818078125 0.8189612500000001 0.142042290625 0.8177953390624999 0.1421648328125 0.816851784375 0.1556184109375 0.8156858734375 0.155740953125 0.8161758515624999 0.160402775 0.815009940625 0.16052531718750002 0.8153365921875 0.1636331984375 0.8192426390625 0.167150421875 0.8286515874999999 0.16694705625 0.82873325 0.16772402656250002 0.8345628062499999 0.16711131562499998 0.8399023812499999 0.1618367828125 0.8422342031250001 0.16159169843750001 0.8444026984375 0.1597926734375 0.842524453125 0.1419223578125 0.8436903640625 0.141799815625 0.844121309375 0.13468454218749998 0.8452872203125 0.13456200000000001 0.84330468125 0.1269148390625 0.839561959375 0.12495155625000001 0.838069396875 0.1219662171875 0.8356559125 0.12143433125 0.8328341140625 0.11701759375000001 0.827086221875 0.11840727499999999 0.8260836375 0.1200837578125 0.8237518156249999 0.12032884218749999 0.82291255625 0.123559265625
2 0.922035971875 0.3376518046875 0.9126860546875 0.34963226718749996 0.9110891984375 0.3568700828125 0.9128041187499999 0.37318645781250004 0.9101230140625001 0.3813237875 0.9130264765625 0.38651749375 0.9249305718749999 0.3876229828125 0.9389215015625 0.3861524765625 0.9434218203125001 0.38410836875 0.9421152140625001 0.37167684375 0.9377191890625 0.36349779843749996 0.941135259375 0.3623532015625 0.9440613515624999 0.3565467828125 0.943571375 0.3518849625 0.939828653125 0.34992167812499997 0.9395020031250001 0.34681379687499997 0.9427547453124999 0.344115259375 0.93927964375 0.3334827609375 0.9311408984374999 0.32334043125 0.9286457515625001 0.322031575 0.92639559375 0.3230536296875 0.92664058125 0.3253845390625 0.922221928125 0.32820561875 0.922035971875 0.3376518046875
2 0.9672916390624999 0.3644748015625 0.9627096578125001 0.365741940625 0.9528697640624999 0.3730605828125 0.953359740625 0.377722403125 0.9478342078124999 0.3924431203125 0.9476482515625 0.4018893046875 0.9455614203125 0.4044653 0.9481972624999999 0.41832822187499996 0.9609179875 0.4272034140625 0.9655816296875 0.4267132453125 0.9676684625 0.42413724999999997 0.9699412515624999 0.4121150703125 0.9721097484375001 0.4103160453125 0.973543278125 0.40152428906250004 0.9793138000000001 0.38913448281249996 0.9902379421875 0.380916328125 0.9890946609375 0.3700387453125 0.9861912 0.36484503749999997 0.974123778125 0.3621856078125 0.968294225 0.36279831875 0.9672916390624999 0.3644748015625
2 0.9773902921875001 0.3932644171875 0.976714359375 0.39804878125 0.9745458625 0.39984780625 0.9701862406249999 0.41444598125 0.9690203296875 0.41456852343749995 0.9666658781249999 0.42581373281249996 0.963576459375 0.43006621093749997 0.9641481000000001 0.43550500156250005 0.9678908203125 0.4374682859375 0.9680541453125 0.4390222265625 0.9715518781249999 0.4386546 0.9734163546874999 0.42274756875 0.974582265625 0.42262502656249995 0.980026134375 0.4071273390625 0.9822762921875 0.40610528593749995 0.983197215625 0.4036518328125 0.9923611765624999 0.4011175546875 0.9904012671875 0.38247026875 0.9858192875 0.3837374078125 0.984816703125 0.38541389062500003 0.98140063125 0.3865584875 0.9773902921875001 0.3932644171875
2 0.971470215625 0.43787762968750005 0.9694650453125 0.44123059531250003 0.9671332234375001 0.4414756796875 0.9628778953125 0.4458507 0.9596025203125 0.45954936249999995 0.9572706984374999 0.459794446875 0.9530153703125 0.46416946562500006 0.9546712578125 0.46870874531249995 0.964243534375 0.47005931875 0.9863141750000001 0.46695404687500003 0.9981592390625 0.456282440625 0.9923611765624999 0.4011175546875 0.9842814625 0.40275232031249997 0.9760974578124999 0.41461024062499996 0.9716561718750001 0.4284314453125 0.971470215625 0.43787762968750005
2 1 0.5363669484375 0.99027039375 0.5270258390625 0.988147159375 0.5068246140625 0.9793551109375 0.490466521875 0.9648742046875001 0.48727520625 0.9604781812500001 0.47909615937499994 0.9465689140625001 0.4813436359375 0.9368923453125 0.4902162171875 0.9490552015624999 0.5274299640625 0.9625335234374999 0.5322977625 0.9642484437500001 0.5486141375 0.97531328125 0.5529500484375001 0.990633446875 0.5529109421875 1 0.5470903953125 1 0.5363669484375
2 1 0.547069128125 0.9983048437500001 0.547391325 0.9838013078125 0.5552001343749999 0.9589452671875 0.576665890625 0.9593309515625 0.5915508671875 0.964239584375 0.593391609375 0.9843867187500001 0.5944162734375 1 0.585899421875 1 0.547069128125
2 0.8811421265625 0.55420675 0.8817954296874999 0.5604225109375001 0.8980138875 0.5689300765625 0.932746221875 0.5629229 0.95774295625 0.5540112109375 0.9630008703125 0.5479597093749999 0.9624518609375 0.5315207921875 0.9562139937499999 0.5282486515625 0.936311846875 0.5295548984375 0.9205607359375 0.5367092796875 0.8883235484374999 0.5440253109375 0.8811421265625 0.55420675
2 0.8487642453124999 0.5489687156249999 0.8652503203125 0.5488070656249999 0.9088199640625 0.53715773125 0.9138328906250001 0.52877531875 0.9106844390625 0.5212507 0.8961218703125 0.5172824140625 0.8776306234375 0.5207970296875 0.8435515921875 0.5330199671875 0.8420363984374999 0.541034753125 0.8487642453124999 0.5489687156249999
2 0.8386114703124999 0.586956821875 0.8458292921874999 0.5995526046874999 0.86388959375 0.6031532640624999 0.86689735 0.5981238171875 0.8774722078125 0.5977979078125 0.8795590421874999 0.5952219125 0.8749406593750001 0.5737118296875 0.8456974578124999 0.5422210671875 0.8407071625 0.5396033546875 0.834959271875 0.5409930359375 0.8258543421875 0.5553044093749999 0.8274649703125 0.5818439390625 0.8386114703124999 0.586956821875
2 0.8455437703124999 0.4808651828125 0.8607210500000001 0.488216978125 0.8817905203124999 0.48186769375000005 0.889402884375 0.46457098124999996 0.8690266296875 0.45199246562499995 0.8558024265625 0.45076375156250004 0.839558971875 0.45017095312500005 0.829882403125 0.4590435359375 0.8268789578125 0.47147950937500005 0.8455437703124999 0.4808651828125
2 0.88912640625 0.5180176671875001 0.897986346875 0.5013753828125 0.9044918328125 0.495978309375 0.9093188015625 0.49704208124999993 0.91026235625 0.483588503125 0.9055396796874999 0.47230157500000003 0.8980542375 0.46837500781249997 0.8866401187499999 0.47193133906250007 0.863194978125 0.4956054640625 0.8593027031249999 0.525865584375 0.88912640625 0.5180176671875001
2 0.808270246875 0.522588225 0.8235904140624999 0.5225491171875001 0.8625780765625001 0.512166921875 0.8660394078125 0.489022075 0.8483057578125001 0.488529296875 0.8116499171875 0.4986664078125 0.801646696875 0.5044311078125 0.79896559375 0.5125684374999999 0.808270246875 0.522588225
2 0.82423389375 0.37165524375 0.8447303125 0.3647876625 0.8440770093750001 0.3585719015625 0.8258533828125 0.3534173015625 0.7872966625 0.35668422187500004 0.7826920515625 0.3689514875 0.7889299203125 0.37222362656249997 0.82423389375 0.37165524375
2 0.7452884359375 0.5402056281250001 0.7541847765624999 0.5463405640625 0.7718367625 0.546056371875 0.7793448359374999 0.5389828156250001 0.7771399390625 0.51800461875 0.77198631875 0.5138329671874999 0.7646278 0.4886831171875 0.7489219515625 0.47383724843749997 0.734931021875 0.4753077546875 0.7261753765625001 0.4817268828125 0.727971959375 0.49882022812500004 0.7452884359375 0.5402056281250001
2 0.764019759375 0.46046710468749996 0.772181134375 0.45960930937500005 0.7724487546875001 0.45094009531249996 0.7575821640625 0.43286380312499995 0.7513442968749999 0.4295916625 0.73759835625 0.4333930796875 0.7374124 0.44283926406249996 0.75205663125 0.4475845203125 0.764019759375 0.46046710468749996
2 0.7850563265625 0.5148159140625 0.7981263328125 0.5157988609374999 0.80273094375 0.5035315953125 0.8150659859375 0.4975218109375 0.8122441874999999 0.4931050734375 0.7867801062499999 0.4863548171875 0.7704573546875 0.48807040625000003 0.7557088296875001 0.49354830625 0.7640925625 0.506021546875 0.7850563265625 0.5148159140625
2 0.7667785765625 0.5764390359375 0.7754299296875 0.5802430625 0.788173284375 0.5781181281250001 0.8093092343749999 0.5436889640625 0.8089235499999999 0.5288039875 0.7915165515625 0.531419090625 0.7827609046874999 0.5378382187499999 0.7650410265625001 0.5711227875 0.7667785765625 0.5764390359375
2 0.691216734375 0.5977353125 0.7036924703125 0.6042795937500001 0.7141856671875 0.6031767140625 0.7217754015625 0.596880128125 0.744812228125 0.569321153125 0.745265803125 0.551205753125 0.740357171875 0.5493650109375 0.7276954796874999 0.552266915625 0.7156054265625 0.5606076109375 0.6915660156250001 0.58984306875 0.691216734375 0.5977353125
2 0.6841032046875 0.574916375 0.6870883296875 0.5808870515625 0.6984207859375 0.57655375 0.7064414671875 0.5631418890625 0.71550999375 0.52605329375 0.7121165546875 0.5161977656250001 0.6944645671874999 0.5164819578125 0.6877140921875 0.519548121875 0.684624671875 0.5238005984375 0.6903863359375 0.5561882640625 0.6841032046875 0.574916375
2 0.7731895921875 0.738374753125 0.779241503125 0.7510930796874999 0.8042156078125 0.753181515625 0.8083892734375 0.748029525 0.8082485796875 0.735475459375 0.795550484375 0.7156001421875 0.7737700921874999 0.6990360734375 0.7513728000000001 0.6990334640625 0.742862140625 0.707783503125 0.7515725265625 0.723364625 0.7731895921875 0.738374753125
1 0.9530153703125 0.46416946562500006 0.9572706984374999 0.459794446875 0.9531422953125 0.4429461859375 0.9329134984375 0.4411445515625 0.9285086124999999 0.47774297656250003 0.9534827171875 0.4798314125 0.9530153703125 0.46416946562500006
2 1 0.590418590625 0.99230310625 0.5912275671875 0.9868818656249999 0.5957251296875 0.994158721875 0.6200980078125 0.9939865343750001 0.6633215390625 1 0.6701069984375 1 0.590418590625
2 0.9574713875 0.686012715625 0.96536514375 0.6938241359374999 0.9766159375000001 0.6887138625 0.98944095625 0.6873658984375 0.9970533218750001 0.6700691875 0.9922942453125 0.6360050390625 0.9884698609375 0.633264784375 0.9745605953125 0.6355122609375 0.9649656890625 0.6451618125 0.9552438593750001 0.6760346453125 0.9574713875 0.686012715625
2 0.9841377796874999 0.7154176515625 0.9848137140625 0.7106332890625 0.9969037671875001 0.7022925921875001 0.9960054749999999 0.6937459203125 0.9859432234375 0.687733525 0.97203395625 0.6899810015625001 0.9620897703125 0.7075227984375 0.9712310984375 0.7159886453125 0.9841377796874999 0.7154176515625
2 0.9749334703124999 0.8185069984375 0.9890060625 0.8178134625 0.9944273015625 0.8133159015625001 0.9958608312499999 0.8045241437499999 0.9937375968750001 0.78432291875 0.9876856859375 0.77160459375 0.98152948125 0.7691094234375 0.97228385625 0.77086673125 0.9654290859374999 0.78415605 0.969943175 0.8158892874999999 0.9749334703124999 0.8185069984375
2 0.8777594703125 0.903347965625 0.8991541796875 0.9050270578124999 0.9089940734375 0.8977084156249999 0.9002020265624999 0.8813503234375 0.8859661078125001 0.88048991875 0.871997809375 0.8709602999999999 0.851093078125 0.8739430296874999 0.8447509156249999 0.88089404375 0.8466517921875001 0.8877642343750001 0.8777594703125 0.903347965625
1 0.8188785203125001 0.8702589359375 0.8414617718749999 0.860815359375 0.83790500625 0.849405890625 0.8286593828125 0.8511631984375001 0.8121506765625 0.8623249734374999 0.8128039796875 0.8685407359375 0.8188785203125001 0.8702589359375
4 0.7343386734374999 0.8846433046875 0.7420917359375 0.8799006578125 0.7466146828125 0.8668564234374999 0.7252878671875 0.83217695625 0.713547096875 0.83262540625 0.709759115625 0.8526623734375001 0.7270982218750001 0.8830476468749999 0.7343386734374999 0.8846433046875
2 0.6246870171875 0.5591657734375 0.6380020125 0.56247963125 0.6851510515625 0.551239640625 0.6894880437500001 0.5476415921875 0.68178024375 0.5303839875 0.639294846875 0.541133809375 0.6281257171875 0.5470210515625 0.6241153765624999 0.5537269828125 0.6246870171875 0.5591657734375
2 0.60885424375 0.5655431859375 0.6320091328124999 0.5615384015625 0.625199625 0.5528274703125 0.631215134375 0.542768575 0.5901632703125 0.5447266390625 0.586910525 0.5474251765625 0.585721984375 0.55854784375 0.5910389296874999 0.5642734375 0.60885424375 0.5655431859375
2 0.59501286875 0.5347902859375 0.610169709375 0.5331972375 0.619927940625 0.5251016265625 0.62119814375 0.514755928125 0.6259434500000001 0.5150427296875 0.62886954375 0.5092363125 0.6370309171875 0.5083785171875 0.6423704953125 0.503103984375 0.63772948125 0.49259402812499997 0.6167430890625 0.49479978750000003 0.585136571875 0.51933170625 0.584705628125 0.5264469796875 0.59501286875 0.5347902859375
2 0.6542883625 0.5379868203125 0.6668683921875 0.5343079453125 0.6709603937499999 0.5283789859375 0.666831990625 0.511530725 0.651511825 0.5115698328125 0.6412045828124999 0.5032265265625 0.6274586421875 0.50702794375 0.6188663234375 0.5150010125 0.6210938515625 0.524979084375 0.6542883625 0.5379868203125
2 0.6384054156250001 0.48780966406250004 0.662644553125 0.48290536875 0.666001590625 0.4699836765625 0.662771478125 0.4616820875 0.63478961875 0.4646231 0.6189568453125001 0.47100051093750006 0.6203451140625 0.48420900468749994 0.6384054156250001 0.48780966406250004
2 0.620608784375 0.59887208125 0.6311019812499999 0.5977692015625 0.6597007406250001 0.5782667296875 0.656493259375 0.5589650171875 0.6320091328124999 0.5615384015625 0.6189981578125 0.5723325499999999 0.60747974375 0.5861120375 0.610791521875 0.595190596875 0.620608784375 0.59887208125
2 0.6120528640625 0.629622371875 0.6190483296875 0.62888711875 0.6333885421875001 0.6195243671874999 0.639567378125 0.6110194124999999 0.6333521390625 0.5967471468750001 0.6193612109375 0.5982176531250001 0.600928996875 0.6135093625 0.6036465015625 0.6281492562500001 0.6120528640625 0.629622371875
2 0.6275727578125 0.653914425 0.651975221875 0.65056406875 0.64974769375 0.6405859984375 0.6184540593750001 0.6344484515625 0.6033788828125 0.6368184703125 0.6010244296875 0.6480636796875 0.6060963875 0.6514583625 0.6275727578125 0.653914425
2 0.5747122296875 0.6893213171875 0.58986906875 0.68772826875 0.5962112312500001 0.6807772546875 0.5899143312499999 0.66572801875 0.5783595171875 0.656730284375 0.5589699796875001 0.651698228125 0.5500736374999999 0.645563290625 0.544407409375 0.6477299421875 0.5461223296875 0.6640463171875 0.5672267875 0.6853947484375 0.5747122296875 0.6893213171875
0 0.550618696875 0.785334496875 0.5740185765625 0.783660625 0.5800340859374999 0.7736017281249999 0.575193346875 0.7387606109375 0.562903565625 0.7227701453125001 0.55365794375 0.724527453125 0.546127240625 0.742601134375 0.5490444734375 0.7815721890625 0.550618696875 0.785334496875
2 0.67071241875 0.8512674734375001 0.675784375 0.8546621562500001 0.688704828125 0.8878685078125 0.7086886359375 0.8873392328125 0.7163600359375 0.881819615625 0.7245214109375 0.8809618203125 0.7137468234375001 0.85695656875 0.7129528265625 0.8381867406250001 0.7006630453125 0.8221962749999999 0.6880239828125 0.8140980546875 0.6811101828125 0.8156102765625001 0.6795949890624999 0.8236250640625 0.6700000828125 0.8332746156249999 0.67071241875 0.8512674734375001
2 0.512687740625 0.7272624875 0.52465086875 0.740145071875 0.5450429921875 0.7435006468750001 0.543246409375 0.7264073015625 0.5170109609375 0.6898870921875 0.49727214062499997 0.6927472781249999 0.4964102515625 0.7069778265625 0.503033803125 0.72513494375 0.512687740625 0.7272624875
2 0.49681856562500004 0.710862678125 0.4928987484375 0.6735681078125 0.490240275 0.6707053109375 0.47866282968749996 0.6727077031250001 0.4713180828125 0.6813352 0.48450615468749997 0.7058723375 0.49681856562500004 0.710862678125
2 0.6637395859375 0.8410026 0.6670513609375 0.8500811593750001 0.6767052984374999 0.8522087031250001 0.6732528265625 0.8305760781249999 0.6792683375 0.8205171828125 0.65990143125 0.804485 0.638425059375 0.8020289375 0.6355806296875001 0.808612325 0.635721325 0.8211663921874999 0.6515088375 0.83678923125 0.6637395859375 0.8410026
2 0.5892344484375001 0.793844671875 0.577412015625 0.793516153125 0.5708838968750001 0.809913353125 0.591439346875 0.81482286875 0.5892344484375001 0.793844671875
2 0.5950325125 0.8490095578125001 0.5945061328125 0.8215705156249999 0.5761191796875 0.8148619765625 0.5703712890625 0.8162516562500001 0.5707117109375 0.853136884375 0.5781971515625 0.8570634531250001 0.5950325125 0.8490095578125001
2 0.5238391515624999 0.8109301875 0.5338423718749999 0.8051654875 0.5406971406250001 0.79187616875 0.529142325 0.7828784343749999 0.50932184375 0.7849616515625 0.49498163125000005 0.7943244015625 0.49054034687500003 0.8081456062499999 0.5238391515624999 0.8109301875
2 0.47173621875 0.8423296875 0.5132190296875 0.8332563484375 0.514570896875 0.823687621875 0.5092539515625 0.817962028125 0.48352225156250006 0.8198809859375 0.4686920625 0.8245819140625 0.46243156250000006 0.8323098999999999 0.47173621875 0.8423296875
2 0.5264297328125 0.8467933609375 0.537902884375 0.855014125 0.55837666875 0.85914666875 0.5627953234375 0.8563255906249999 0.5609170781249999 0.8384552749999999 0.548278015625 0.830357053125 0.5424710921875 0.8199696390625 0.53156958125 0.8171876671874999 0.5165760671874999 0.82033465625 0.5132190296875 0.8332563484375 0.519375234375 0.8357515187500001 0.5264297328125 0.8467933609375
2 0.5175875125 0.7738807015625 0.528266665625 0.7633316375 0.5202912468750001 0.754743246875 0.49637875937500003 0.762755425 0.48952399062499996 0.77604474375 0.4995045796875 0.7812801671875 0.5175875125 0.7738807015625
2 0.52440193125 0.8611464515625 0.5337292171875 0.8601661140625 0.5357343875 0.85681315 0.52146206875 0.8331755234375 0.501641584375 0.835258740625 0.493888525 0.8400013859375 0.49744528906249996 0.85141085625 0.52440193125 0.8611464515625
2 0.4501870453125 0.7943191828125 0.4645862890625 0.796733528125 0.472502675 0.7935448218750001 0.467394315625 0.76737291875 0.4566787625 0.7551447625 0.4485990484375 0.7567795281249999 0.4378382328125 0.7665516218749999 0.4387365234375 0.77509829375 0.4501870453125 0.7943191828125
2 0.471931034375 0.78810603125 0.4821566125 0.795672365625 0.4903179890625 0.7948145703125 0.486212215625 0.766966184375 0.483390415625 0.7625494484375 0.47365481562499995 0.759644934375 0.473083175 0.7542061421875 0.47942533750000005 0.7472551281250001 0.4606074390625 0.7476618609375 0.4568420875 0.756698703125 0.46622840468750004 0.7674954609375 0.471931034375 0.78810603125
2 0.48752768125 0.7346202359375 0.48963714375 0.721044115625 0.47924824062500004 0.711923840625 0.46934931406249997 0.7074653859375 0.44727867187500003 0.7105706578125 0.45897418125 0.73212245625 0.47486598750000003 0.737522140625 0.48752768125 0.7346202359375
2 0.6266488484375 0.9815872765625 0.6394738671875 0.9802393125 0.6390881828125 0.9653543359375 0.630214471875 0.9482192734374999 0.60835241875 0.930878234375 0.6001910421875001 0.9317360296875 0.6050544140625 0.955577021875 0.6162599453125 0.972467 0.6266488484375 0.9815872765625
2 0.268894321875 0.7293196078124999 0.2688352921875 0.7175425125 0.27433819375 0.7138219203125 0.2728092296875 0.6880593609375001 0.27015075624999996 0.6851965640625 0.2633186171875 0.6874857578125 0.257629759375 0.700652534375 0.2591587234375 0.72641509375 0.268894321875 0.7293196078124999
4 0.2882386 0.756351915625 0.29265725468750003 0.7535308374999999 0.28855148124999996 0.7256824515625 0.27433819375 0.7138219203125 0.268671965625 0.715988571875 0.2736986609375 0.7413835046874999 0.281079809375 0.755533228125 0.2882386 0.756351915625
2 0.2986501328125 0.7544720671875 0.30255618125 0.757989290625 0.31155681562500004 0.7539010734375 0.32491707187499996 0.7352146796875 0.326618221875 0.7177537078125 0.3196227578125 0.7184889609375 0.309864525 0.7265845734374999 0.29983867656249996 0.7433493984374999 0.2986501328125 0.7544720671875
2 0.355811253125 0.692689903125 0.36687609062500004 0.697025815625 0.3743841625 0.689952259375 0.3744067921875 0.6789521328125 0.36330555468750003 0.6518390000000001 0.3459211875 0.6434539781249999 0.339007384375 0.6449662 0.338717134375 0.664635540625 0.3446873828125 0.6765768953125 0.355811253125 0.692689903125
2 0.5697121125 0.52959396875 0.5800783859374999 0.5497143703125 0.5862345906249999 0.552209540625 0.6029066234375 0.5426017046875 0.6020899953125001 0.534832003125 0.5921094078125 0.5295965781249999 0.5927263078125 0.51303511875 0.5806815171874999 0.49937556406250005 0.5581208984375 0.4978190140625 0.553107971875 0.5062014265625 0.5550905109375 0.5138485875 0.5697121125 0.52959396875
2 0.5797468234375 0.4680516703125 0.5950669890625 0.46801256249999995 0.6108997640625 0.4616351515625 0.6353838890625 0.459061765625 0.6621408046874999 0.4444662015625 0.661650828125 0.4398043796875 0.643835515625 0.43853463125000003 0.6410137171875 0.43411789375 0.601209425 0.43673038750000004 0.5944589484375 0.43979654999999995 0.5724473390625 0.4546789171875 0.5732639671875 0.46244862031249995 0.5797468234375 0.4680516703125
2 0.600719446875 0.432068565625 0.606957315625 0.43534070625 0.645595696875 0.43285075468749995 0.6532670953124999 0.42733113906250003 0.654700625 0.41853938125 0.6395664156249999 0.4091323046875 0.61150289375 0.41129634531250003 0.60467075625 0.4135855390625 0.597326009375 0.4222130375 0.600719446875 0.432068565625
2 0.5186206265625 0.5145395140625 0.5267003390625 0.5129047484375 0.540877225 0.5019880578125 0.5539924921875 0.480970753125 0.5511706937499999 0.4765540171875 0.5313502109375 0.47863723281250004 0.5075784203125 0.4992034765625 0.509642621875 0.50762760625 0.5186206265625 0.5145395140625
2 0.59567503125 0.49622857500000006 0.6224909796875 0.49341010625 0.6189568453125001 0.47100051093750006 0.5909749875 0.47394152343749996 0.5800508437499999 0.48215967656250003 0.582278371875 0.4921377484375 0.59567503125 0.49622857500000006
2 0.546021984375 0.55093718125 0.5523051140625 0.532209071875 0.559731525 0.52435854375 0.5502635437500001 0.512784815625 0.539933671875 0.5154416359375 0.5313777515625 0.5461919265625 0.5346895296875 0.555270484375 0.546021984375 0.55093718125
2 0.56878233125 0.57682489375 0.5774563140625 0.56962879375 0.5711003812500001 0.5428024625 0.5740264734375 0.5369960453125 0.565642740625 0.524522803125 0.559731525 0.52435854375 0.5512208671875001 0.5331085843750001 0.5526455375 0.5690942984375 0.56878233125 0.57682489375
2 0.5737637656250001 0.624220078125 0.580083296875 0.6282691875 0.5988195328125 0.627085484375 0.6019906140625 0.6236099765625001 0.59576160625 0.5755603640625 0.5855360265625 0.5679940296875 0.58504605 0.5633322078125 0.5757187640625 0.5643125453125 0.576290403125 0.5697513359374999 0.5676164203125 0.5769474359375 0.5737637656250001 0.624220078125
2 0.51806275625 0.54287806875 0.5168968453125 0.5430006109375001 0.517141834375 0.545331521875 0.5159759234375 0.5454540640625 0.5172008671875 0.5571086171874999 0.5160349562500001 0.557231159375 0.51619828125 0.5587850999999999 0.5150323703125 0.5589076421875 0.515277359375 0.5612385515625 0.5130272015624999 0.56226060625 0.5131905265625 0.563814546875 0.51094036875 0.5648366015625 0.51102203125 0.5656135718749999 0.5098561203124999 0.5657361140625 0.5101011093750001 0.5680670250000001 0.5089351984375 0.5681895671875 0.509425175 0.5728513890625 0.5105910859375 0.572728846875 0.5107544125000001 0.5742827859374999 0.5156630437499999 0.576123528125 0.51574470625 0.5769004984375 0.5192424375 0.576532871875 0.5193241015625001 0.5773098421875 0.5274854765625 0.576452046875 0.5284880625 0.574775565625 0.5296539734375 0.5746530234375 0.53049323125 0.5714226 0.5316591421875 0.5713000578125 0.5314141546875 0.568969146875 0.5325800640625 0.5688466046875 0.5323350765625 0.56651569375 0.5335009859375 0.5663931515625 0.5333376609375 0.5648392109375 0.534503571875 0.56471666875 0.53501618125 0.558378365625 0.5361820921875 0.5582558234375 0.535855440625 0.5551479421875001 0.5346895296875 0.555270484375 0.5332195984375 0.5412850203125 0.5343855093750001 0.541162478125 0.5340588578125 0.538054596875 0.532892946875 0.5381771390625001 0.5327296203125 0.5366231984375001 0.526900065625 0.537235909375 0.526981728125 0.5380128796875 0.5246499078125 0.5382579640625 0.523647321875 0.539934446875 0.5190653421875 0.5412015859375 0.51806275625 0.54287806875
2 0.5090257203124999 0.524189065625 0.5066938999999999 0.52443415 0.5067755625 0.5252111203125 0.504443740625 0.5254562046875 0.5045254046875 0.526233175 0.50219358125 0.5264782593749999 0.50227524375 0.5272552296875 0.4941955328125 0.52888999375 0.4942771953125 0.5296669640625 0.4919453734375 0.5299120484375 0.49202703750000004 0.53068901875 0.489695215625 0.530934103125 0.489776878125 0.5317110734375 0.48744505625 0.5319561578124999 0.48535822343749996 0.534532153125 0.4841923125 0.5346546953125 0.48500894062500005 0.5424243984375 0.4861748515625 0.54230185625 0.486419840625 0.5446327656250001 0.49008089843749997 0.5458190796875 0.49016256093750005 0.54659605 0.4949078671875 0.5468828515624999 0.4949895296875 0.5476598218750001 0.5078145484375 0.5463118578125 0.5077328859375 0.5455348875 0.51123061875 0.5451672624999999 0.5111489546875 0.5443902921875 0.5134807765625 0.5441452078125 0.5144833609374999 0.542468725 0.515649271875 0.5423461828125 0.515567609375 0.5415692125 0.520149590625 0.5403020734374999 0.5222364234375 0.5377260781250001 0.5245682453125 0.53748099375 0.526655078125 0.5349049984375001 0.5289868984375 0.5346599140625 0.5299894843749999 0.5329834328125 0.53232130625 0.532738346875 0.533323890625 0.531061865625 0.5344898015624999 0.5309393234375 0.5352473984375 0.5269319296874999 0.536413309375 0.5268093875 0.5360049953125 0.5229245359375 0.5348390843749999 0.5230470781250001 0.534757421875 0.5222701078124999 0.5300937765625 0.5227602765625 0.5300121140625 0.52198330625 0.5276802921875 0.522228390625 0.5275986296874999 0.5214514203125 0.5252668093749999 0.5216965046875 0.5251851453125 0.520919534375 0.5216874140625001 0.5212871609375 0.5216057515625 0.520510190625 0.5111942171875 0.522390040625 0.5112758796875 0.5231670109375 0.5089440578125 0.5234120953125 0.5090257203124999 0.524189065625
2 0.4873771640625 0.564956534375 0.48854307500000005 0.5648339921875001 0.49169152499999996 0.5723586109375 0.4941866734375 0.573667465625 0.4944316609375 0.5759983765625 0.501998765625 0.580701915625 0.5043305874999999 0.58045683125 0.5056598234374999 0.5818882296875 0.5079916437499999 0.5816431453125 0.5117343671875 0.5836064296875 0.5146378281249999 0.5888001375 0.518217221875 0.58920948125 0.5223908875000001 0.584057490625 0.5185665046875 0.5813172359375 0.518076528125 0.5766554140625 0.5105910859375 0.572728846875 0.510019446875 0.5672900546874999 0.5131088640625 0.5630375765625 0.5126188875000001 0.55837575625 0.5114529765625 0.5584982984375 0.5109629984375 0.5538364765625 0.507056953125 0.5503192515625 0.5068119640625001 0.547988340625 0.5031509046875 0.5468020265625 0.49374195624999995 0.54700539375 0.48392469218749995 0.543323909375 0.47926105 0.543814078125 0.478258465625 0.5454905609375 0.47891176875 0.5517063234374999 0.48680552343750005 0.5595177421875001 0.4873771640625 0.564956534375
2 0.46185405 0.54642918125 0.45984888125 0.5497821468749999 0.46072454062499996 0.5693289453125 0.45863770937500004 0.5719049390625 0.4589417296875 0.5860129453125 0.471335803125 0.5917802562500001 0.4773286828125 0.5927214859375 0.48432414843749994 0.5919862328125001 0.485757678125 0.5831944765625 0.48461439687499996 0.5723168921874999 0.48062668906250006 0.5680226984375001 0.47687019687500004 0.5322820671875 0.47112230468750005 0.5336717484375 0.4678695609375 0.5363702859374999 0.4684412015625 0.5418090765625 0.46185405 0.54642918125
2 0.48527164999999994 0.45520036406250003 0.48576162656250005 0.4598621859375 0.48250888437499995 0.4625607234375 0.48066703750000006 0.4674676296875 0.4787209 0.482597690625 0.4845278234375 0.4929851046875 0.48331342343749994 0.505393409375 0.4929485234375 0.5047042671875 0.4943450875 0.49666658906250005 0.49659524531250004 0.49564453437499995 0.49743450468750006 0.49241411093750004 0.5007689125 0.49049254375 0.5006055859375 0.488938603125 0.504860915625 0.484563584375 0.5047202203125 0.4720095171875 0.5033909828125 0.4705781203125 0.4961505296875 0.4689824625 0.49468059843749995 0.4549969984375 0.49676743281249996 0.452421003125 0.4969533890625 0.4429748171875 0.48637852812500004 0.4433007265625 0.4841283703125 0.44432278125 0.48095728906249996 0.4477982890625 0.4814472671875 0.45246011093750005 0.48527164999999994 0.45520036406250003
2 0.53190808125 0.45029867812499996 0.5320714062499999 0.45185261875 0.5298212484375 0.4528746734375 0.5289819890625 0.456105096875 0.5278160781250001 0.45622763906249997 0.5273034703125 0.46256594218749997 0.52846938125 0.4624434 0.52863270625 0.46399734062500003 0.5333780124999999 0.46428414218749997 0.535873159375 0.46559299843749996 0.5360364843750001 0.4671469390625 0.5385316312499999 0.46845579531250003 0.5466930078125001 0.467598 0.548861503125 0.46579897499999995 0.5511933250000001 0.465553890625 0.552195909375 0.46387740781250003 0.5545277328125 0.46363232343750005 0.55436440625 0.4620783828125 0.5577804765625001 0.46093378749999997 0.5804680203125 0.44126705624999996 0.5799780421875 0.436605234375 0.5822282015625 0.4355831796875 0.5814932359375 0.4285904484375 0.578916425 0.42650462187500005 0.5706733859375 0.426585446875 0.5705917234375 0.4258084765625 0.5612644375 0.42678881406249997 0.559095940625 0.42858783906250003 0.5567641203125 0.4288329234375 0.539416153125 0.443225121875 0.5395794796875 0.4447790625 0.53190808125 0.45029867812499996
2 0.6008326015625001 0.37706793906249997 0.5996666890625 0.37719048125 0.6004016546875001 0.3841832125 0.604226040625 0.38692346718750004 0.604389365625 0.3884774078125 0.6093796593749999 0.39109512031250004 0.610872221875 0.39408045937499997 0.615862515625 0.3966981703125 0.6160258421875 0.3982521109375 0.618439328125 0.398783996875 0.618602653125 0.40033793749999996 0.6222637109375 0.40152425156250005 0.6224270375 0.40307819218749996 0.629912478125 0.4070047609375 0.6322443 0.4067596765625 0.6348211109374999 0.40884550312499995 0.639484753125 0.40835533437500005 0.641163271875 0.4018944875 0.6434134296875 0.4008724328125 0.6442526890625 0.39764201093749996 0.6465028484374999 0.39661995625 0.646094534375 0.3927351046875 0.6435993859375 0.3914262484375 0.6433543984375001 0.3890953375 0.6421884875 0.3892178796875 0.636708215625 0.381938346875 0.6355423046875 0.3820608890625 0.6353789796875 0.3805069484375 0.6329654953125 0.3799750625 0.6328021703125 0.378421121875 0.630307021875 0.377112265625 0.625643378125 0.377602434375 0.62314823125 0.376293578125 0.6253167265624999 0.374494553125 0.6251534015625 0.3729406125 0.62157400625 0.37253126875000003 0.6202447703125 0.3710998703125 0.606172178125 0.37179340625 0.6060905156249999 0.3710164359375 0.6026744453124999 0.3721610328125 0.6017535234375 0.3746144859375 0.6005876125 0.374737028125 0.6008326015625001 0.37706793906249997
2 0.541819815625 0.2866473703125 0.5461932093749999 0.3058265421875 0.543103790625 0.3100790203125 0.54479608125 0.3373955203125 0.5525265109374999 0.343653 0.5652698671875 0.34152806562500004 0.5788751125 0.3251725828125 0.57756850625 0.312741059375 0.5731724828125 0.30456201250000003 0.570559271875 0.279698965625 0.5664082359375 0.2738508296875 0.5655916078125001 0.266081128125 0.5562643203125 0.267061465625 0.553011578125 0.269760003125 0.55233564375 0.274544365625 0.54574849375 0.27916447031249997 0.541819815625 0.2866473703125
2 0.5665125296875 0.263627675 0.5641807078125 0.263872759375 0.5631781234375 0.2655492421875 0.5620122125 0.265671784375 0.5612546171874999 0.269679178125 0.5600887046875 0.2698017203125 0.56057868125 0.274463540625 0.5617445937500001 0.2743409984375 0.5619895828125 0.27667190937499997 0.56315549375 0.2765493671875 0.56331881875 0.27810330781250003 0.5644847296875 0.277980765625 0.565895628125 0.280189134375 0.56822745 0.27994405 0.5695566859375 0.2813754484375 0.5754679031250001 0.28153970781250004 0.575549565625 0.282316678125 0.5862060890625 0.28276773906249997 0.5862877515625 0.283544709375 0.5897854828125 0.2831770828125 0.589867146875 0.283954053125 0.594530790625 0.28346388437500003 0.594612453125 0.28424085468750004 0.6050239875 0.2823610046875 0.60819506875 0.27888549687499997 0.609360978125 0.2787629546875 0.6097919234375 0.27164768125 0.6086260125 0.2717702234375 0.6080543734375 0.26633143125 0.6068884625 0.2664539734375 0.6067251359375 0.2649000328125 0.6018165046874999 0.263059290625 0.601734840625 0.2622823203125 0.5969895359375 0.26199551875 0.5969078734375 0.2612185484375 0.593410140625 0.26158617500000003 0.593328478125 0.2608092046875 0.5898307453125 0.26117683125 0.5897490828125 0.2603998609375 0.5803401328125 0.26060322812500003 0.5802584703125 0.2598262578125 0.5698469359375 0.2617061078125 0.5699285984375 0.262483078125 0.5664308671875 0.2628507046875 0.5665125296875 0.263627675
2 0.5917178515625 0.234269675 0.5944579875 0.23790944218750001 0.6054411609375 0.24146838437499998 0.609592196875 0.2473165203125 0.6219046078125 0.252306859375 0.6220679328125 0.2538608 0.6244814171875 0.2543926859375 0.6246447421875 0.2559466265625 0.6297167 0.259341309375 0.632048521875 0.259096225 0.6370388171875 0.2617139375 0.649782171875 0.259589003125 0.65195066875 0.25778997812500004 0.6511340390625 0.25002027656250003 0.649968128125 0.25014281875 0.6494781515625 0.24548099687499997 0.646656353125 0.241064259375 0.6416660578125 0.23844654687500003 0.6344256046875001 0.2368508890625 0.6297619625 0.2373410578125 0.6235240937500001 0.23406891875000002 0.6137294609375 0.21938730781250002 0.6008227796875001 0.2199583015625 0.5944806171875 0.2269093171875 0.5910645484375 0.22805391406250003 0.5901436265625 0.23050736718749998 0.5913095375 0.23038482500000002 0.5917178515625 0.234269675
2 0.6137294609375 0.21938730781250002 0.614895371875 0.21926476562500002 0.6166329234375 0.22458101562500002 0.6177988328125 0.2244584734375 0.6181254843749999 0.22756635468750003 0.6192913953125 0.2274438125 0.621028946875 0.2327600625 0.6221948562499999 0.2326375203125 0.62360575625 0.2348458875 0.6247716671875 0.234723346875 0.6249349921875 0.23627728593750003 0.6272668140625 0.2360322015625 0.6285960515625 0.23746360000000002 0.6309278734375 0.23721851562500001 0.6310095359375001 0.23799548593750003 0.640336821875 0.2370151484375 0.6402551578125 0.2362381796875 0.6414210687499999 0.23611563750000003 0.6410127546875 0.2322307859375 0.6421786671875 0.23210824375 0.6414437015625001 0.22511551093749999 0.6402777890625 0.225238053125 0.638458575 0.21914483437499999 0.6360450906249999 0.21861294843749998 0.6357184390625 0.2155050671875 0.6345525296875001 0.21562760937499997 0.632814978125 0.21031135937499998 0.6316490671875 0.2104339015625 0.6288272687500001 0.2060171640625 0.627661359375 0.20613970625000003 0.6274980328125 0.2045857671875 0.626332121875 0.204708309375 0.626087134375 0.2023773984375 0.6236736484375001 0.2018455125 0.623591984375 0.20106854218749998 0.6154306109375 0.2019263375 0.6155122734375 0.2027033078125 0.6131804515625 0.2029483921875 0.6143237328125 0.213825975 0.613157821875 0.21394851718750002 0.6137294609375 0.21938730781250002
2 0.6236736484375001 0.2018455125 0.6266587734375 0.20781618906250002 0.6411987124999999 0.2227846 0.645454040625 0.21840958124999998 0.6494870109375 0.200703525 0.64575315 0.15396276874999998 0.6427680265625 0.1479920921875 0.6365301578125 0.1447199515625 0.6261186234375 0.14659980156250002 0.6216999703125 0.1494208796875 0.6201031140625 0.156658696875 0.6236736484375001 0.2018455125
2 0.5308317312499999 0.2045336109375 0.5332452156249999 0.205065496875 0.533408540625 0.20661943749999997 0.5561324875 0.20972992812500002 0.5574617234375 0.2111613265625 0.5597935453125 0.2109162421875 0.5623703546875001 0.21300206875 0.567115659375 0.2132888703125 0.5671973234375 0.214065840625 0.5754403625 0.213985015625 0.5753586984375 0.21320804531249998 0.5811065890625 0.2118183640625 0.584359334375 0.2091198265625 0.5841960078125 0.20756588593749997 0.58536191875 0.20744334375 0.584708615625 0.20122758125 0.579881646875 0.2001638109375 0.57931000625 0.19472501874999998 0.5781440953125 0.1948475609375 0.576733196875 0.1926391921875 0.5708219796875 0.1924749328125 0.5707403171875 0.19169796249999999 0.5660766734375 0.19218813125 0.5659950109375 0.1914111609375 0.5564227359375 0.1900605875 0.5563410734375 0.1892836171875 0.554009253125 0.18952870156249998 0.552680015625 0.188097303125 0.547934709375 0.1878105015625 0.547853046875 0.18703353125 0.5361939375 0.18825895312500002 0.528604203125 0.1945555390625 0.5280099328125 0.2001168734375 0.52917584375 0.19999433125 0.5308317312499999 0.2045336109375
4 0.6106577625 0.1340848421875 0.6094918515625001 0.134207384375 0.6096551781249999 0.135761325 0.6084892671875 0.1358838671875 0.60865259375 0.13743780781249998 0.6074866828125 0.13756035 0.6076500078125 0.139114290625 0.6064840968749999 0.13923683281250002 0.6058081640624999 0.1440211953125 0.604642253125 0.1441437375 0.6048872421875 0.1464746484375 0.6037213296874999 0.146597190625 0.6039663187500001 0.1489281015625 0.6028004078125 0.14905064375 0.603045396875 0.1513815546875 0.6018794859375001 0.151504096875 0.6023694625 0.15616591875000002 0.6035353734375 0.1560433765625 0.6036986984375 0.1575973171875 0.6061121843749999 0.158129203125 0.607604746875 0.161114540625 0.61001823125 0.1616464265625 0.61009989375 0.16242339687500001 0.612431715625 0.1621783125 0.612513378125 0.1629552828125 0.6148452 0.1627101984375 0.6147635359375 0.161933228125 0.615929446875 0.1618106859375 0.615766121875 0.160256746875 0.6180162796875 0.1592346921875 0.6188555390625 0.15600426875 0.6200214515625 0.1558817265625 0.620534059375 0.149543421875 0.6227842171875 0.1485213671875 0.6227025546875 0.14774439687500002 0.6250343765624999 0.14749931249999998 0.6249527125000001 0.1467223421875 0.627284534375 0.146477259375 0.627202871875 0.14570028906250002 0.6283687828125 0.145577746875 0.62812379375 0.1432468359375 0.6292897046875 0.14312429375 0.62830975 0.13380065000000002 0.6271438390624999 0.13392319218749998 0.6269805140625 0.132369253125 0.625814603125 0.13249179375 0.6256512765625 0.13093785468750002 0.6197400609375 0.1307735953125 0.6196583984374999 0.129996625 0.61382884375 0.1306093359375 0.61391050625 0.1313863046875 0.611578684375 0.1316313890625 0.6116603484375001 0.132408359375 0.6104944375 0.1325309015625 0.6106577625 0.1340848421875
2 0.4039924453125 0.2202216171875 0.40515835625 0.22009907499999998 0.40532168124999995 0.221653015625 0.41023031249999997 0.22349375781249997 0.41031197500000005 0.22427072812499999 0.4150572828125 0.22455752968749998 0.41513894531249995 0.2253345 0.4267980515625 0.224109078125 0.426879715625 0.2248860484375 0.43512275312500004 0.22480522343749998 0.43520441718749997 0.22558219375 0.444531703125 0.22460185625 0.44553428906250003 0.2229253734375 0.4467001984375 0.22280283125000003 0.4465368734375 0.221248890625 0.447702784375 0.22112634843749998 0.4475394578125 0.2195724078125 0.44870536875000006 0.219449865625 0.44854204375 0.21789592500000002 0.45296069687499996 0.21507484687499998 0.45230739375000006 0.208859084375 0.451141484375 0.20898162656250002 0.45097815781249995 0.2074276859375 0.446232853125 0.207140884375 0.4461511890625 0.2063639140625 0.44381936875 0.2066089984375 0.44373770468749996 0.20583202812499998 0.4390740609375 0.20632219687500003 0.4389923984375 0.20554522656250002 0.4308310234375 0.206403021875 0.43074936093750005 0.2056260515625 0.4260857171875 0.2061162203125 0.42600405468749997 0.20533925000000003 0.4108472140625 0.2069322984375 0.4109288765625 0.20770926875 0.4074311453125 0.2080768953125 0.4053443125 0.21065289062499998 0.40417840156249996 0.21077543125 0.4039924453125 0.2202216171875
2 0.4293296 0.2481951546875 0.42981957812499993 0.2528569765625 0.4352181875 0.2593595390625 0.44245864062500007 0.260955196875 0.44945410625 0.26021994375 0.44988504999999995 0.2531046703125 0.45739312187500003 0.2460311140625 0.4597249453125 0.245786028125 0.46072752968749997 0.244109546875 0.46888890468750005 0.24325175156249998 0.4692608171875 0.22435938125 0.4756846421875 0.21818533750000002 0.47427374375 0.21597696875 0.468035875 0.212704828125 0.4662983234375 0.207388578125 0.45230739375000006 0.208859084375 0.4501388984375 0.210658109375 0.4507105390625 0.2160969 0.4473761328125 0.2180184671875 0.4293296 0.2481951546875
2 0.4752448375 0.2700780828125 0.4789058953125 0.27126439687500004 0.479150884375 0.2735953078125 0.4862280109375 0.273637025 0.5014891453125 0.261820821875 0.5025143625 0.24914421406249998 0.5001825390625 0.2493892984375 0.49519224531250006 0.2467715859375 0.49345469375000006 0.24145533593750002 0.492638065625 0.233685634375 0.49339566250000005 0.22967824062500003 0.4955641578125 0.22787921562500002 0.4948291921875 0.22088648281249998 0.48460361562500004 0.21332014843749997 0.476768890625 0.217285825 0.4692608171875 0.22435938125 0.4710121390625 0.2634529765625 0.4752448375 0.2700780828125
2 0.4368514453125 0.27489894375 0.433435375 0.27604354062500003 0.43267777812499997 0.280050934375 0.43384368906250004 0.2799283921875 0.43400701406250003 0.2814823328125 0.4351729265625 0.281359790625 0.4358262296875 0.2875755515625 0.439405625 0.28798489531250004 0.4394872875 0.288761865625 0.4418191078125 0.28851678125 0.441900771875 0.2892937515625 0.4442325921875 0.2890486671875 0.44680940312499995 0.29113449375 0.4526389578125 0.2905217828125 0.45255729375 0.2897448125 0.454889115625 0.289499728125 0.45480745312500004 0.288722759375 0.458305184375 0.28835513281249997 0.45822352187500004 0.2875781625 0.46055534375 0.287333078125 0.46047368125 0.28655610781249996 0.4628055015625 0.28631102343750003 0.4638080875 0.28463454062500004 0.47072188906249995 0.2831223171875 0.4706402265625 0.282345346875 0.4764697796875 0.2817326359375 0.4785566140625 0.279156640625 0.479722525 0.27903409843750004 0.47947753593750003 0.2767031890625 0.483896190625 0.273882109375 0.4812006484375 0.273913890625 0.479333878125 0.2725919234375 0.47919238125 0.271245671875 0.47526635781250004 0.2705065984375 0.474299084375 0.268775978125 0.4731710109375 0.2670099125 0.47151155468750006 0.26467148749999997 0.47093047656250003 0.26267600625 0.4710121390625 0.2634529765625 0.4686803171875 0.26369806093750003 0.46876198125 0.26447503125 0.46643015937500004 0.264720115625 0.466511821875 0.2654970859375 0.4595980203125 0.267009309375 0.4596796828125 0.2677862796875 0.44460450468749996 0.2701562984375 0.44468616875 0.27093326875 0.43785402968750003 0.27322246093749997 0.4368514453125 0.27489894375
2 0.4634361734375 0.3035269109375 0.46658462500000003 0.31105152812500003 0.46909354218750005 0.34613773124999997 0.4717520171875 0.34900052812500004 0.48224521249999996 0.3478976484375 0.4901616 0.3447089421875 0.48983494843750003 0.3416010609375 0.49208510624999996 0.34057900625 0.49276104062500004 0.33579464375 0.49245701875 0.3216866375 0.48413231874999996 0.32099049218750003 0.48239476875 0.3156742421875 0.47998128281249997 0.31514235625000003 0.4792463171875 0.30814962343749996 0.490088796875 0.2991545 0.48959881875000005 0.294492678125 0.4842002109375 0.287990115625 0.47929157968749997 0.2861493734375 0.473462025 0.286762084375 0.469125034375 0.290360134375 0.469288359375 0.2919140734375 0.46603561562499995 0.2946126109375 0.4634361734375 0.3035269109375
2 0.5049189843749999 0.294453571875 0.4958366890625 0.29776481875 0.49591835156249997 0.2985417890625 0.4935865296875 0.2987868734375 0.4936681921875 0.29956384375 0.49133637031250005 0.299808928125 0.4914180328125 0.3005858984375 0.4890862109375 0.3008309828125 0.489167875 0.301607953125 0.48683605312499995 0.30185303750000003 0.486917715625 0.3026300078125 0.4845858953125 0.3028750921875 0.480248903125 0.306473140625 0.48041222968749997 0.30802708125 0.47816206875 0.3090491359375 0.4775677984375 0.3146104703125 0.47998128281249997 0.31514235625000003 0.48280308281249995 0.31955909375 0.486545803125 0.321522378125 0.49120944531250005 0.321032209375 0.491291109375 0.3218091796875 0.504116128125 0.320461215625 0.5040344640625001 0.3196842453125 0.5063662859375 0.3194391609375 0.5062029609375001 0.3178852203125 0.5130351 0.3155960265625 0.5140376843750001 0.31391954375000003 0.51636950625 0.313674459375 0.5185380015625001 0.311875434375 0.5168821140625 0.30733615625 0.515716203125 0.3074586984375 0.5147362484375 0.2981350546875 0.5201574875 0.29363749375000003 0.5199941625 0.292083553125 0.5233285703125 0.29016198593750003 0.5241678296875001 0.2869315625 0.519504184375 0.28742173125 0.5173356890624999 0.28922075625 0.5104218890625 0.2907329796875 0.5082533921875 0.2925320046875 0.5059215703125 0.2927770890625 0.5049189843749999 0.294453571875
2 0.507509565625 0.33031674375 0.52229449375 0.34761606562499997 0.5244403578125 0.356817165625 0.5393295796875 0.36389333281249997 0.543317290625 0.368187528125 0.54922850625 0.3683517875 0.550498709375 0.358006090625 0.5525855421875 0.35543009531249997 0.5560016140624999 0.3542854984375 0.5558382875000001 0.3527315578125 0.5521772281249999 0.35154524375 0.551932240625 0.34921433281250003 0.54951875625 0.348682446875 0.543875159375 0.3398489734375 0.537718953125 0.33735380312499996 0.5349788171875 0.33371403593750004 0.5325653328125 0.33318215 0.5255108359375 0.32214030781249997 0.524939196875 0.31670151562500004 0.51794373125 0.31743676875000004 0.5157752359375001 0.31923579375 0.512277503125 0.3196034203125 0.5103539968749999 0.32373335625 0.5081038359375001 0.32475541093750004 0.507509565625 0.33031674375
2 0.5726146140624999 0.3329005671875 0.5703644546875 0.333922621875 0.57052778125 0.3354765625 0.5682776234375 0.3364986171875 0.5684409484375 0.3380525578125 0.5661907890625 0.33907461250000004 0.5663541140625 0.340628553125 0.56410395625 0.3416506078125 0.56426728125 0.34320454843750003 0.5620171234375 0.344226603125 0.5621804484374999 0.3457805421875 0.559930290625 0.34680259687500004 0.558088446875 0.351709503125 0.5569225359375001 0.3518320453125 0.5579841531249999 0.3619326578125 0.5591500640625 0.361810115625 0.5593950515625 0.36414102656249997 0.5618901984375 0.3654498828125 0.5701332359375 0.3653690578125 0.5702149000000001 0.366146028125 0.5771287015625 0.3646338046875 0.582549940625 0.36013624375000003 0.582386615625 0.358582303125 0.5910605984374999 0.351386203125 0.5908972734375 0.3498322625 0.59314743125 0.34881020937499996 0.5929841062500001 0.34725626875 0.5952342640625 0.3462342140625 0.5949892765625 0.343903303125 0.5961551859374999 0.3437807609375 0.5960144921875 0.3312266953125 0.597180403125 0.33110415312499997 0.5968537515625 0.32799627187499997 0.5980196624999999 0.3278737296875 0.596363775 0.32333445 0.5869548250000001 0.32353781718749997 0.5868731625 0.322760846875 0.579877696875 0.3234961 0.576624953125 0.3261946375 0.5767882796875 0.32774857812499997 0.5734538734375 0.3296701453125 0.5726146140624999 0.3329005671875
2 0.518846934375 0.40453825937500004 0.516596775 0.40556031406250004 0.515757515625 0.40879073750000006 0.51350735625 0.4098127921875 0.5116655125 0.41471969687500004 0.5104996015625 0.4148422390625 0.510744590625 0.41717315 0.5085760953125 0.41897217500000006 0.5078184984375 0.42297956875000003 0.5023972578125 0.42747712968749996 0.5030505609375 0.43369289218749996 0.504216471875 0.43357035 0.5044614593750001 0.43590126093750003 0.5056273703125 0.43577871874999996 0.505790696875 0.437332659375 0.5082858453125 0.438641515625 0.5176131296875 0.43766117812500005 0.5183707265625 0.433653784375 0.520620884375 0.43263172968749997 0.5214601453125 0.42940130625000006 0.5257971375 0.42580325781250006 0.5256338109375001 0.42424931718750003 0.5311367125 0.42052872499999994 0.5309733875 0.418974784375 0.5343077953125001 0.4170532171875 0.5351470546875 0.4138227953125 0.5373972124999999 0.412800740625 0.5372338875 0.41124679999999997 0.5394840453125 0.41022474531249997 0.5403233046875 0.40699432187499995 0.541489215625 0.4068717796875 0.540078315625 0.40466341093749997 0.5376648312500001 0.40413152500000005 0.53750150625 0.402577584375 0.5363355953125 0.4027001265625 0.5346797078125001 0.3981608484375 0.5321845609375 0.3968519921875 0.52635500625 0.397464703125 0.5241865109375 0.399263728125 0.5218546890625 0.3995088109375 0.5209337671875 0.4019622640625 0.5186836078125 0.40298431875 0.518846934375 0.40453825937500004
2 0.541407553125 0.40609480937500003 0.5394840453125 0.41022474531249997 0.5372338875 0.41124679999999997 0.5373972124999999 0.412800740625 0.5351470546875 0.4138227953125 0.5323026234375 0.4204061828125 0.5247128890625 0.4267027703125 0.524876215625 0.4282567109375 0.521541809375 0.4301782765625 0.521705134375 0.43173221718750004 0.5183707265625 0.433653784375 0.518779040625 0.4375386359375 0.5212741875 0.43884749218749997 0.5215191765625 0.441178403125 0.5226850890625 0.44105586093750004 0.5240959875 0.44326422968749996 0.53683934375 0.44113929531249996 0.541176334375 0.43754124531249994 0.54193393125 0.43353385156249996 0.5463525859375 0.43071277343750003 0.546189259375 0.4291588328125 0.5494420046874999 0.4264602953125 0.549197015625 0.42412938437500003 0.5514471750000001 0.4231073296875 0.552286434375 0.41987690625 0.55345234375 0.4197543640625 0.5539649515625 0.4134160609375 0.55830194375 0.4098180109375 0.5601437875 0.40491110468749997 0.5564827296875 0.403724790625 0.5563194046875 0.4021708515625 0.55382425625 0.4008619953125 0.54691045625 0.4023742171875 0.54590786875 0.4040507 0.5435760484375 0.404295784375 0.541407553125 0.40609480937500003
2 0.4961003578125 0.41242789375 0.4975929203125 0.4154132328125 0.5026648765624999 0.41880791562499997 0.50974200625 0.4188496328125 0.517681021875 0.4046608015625 0.52635500625 0.397464703125 0.5269492765625 0.39190336875 0.5220406453125 0.3900626265625 0.5206523765625 0.3768541328125 0.5259919531249999 0.3715796 0.5252569874999999 0.36458686875 0.5238460875000001 0.3623785 0.5142738140625001 0.3610279265625 0.5103677656250001 0.3575107015625 0.5043748875 0.356569471875 0.49862699531250004 0.35795915312500004 0.49704391093750006 0.39897431562499996 0.49520206718750004 0.40388122187500003 0.4961003578125 0.41242789375
2 0.43138099375000005 0.424729046875 0.4302150828125 0.4248515890625 0.430623396875 0.428736440625 0.43178930781249997 0.42861389843750003 0.4333635328125 0.4323762078125 0.4370245921875 0.433562521875 0.4371062546875 0.43433949062500005 0.4394380765625 0.4340944078125 0.44076731249999995 0.4355258046875 0.443099134375 0.4352807203125 0.4469235171875 0.438020975 0.4492553390625 0.43777589062500005 0.450584575 0.4392072890625 0.4529163984375 0.4389622046875 0.454245634375 0.440393603125 0.458990940625 0.4406804046875 0.459072603125 0.441457375 0.461404425 0.44121229062499995 0.4614860875 0.4419892609375 0.4708133734375 0.4410089234375 0.47073171093750005 0.44023195312499996 0.4730635328125 0.43998686875 0.47265521875000005 0.43610201875000004 0.473821128125 0.43597947656249997 0.472432859375 0.4227709828125 0.47126694999999996 0.422893525 0.4711852859375 0.4221165546875 0.46885346562499997 0.42236163906249996 0.46877180156250003 0.42158466875 0.46643998125 0.42182975312500004 0.46635831874999994 0.42105278281249997 0.464026496875 0.42129786718749995 0.463944834375 0.420520896875 0.4581152796875 0.4211336078125 0.45819694218749996 0.421910578125 0.45703103125 0.42203311875000005 0.4534516359375 0.42162377500000003 0.45212240000000004 0.420192378125 0.4462111828125 0.42002811875 0.4461295203125 0.4192511484375 0.44496360937499996 0.41937369062499996 0.44480028281250006 0.41781974999999993 0.44005497812499994 0.4175329484375 0.43997331562499997 0.416755978125 0.4353913359375 0.41802311718749996 0.4333045015625 0.42059911093749996 0.432138590625 0.42072165312500004 0.43138099375000005 0.424729046875
2 0.36887538750000004 0.41323092343749995 0.367709478125 0.413353465625 0.367872803125 0.41490740625000005 0.36670689218749997 0.4150299484375 0.3674418578125 0.42202268125 0.3698553421875 0.42255456718750006 0.37001866875 0.4241085078125 0.371184578125 0.423985965625 0.37126624218750004 0.4247629359375 0.376011546875 0.4250497375 0.376093209375 0.4258267078125 0.3807568546875 0.4253365390625 0.3808385171875 0.42611350937500003 0.3843362484375 0.42574588281250003 0.3844179125 0.426522853125 0.390247465625 0.4259101421875 0.390329128125 0.42668711249999997 0.4019882359375 0.425461690625 0.4019065734375 0.42468472031250004 0.406488553125 0.42341758125 0.4074911390625 0.4217410984375 0.40865704999999997 0.42161855625 0.40849372500000003 0.420064615625 0.40965963437499997 0.4199420734375 0.409414646875 0.41761116249999997 0.41058055781249997 0.4174886203125 0.4100089171875 0.4120498296875 0.40759543281250005 0.41151794375 0.40751377031249997 0.41074097343749993 0.406347859375 0.410863515625 0.406266196875 0.41008654531250005 0.405100284375 0.4102090875 0.40501862187500004 0.40943211718750006 0.4026868 0.4096772015625 0.4026051375 0.40890023124999997 0.3991074046875 0.40926785781249997 0.3990257421875 0.4084908875 0.3931961890625 0.4091035984375 0.3931145265625 0.40832662812500004 0.387284971875 0.4089393390625 0.38720330937499997 0.40816236874999995 0.3732123796875 0.40963287499999995 0.3732940421875 0.4104098453125 0.3709622203125 0.41065492968750006 0.36995963593750003 0.41233141250000005 0.368793725 0.412453953125 0.36887538750000004 0.41323092343749995
2 0.40980918906249997 0.38771866718750003 0.4086432796875 0.387841209375 0.408457321875 0.3972873953125 0.40436531875000004 0.4032163546875 0.40610287031250003 0.4085326046875 0.4137516375 0.41401311406249997 0.42649499375 0.41188817968749997 0.4296660734375 0.408412671875 0.42827780468750004 0.395204178125 0.429443715625 0.3950816359375 0.42928039062499995 0.3935276953125 0.4281144796875 0.3936502375 0.42778782812499994 0.39054235625 0.4266219171875 0.39066489843749996 0.4258052890625 0.382895196875 0.42797378437500005 0.381096171875 0.427810459375 0.37954223125 0.4300606171875 0.37852017656250003 0.43049156406250005 0.371404903125 0.43282338437499995 0.37115981875 0.432660059375 0.369605878125 0.4338259703125 0.3694833359375 0.4333359921875 0.3648215140625 0.429511609375 0.362081259375 0.42601387500000004 0.3624488859375 0.42509295312499995 0.3649023390625 0.4207559625 0.3685003890625 0.418424140625 0.3687454734375 0.41517139687500004 0.3714440109375 0.415334721875 0.37299795156250004 0.41208197812499997 0.3756964875 0.40980918906249997 0.38771866718750003
2 0.39245140156249997 0.24500122968750002 0.391285490625 0.24512377187499998 0.39351301875 0.2551018421875 0.3923471078125 0.255224384375 0.3930820734375 0.26221711718749996 0.3919161640625 0.262339659375 0.39232447812500004 0.2662245109375 0.39115856718750003 0.266347053125 0.39056429531250003 0.2719083859375 0.389398384375 0.272030928125 0.3888857765625 0.2783692328125 0.3900516875 0.27824669062499996 0.391707575 0.2827859703125 0.395286971875 0.2831953125 0.39536863437499997 0.28397228281250003 0.408193653125 0.2826243203125 0.408379609375 0.273178134375 0.40954552031249997 0.27305559218750003 0.40913720624999994 0.2691707421875 0.410303115625 0.26904819999999996 0.4097314765625 0.26360940781250003 0.41089738750000004 0.263486865625 0.40817988125 0.2488469734375 0.4113509625 0.24537146562499998 0.4111059734375 0.2430405546875 0.4086924890625 0.24250866875 0.4085291640625 0.24095472812500002 0.4061156796875 0.2404228421875 0.405952353125 0.23886890312500003 0.4035388703125 0.23833701718750003 0.40337554375 0.2367830765625 0.40088039531249997 0.23547422031249998 0.3985485734375 0.2357193046875 0.396461740625 0.23829530000000002 0.3941299203125 0.23854038437499997 0.394374909375 0.24087129375 0.3922064125 0.24267031874999997 0.39245140156249997 0.24500122968750002
2 0.3137411078125 0.25877288906249996 0.31140928749999996 0.2590179734375 0.3104067015625 0.26069445468749997 0.309240790625 0.260816996875 0.3094041171875 0.26237093749999996 0.30823820625 0.2624934796875 0.308809846875 0.267932271875 0.30997575624999996 0.2678097296875 0.3101390828125 0.2693636703125 0.3125525671875 0.26989555625 0.3126342296875 0.27067252656249996 0.3149660515625 0.27042744218750003 0.3162952875 0.271858840625 0.32095893124999997 0.271368671875 0.32104059375 0.27214564218750004 0.32453832656250003 0.271778015625 0.3246199890625 0.2725549859375 0.32928363125 0.27206481718750003 0.32936529531250003 0.2728417875 0.33402893749999996 0.27235161875 0.333947275 0.2715746484375 0.336279096875 0.27132956406250003 0.336197434375 0.27055259375 0.33852925625 0.270307509375 0.3384475921875 0.2695305390625 0.339613503125 0.269407996875 0.33936851562500003 0.2670770859375 0.34053442500000003 0.26695454375 0.3402077734375 0.2638466625 0.34137368437500004 0.2637241203125 0.341210359375 0.26217018125 0.338796875 0.2616382953125 0.33871521250000003 0.260861325 0.3375493015625 0.2609838671875 0.3374676390625 0.260206896875 0.336301728125 0.2603294390625 0.33581175 0.2556676171875 0.334645840625 0.255790159375 0.3345641765625 0.2550131890625 0.328734621875 0.25562589999999996 0.328652959375 0.2548489296875 0.32049158437499997 0.25570672499999997 0.3205732484375 0.2564836953125 0.315909603125 0.2569738640625 0.3159912671875 0.257750834375 0.3136594453125 0.25799591875 0.3137411078125 0.25877288906249996
1 0.308868878125 0.2797093671875 0.31003478906250004 0.279586825 0.3101164515625 0.2803637953125 0.3124482734375 0.28011871093749996 0.31377750937500004 0.281550109375 0.31610933124999996 0.281305025 0.31619099375 0.2820819953125 0.318522815625 0.28183691093749996 0.31985205156249996 0.283268309375 0.322183875 0.283023225 0.3235131109375 0.2844546234375 0.32467902187500003 0.28433208125 0.324760684375 0.2851090515625 0.3259265953125 0.28498650937500003 0.3260082578125 0.28576347968750004 0.329505990625 0.285395853125 0.33050857499999997 0.2837193703125 0.3316744859375 0.283596828125 0.33151115937500003 0.2820428875 0.3326770703125 0.2819203453125 0.33226875625 0.27803549375 0.3311028453125 0.2781580359375 0.33093952031249996 0.2766040953125 0.3285260359375 0.276072209375 0.3284443734375 0.275295240625 0.3272784625 0.2754177828125 0.3271967984375 0.2746408125 0.32486497812500004 0.274885896875 0.324783315625 0.27410892656249997 0.32128558281249997 0.2744765515625 0.3199563453125 0.2730451546875 0.31762452343750003 0.2732902390625 0.3175428609375 0.27251326875 0.3140451296875 0.27288089531250004 0.313963465625 0.272103925 0.3092998234375 0.27259409375 0.3082972390625 0.27427057499999996 0.307131328125 0.2743931171875 0.30753964218749996 0.27827796875 0.308705553125 0.27815542656250003 0.308868878125 0.2797093671875
2 0.3198481015625 0.4066006 0.3210140140625 0.40647805625 0.322914890625 0.41334824687499994 0.32408080156249996 0.4132257046875 0.329211790625 0.4283974828125 0.33303617343749997 0.4311377375 0.3331995 0.432691678125 0.33943736874999997 0.43596381875 0.341769190625 0.43571873437499997 0.3455119109375 0.43768201875 0.35017555312500004 0.43719184999999994 0.35334663593750004 0.4337163421875 0.3526116703125 0.42672360937500003 0.351445759375 0.4268461515625 0.3512007703125 0.424515240625 0.3500348578125 0.42463778437500005 0.3490549046875 0.41531414062499994 0.350139153125 0.414414628125 0.348973240625 0.4145371703125 0.3463373984375 0.4006742484375 0.3451714875 0.400796790625 0.3450081625 0.39924285 0.34384225156250003 0.3993653921875 0.3436789265625 0.39781145156250003 0.342513015625 0.39793399375 0.33844364374999997 0.39286282968749997 0.3243710515625 0.3935563640625 0.32220255625 0.3953553890625 0.32236588125 0.39690932968750003 0.3191131359375 0.39960786718749997 0.3198481015625 0.4066006
2 0.3419098859375 0.44827279999999997 0.343892425 0.45591995937499996 0.3450583359375 0.4557974171875 0.34546665 0.45968226874999996 0.3466325609375 0.4595597265625 0.34704087499999997 0.463444578125 0.3482067859375 0.4633220359375 0.3486151 0.4672068875 0.3497810109375 0.46708434531250004 0.350189325 0.4709691953125 0.3513552359375 0.470846653125 0.35341943750000004 0.479270784375 0.3545853484375 0.4791482421875 0.3561595734375 0.48291055156249996 0.3599022953125 0.484873834375 0.362234115625 0.48462875156249996 0.3659768375 0.486592034375 0.36947456875 0.486224409375 0.37722763125 0.48148176249999997 0.3762476765625 0.47215811875 0.37242329218750003 0.469417865625 0.3691931796875 0.4611162765625 0.3680272671875 0.46123881874999995 0.366067359375 0.44259153281249997 0.36224297656250004 0.4398512796875 0.3599111546875 0.4400963640625 0.359747828125 0.4385424234375 0.35725268125 0.43723356718749995 0.35250737656250003 0.436946765625 0.3525890390625 0.4377237359375 0.3479253953125 0.43821390468750004 0.34242249375 0.4419344953125 0.340743975 0.44839534218750005 0.3419098859375 0.44827279999999997
2 0.3344431234375 0.5566783953125001 0.3332772140625 0.5568009375 0.33803629062499996 0.5908650859375 0.3406131015625 0.5929509125 0.340858090625 0.5952818234375 0.3487939828125 0.6048295625 0.35655737187500003 0.6038547078125001 0.35601492968750004 0.5936887750000001 0.357180840625 0.5935662328125 0.3566908640625 0.5889044109375 0.3578567734375 0.58878186875 0.3569584828125 0.580235196875 0.359045315625 0.5776592015625 0.3587186640625 0.5745513203125 0.35988457500000004 0.5744287781249999 0.35890462031250003 0.5651051359375 0.352666753125 0.5618329953125001 0.35176846093749997 0.5532863234375001 0.3480257390625 0.5513230390625 0.3478624140625 0.5497690984375 0.34311710781250004 0.549482296875 0.3430354453125 0.5487053265624999 0.33612164375 0.5502175499999999 0.3352823828125 0.5534479734375 0.334116471875 0.5535705156249999 0.3344431234375 0.5566783953125001