2 0.15625 0.29425556875000003 0.15234375 0.2860492375 0.1453125 0.28487690468750004 0.12578125 0.30715123125 0.1265625 0.324736225 0.14296875 0.322391559375 0.1515625 0.31066822968749996 0.15625 0.29425556875000003
2 0.10234375 0.38100820625 0.0984375 0.373974209375 0.07734375 0.3599062140625 0.06875 0.3645955453125 0.0671875 0.3716295421875 0.090625 0.38686987031250003 0.096875 0.3880422046875 0.10234375 0.38100820625
2 0.29921875 0.2743259078125 0.2984375 0.2626025796875 0.29453125 0.257913246875 0.2671875 0.26846424375 0.2671875 0.28135990624999996 0.27265625 0.283704571875 0.28515625 0.28253223906249997 0.29921875 0.2743259078125
4 0.27109375 0.314185228125 0.2578125 0.3024618984375 0.2390625 0.2977725671875 0.22734375 0.3001172328125 0.22578125 0.3118405625 0.23046875 0.3188745609375 0.2625 0.32004689375 0.27109375 0.314185228125
4 0.13125 0.36811254375 0.13828125 0.357561546875 0.1375 0.35287221562500004 0.11328125 0.3388042203125 0.09765625 0.33997655312499997 0.09765625 0.348182884375 0.10390625 0.357561546875 0.12578125 0.3692848765625 0.13125 0.36811254375
4 0.184375 0.4689331765625 0.18125 0.45838218125 0.17109375 0.44900351718750003 0.134375 0.4431418515625 0.1265625 0.45017585000000004 0.128125 0.4689331765625 0.14375 0.4771395078125 0.1734375 0.4794841734375 0.184375 0.4689331765625
2 0.153125 0.923798359375 0.14921875 0.8980070343750001 0.13984375 0.880422040625 0.11328125 0.864009378125 0.0984375 0.8686987109375 0.09375 0.8780773734375 0.09296875 0.89214536875 0.1015625 0.9132473624999999 0.13828125 0.9249706921874999 0.153125 0.923798359375
2 0.1765625 0.8065650640625 0.16953125 0.7995310671875 0.16328125 0.8007034000000001 0.15390625 0.83118405625 0.153125 0.841735053125 0.16484375 0.841735053125 0.175 0.8194607265625 0.1765625 0.8065650640625
2 0.21953125 0.9167643609375 0.2296875 0.9144196953125 0.23125 0.9015240328124999 0.21953125 0.8757327078125 0.20625 0.8675263781250001 0.1984375 0.8733880421875 0.19765625 0.8839390390625 0.2015625 0.8933177015625 0.2140625 0.8991793671874999 0.21953125 0.9167643609375
2 0.25078125 0.9812426734375 0.25859375 0.9812426734375 0.2765625 0.9753810078124999 0.2859375 0.967174678125 0.2796875 0.9519343499999999 0.2703125 0.946072684375 0.22109375 0.9378663546875 0.21484375 0.9449003515625 0.2140625 0.9648300125 0.23515625 0.9777256734374999 0.24140625 0.9730363421874999 0.25078125 0.9812426734375
2 0.22734375 0.9718640093750001 0.17109375 0.976553340625 0.1703125 0.99531066875 0.21484375 0.9906213359375 0.2359375 0.9824150062499999 0.22734375 0.9718640093750001
2 0.321875 0.9777256734374999 0.34765625 0.9648300125 0.346875 0.9577960140625 0.3390625 0.954279015625 0.3234375 0.9366940218750001 0.29609375 0.9296600234374999 0.2828125 0.9366940218750001 0.28125 0.9507620171875001 0.28359375 0.9554513484375 0.2984375 0.9554513484375 0.321875 0.9777256734374999
2 0.0828125 0.9660023453125 0.096875 0.9554513484375 0.1078125 0.9531066828125001 0.11875 0.9366940218750001 0.1359375 0.9355216875 0.13671875 0.926143025 0.13125 0.9214536921875001 0.0984375 0.9202813593749999 0.09609375 0.9249706921874999 0.08203125 0.923798359375 0.053125 0.9320046890624999 0.04921875 0.9378663546875 0.05078125 0.9624853453125001 0.065625 0.96951934375 0.0828125 0.9660023453125
2 0.228125 0.8628370453124999 0.2375 0.8511137156249999 0.2390625 0.8300117234375 0.22578125 0.83118405625 0.21015625 0.8464243843749999 0.2109375 0.8558030484374999 0.20546875 0.8558030484374999 0.20703125 0.8604923796874999 0.228125 0.8628370453124999
4 0.11640625 0.8686987109375 0.11796875 0.8686987109375 0.12109375 0.872215709375 0.12578125 0.8733880421875 0.12890625 0.8769050406250001 0.13125 0.8769050406250001 0.1328125 0.8792497062500001 0.13515625 0.8792497062500001 0.13515625 0.880422040625 0.13984375 0.880422040625 0.14140625 0.8780773734375 0.14609375 0.8769050406250001 0.15 0.8710433765625 0.15390625 0.8698710437500001 0.1546875 0.8663540453125 0.15546875 0.8663540453125 0.15546875 0.8628370453124999 0.15625 0.8628370453124999 0.15625 0.8511137156249999 0.15546875 0.8511137156249999 0.153125 0.841735053125 0.1515625 0.841735053125 0.14921875 0.8382180546875 0.14609375 0.8382180546875 0.14609375 0.8370457203124999 0.140625 0.8382180546875 0.140625 0.8393903875 0.1265625 0.8487690499999999 0.12578125 0.8511137156249999 0.11953125 0.854630715625 0.11875 0.8569753812500001 0.1171875 0.8569753812500001 0.1140625 0.8616647125 0.11484375 0.8675263781250001 0.11640625 0.8675263781250001 0.11640625 0.8686987109375
4 0.1625 0.8769050406250001 0.16484375 0.880422040625 0.17265625 0.8815943734375 0.17265625 0.880422040625 0.1796875 0.8792497062500001 0.1796875 0.8780773734375 0.19765625 0.8780773734375 0.19921875 0.8757327078125 0.19921875 0.8733880421875 0.20390625 0.8675263781250001 0.20390625 0.8616647125 0.203125 0.8616647125 0.20234375 0.85228605 0.1984375 0.8487690499999999 0.1953125 0.8487690499999999 0.1953125 0.8499413828125 0.190625 0.8499413828125 0.190625 0.8511137156249999 0.17734375 0.8534583828125 0.17734375 0.854630715625 0.159375 0.859320046875 0.159375 0.8604923796874999 0.15625 0.8616647125 0.15625 0.864009378125 0.1546875 0.8651817109375 0.15390625 0.8710433765625 0.15859375 0.8733880421875 0.159375 0.8757327078125 0.1625 0.8769050406250001
2 0.3912496859375 0.95662368125 0.3935934359375 0.9531066828125001 0.3967184359375 0.9531066828125001 0.3990621859375 0.95662368125 0.40374968593749994 0.95662368125 0.40921843593749996 0.9531066828125001 0.40999968593749997 0.9495896828125 0.4185934359375 0.9531066828125001 0.43109343593749994 0.9531066828125001 0.43265593593749996 0.94841735 0.43265593593749996 0.9343493546875001 0.4303121859375 0.9226260265624999 0.42484343593749996 0.9202813593749999 0.41703093593749996 0.923798359375 0.40062468593749995 0.923798359375 0.3935934359375 0.926143025 0.3826559359375 0.9366940218750001 0.3732809359375 0.9378663546875 0.3709371859375 0.9425556859374999 0.3685934359375 0.9425556859374999 0.3678121859375 0.9449003515625 0.3693746859375 0.9472450171875 0.3803121859375 0.954279015625 0.3912496859375 0.95662368125
2 0.4328125 1 0.43984375 0.9882766703125 0.4515625 0.9812426734375 0.46015625 0.9788980078125 0.46171875 0.976553340625 0.4734375 0.9730363421874999 0.47578125 0.9706916765625 0.47578125 0.9660023453125 0.465625 0.954279015625 0.4515625 0.9531066828125001 0.44921875 0.9554513484375 0.43984375 0.95662368125 0.42578125 0.9636576781249999 0.42109375 0.9636576781249999 0.41484375 0.9742086750000001 0.4140625 0.9788980078125 0.4125 0.980070340625 0.4125 0.9859320046875 0.41640625 0.997655334375 0.421875 1 0.4328125 1
2 0.453125 1 0.4546875 0.9906213359375 0.45703125 0.989449003125 0.4578125 0.9871043374999999 0.47265625 0.980070340625 0.47265625 0.9788980078125 0.48828125 0.9753810078124999 0.48828125 0.9718640093750001 0.48671875 0.9718640093750001 0.484375 0.9683470109375 0.47890625 0.9683470109375 0.475 0.9718640093750001 0.4640625 0.9753810078124999 0.4640625 0.976553340625 0.45 0.9824150062499999 0.4484375 0.9847596718749999 0.44375 0.9859320046875 0.4375 0.9906213359375 0.43671875 0.9941383359374999 0.43515625 0.99531066875 0.434375 1 0.453125 1
2 0.50859375 1 0.51796875 0.9871043374999999 0.51875 0.9648300125 0.51640625 0.9554513484375 0.51171875 0.954279015625 0.5078125 0.958968346875 0.5078125 0.9613130125 0.49453125 0.9660023453125 0.490625 0.9706916765625 0.490625 0.9730363421874999 0.4875 0.9753810078124999 0.478125 0.976553340625 0.46484375 0.9824150062499999 0.45390625 0.99179366875 0.453125 1 0.50859375 1
2 0.5578125 0.9847596718749999 0.578125 0.9847596718749999 0.590625 0.99531066875 0.59765625 0.99531066875 0.60390625 0.9824150062499999 0.60234375 0.967174678125 0.596875 0.95662368125 0.58046875 0.95662368125 0.57421875 0.9437280187500001 0.5359375 0.9355216875 0.528125 0.946072684375 0.52734375 0.9601406796875 0.5359375 0.9636576781249999 0.540625 0.9777256734374999 0.5578125 0.9847596718749999
2 0.6328125 1 0.64453125 0.9718640093750001 0.64140625 0.9519343499999999 0.6390625 0.9472450171875 0.62421875 0.94841735 0.60546875 0.9753810078124999 0.59921875 0.9906213359375 0.5984375 1 0.6328125 1
2 0.6015625 0.9495896828125 0.6078125 0.923798359375 0.61015625 0.8886283703125001 0.6 0.8733880421875 0.59375 0.8733880421875 0.584375 0.8815943734375 0.58046875 0.9144196953125 0.575 0.93083235625 0.57578125 0.9507620171875001 0.5796875 0.95662368125 0.59609375 0.9554513484375 0.6015625 0.9495896828125
2 0.5796875 0.902696365625 0.58671875 0.8581477140624999 0.58515625 0.841735053125 0.5765625 0.8358733875000001 0.56875 0.8382180546875 0.56015625 0.8733880421875 0.55859375 0.89214536875 0.5640625 0.9062133640625 0.571875 0.9085580312499999 0.5796875 0.902696365625
2 0.634375 0.8675263781250001 0.63671875 0.8651817109375 0.6359375 0.854630715625 0.640625 0.8511137156249999 0.63515625 0.833528721875 0.621875 0.8276670578124999 0.615625 0.8171160609375001 0.5890625 0.81828839375 0.57578125 0.828839390625 0.575 0.8347010546875 0.578125 0.8393903875 0.6125 0.8651817109375 0.634375 0.8675263781250001
2 0.521875 0.8815943734375 0.52598714375 0.8599766437499999 0.5170891640625 0.845650978125 0.505803903125 0.828069484375 0.49375 0.8323563890625 0.4859375 0.8429073859375 0.488224953125 0.8589998937500001 0.4908292421875 0.8720232171875001 0.50546875 0.8909730359375001 0.521875 0.8815943734375
2 0.53984375 0.907385696875 0.53828125 0.902696365625 0.54296875 0.89566236875 0.55859375 0.885111371875 0.56328125 0.854630715625 0.53359375 0.8616647125 0.5125 0.8874560375 0.51015625 0.8991793671874999 0.51484375 0.9062133640625 0.5265625 0.9097303640625001 0.53984375 0.907385696875
2 0.55625 0.8194607265625 0.5546875 0.8042203984375 0.54375 0.79601406875 0.5359375 0.7995310671875 0.53125 0.8100820640625 0.525 0.8475967171875001 0.52734375 0.8651817109375 0.55 0.859320046875 0.55625 0.8194607265625
2 0.40625 0.8358733875000001 0.403125 0.8007034000000001 0.39921875 0.794841734375 0.3875 0.8007034000000001 0.38828125 0.8393903875 0.3953125 0.8569753812500001 0.4015625 0.8569753812500001 0.40625 0.8358733875000001
2 0.546875 0.7737397421875001 0.56796875 0.7737397421875001 0.57421875 0.7655334109374999 0.57265625 0.7479484171874999 0.565625 0.7397420875 0.52265625 0.726846425 0.50546875 0.726846425 0.5 0.7362250875 0.5 0.7502930828125 0.51640625 0.764361078125 0.5421875 0.7690504109375 0.546875 0.7737397421875001
2 0.48828125 0.774912075 0.48828125 0.76670574375 0.47421875 0.7561547484375 0.46796875 0.7420867531249999 0.45859375 0.7432590859375 0.45625 0.7573270812499999 0.46015625 0.7631887453124999 0.4796875 0.7760844078125 0.48828125 0.774912075
2 0.53515625 0.8007034000000001 0.546875 0.794841734375 0.54453125 0.7819460734375 0.53359375 0.7620164125 0.5203125 0.754982415625 0.51640625 0.77022274375 0.51640625 0.7866354046875 0.52578125 0.811254396875 0.53046875 0.8135990625 0.53515625 0.8007034000000001
2 0.60859375 0.7655334109374999 0.60390625 0.7573270812499999 0.5984375 0.7561547484375 0.5671875 0.777256740625 0.56171875 0.7866354046875 0.5609375 0.8042203984375 0.57578125 0.8030480656250001 0.6078125 0.7784290734375 0.60859375 0.7655334109374999
2 0.61953125 0.7104337625 0.625 0.7022274328125 0.625 0.6916764359375 0.6171875 0.6799531062499999 0.609375 0.6811254390625 0.5828125 0.708089096875 0.57578125 0.7209847593750001 0.57421875 0.733880421875 0.5765625 0.738569753125 0.59453125 0.7362250875 0.61953125 0.7104337625
2 0.584375 0.6987104343749999 0.596875 0.6893317703124999 0.6 0.677608440625 0.59375 0.675263775 0.57578125 0.6834701062499999 0.54296875 0.6811254390625 0.5390625 0.6846424390625 0.53671875 0.6916764359375 0.53828125 0.7092614296875001 0.5484375 0.711606096875 0.584375 0.6987104343749999
2 0.77890625 0.7807737390625 0.78359375 0.7760844078125 0.77890625 0.751465415625 0.765625 0.746776084375 0.7484375 0.726846425 0.73203125 0.7198124265625 0.72421875 0.729191090625 0.7265625 0.751465415625 0.7453125 0.7713950765625001 0.76640625 0.7819460734375 0.77890625 0.7807737390625
1 0.52734375 0.9531066828125001 0.52265625 0.928487690625 0.48671875 0.9366940218750001 0.490625 0.95662368125 0.5078125 0.958968346875 0.51171875 0.954279015625 0.52734375 0.9531066828125001
2 0.73203125 1 0.73046875 0.9859320046875 0.7140625 0.9742086750000001 0.67109375 0.9788980078125 0.64609375 0.9742086750000001 0.6421875 0.980070340625 0.6421875 1 0.73203125 1
2 0.7375 0.967174678125 0.7375 0.954279015625 0.74140625 0.9425556859374999 0.7328125 0.9355216875 0.72265625 0.9343493546875001 0.69296875 0.9472450171875 0.684375 0.9577960140625 0.68359375 0.9718640093750001 0.68671875 0.9753810078124999 0.72109375 0.976553340625 0.7375 0.967174678125
2 0.76015625 0.9601406796875 0.76484375 0.958968346875 0.7640625 0.946072684375 0.7546875 0.9378663546875 0.73828125 0.9495896828125 0.7375 0.9636576781249999 0.74453125 0.9730363421874999 0.753125 0.9730363421874999 0.76015625 0.9601406796875
2 0.8546875 0.9613130125 0.86328125 0.958968346875 0.8671875 0.9531066828125001 0.86640625 0.9390386875000001 0.86328125 0.9343493546875001 0.83125 0.933177021875 0.81875 0.9413833531250001 0.81796875 0.9507620171875001 0.82109375 0.95662368125 0.834375 0.9613130125 0.8546875 0.9613130125
2 0.93828125 0.8651817109375 0.94453125 0.854630715625 0.940625 0.833528721875 0.921875 0.8042203984375 0.91484375 0.8030480656250001 0.90859375 0.8100820640625 0.9078125 0.83118405625 0.91875 0.84407971875 0.92109375 0.8581477140624999 0.93828125 0.8651817109375
1 0.89921875 0.772567409375 0.89296875 0.772567409375 0.88359375 0.790152403125 0.8828125 0.7995310671875 0.89453125 0.8018757328125 0.9015625 0.7784290734375 0.89921875 0.772567409375
4 0.90703125 0.69284876875 0.9046875 0.685814771875 0.87265625 0.6717467765625 0.853125 0.677608440625 0.85390625 0.6893317703124999 0.890625 0.7069167640625 0.903125 0.7010551 0.90703125 0.69284876875
2 0.5765625 0.6307151234374999 0.571875 0.6178194609375 0.56640625 0.6178194609375 0.56015625 0.6225087921875 0.55546875 0.634232121875 0.54921875 0.677608440625 0.5671875 0.6834701062499999 0.5703125 0.6787807734375 0.5765625 0.6307151234374999
2 0.575 0.6248534578125 0.5765625 0.6014068 0.5734375 0.5838218046875 0.5671875 0.5791324734375001 0.55625 0.5814771390625 0.55390625 0.5849941390625 0.55625 0.626025790625 0.565625 0.61899179375 0.575 0.6248534578125
2 0.52265625 0.6271981249999999 0.528125 0.623681125 0.52734375 0.61899179375 0.5375 0.616647128125 0.54453125 0.60609613125 0.54453125 0.590855803125 0.53515625 0.5814771390625 0.528125 0.582649471875 0.50703125 0.616647128125 0.50703125 0.6377491203125001 0.51796875 0.6412661203125001 0.52265625 0.6354044546875001 0.52265625 0.6271981249999999
2 0.54609375 0.66705744375 0.5515625 0.6623681125 0.55390625 0.64947245 0.5375 0.6178194609375 0.52734375 0.616647128125 0.5203125 0.626025790625 0.51796875 0.6400937859375 0.52734375 0.64947245 0.52890625 0.664712778125 0.54609375 0.66705744375
2 0.50234375 0.638921453125 0.496875 0.6213364593749999 0.48359375 0.6213364593749999 0.47890625 0.6377491203125001 0.47890625 0.6658851109375 0.4875 0.6682297765625 0.5 0.6635404453125 0.50234375 0.638921453125
2 0.6109375 0.6201641265625 0.6109375 0.6096131296875 0.60625 0.6002344671875 0.596875 0.5978898 0.584375 0.6107854625 0.575 0.6248534578125 0.575 0.64947245 0.59453125 0.6506447828125 0.6109375 0.6201641265625
2 0.640625 0.6049237984375 0.640625 0.5978898 0.63828125 0.5896834703125 0.6234375 0.5885111375000001 0.61015625 0.608440796875 0.61015625 0.6225087921875 0.625 0.6271981249999999 0.6328125 0.6201641265625 0.640625 0.6049237984375
2 0.66640625 0.6107854625 0.66171875 0.5896834703125 0.6578125 0.5849941390625 0.646875 0.5885111375000001 0.64609375 0.603751465625 0.65546875 0.634232121875 0.665625 0.6354044546875001 0.66640625 0.6107854625
2 0.67421875 0.5720984765625 0.68984375 0.5767878078125 0.69609375 0.5697538093750001 0.69609375 0.55451348125 0.69140625 0.5474794843749999 0.66796875 0.5287221578125 0.6515625 0.5287221578125 0.65 0.534583821875 0.65703125 0.542790153125 0.6640625 0.5615474796875 0.67421875 0.5720984765625
0 0.78984375 0.5439624859375 0.7890625 0.5205158265625001 0.78515625 0.51934349375 0.74609375 0.5205158265625001 0.72890625 0.529894490625 0.728125 0.539273153125 0.7453125 0.54982415 0.78046875 0.5509964828125 0.78984375 0.5439624859375
2 0.87734375 0.675263775 0.90234375 0.6834701062499999 0.90234375 0.675263775 0.90703125 0.66705744375 0.90546875 0.6471277843750001 0.87109375 0.6377491203125001 0.8671875 0.6330597890624999 0.84921875 0.634232121875 0.840625 0.64478311875 0.8328125 0.6471277843750001 0.83203125 0.65416178125 0.84140625 0.6658851109375 0.85859375 0.6764361078125 0.87734375 0.675263775
2 0.74140625 0.49941383281249996 0.72734375 0.4888628375 0.72421875 0.4794841734375 0.70546875 0.4747948421875 0.69140625 0.4771395078125 0.690625 0.49706916718749994 0.7296875 0.51934349375 0.746875 0.51934349375 0.74140625 0.49941383281249996
2 0.703125 0.4630715125 0.67734375 0.452520515625 0.66953125 0.460726846875 0.66875 0.4724501765625 0.671875 0.4747948421875 0.709375 0.4747948421875 0.703125 0.4630715125
2 0.846875 0.6377491203125001 0.86875 0.638921453125 0.865625 0.629542790625 0.85625 0.6271981249999999 0.85078125 0.6154747953124999 0.83359375 0.6014068 0.82109375 0.6025791328125 0.81484375 0.60609613125 0.81953125 0.6271981249999999 0.8375 0.64478311875 0.846875 0.6377491203125001
2 0.8 0.5463071515625 0.8015625 0.55803048125 0.82265625 0.55803048125 0.815625 0.5381008203125 0.8 0.5463071515625
2 0.86328125 0.5404454859375 0.85859375 0.5334114890625 0.821875 0.5369284875 0.82109375 0.542790153125 0.8296875 0.560375146875 0.85703125 0.55803048125 0.86328125 0.5404454859375
2 0.81171875 0.49120750312499994 0.80546875 0.45838218125 0.7921875 0.4642438453125 0.784375 0.4794841734375 0.784375 0.49941383281249996 0.79453125 0.5099648296875 0.80703125 0.5017585 0.81171875 0.49120750312499994
2 0.8375 0.4361078546875 0.8265625 0.4279015234375 0.81953125 0.43493552187500006 0.81640625 0.45017585000000004 0.8171875 0.47596717499999996 0.8234375 0.48065650625 0.8328125 0.478311840625 0.8375 0.4361078546875
2 0.84296875 0.5252051578125 0.8609375 0.5252051578125 0.86328125 0.5205158265625001 0.85703125 0.5005861671875 0.84765625 0.4900351703125 0.8359375 0.4841735046875 0.8328125 0.478311840625 0.8203125 0.48300117187499997 0.81875 0.49824149999999995 0.82265625 0.508792496875 0.83359375 0.513481828125 0.84296875 0.5252051578125
2 0.7796875 0.470105509375 0.7734375 0.460726846875 0.7609375 0.4689331765625 0.75546875 0.49355216874999996 0.76484375 0.5005861671875 0.77421875 0.4888628375 0.7796875 0.470105509375
2 0.86171875 0.48651817187499996 0.84921875 0.460726846875 0.8375 0.45838218125 0.83359375 0.4665885109375 0.83359375 0.48651817187499996 0.85859375 0.49824149999999995 0.86171875 0.495896834375 0.86171875 0.48651817187499996
2 0.79140625 0.43376318906250005 0.7875 0.41969519375 0.7671875 0.4103165296875 0.75859375 0.4103165296875 0.75 0.422039859375 0.74921875 0.43024619062499997 0.7625 0.43962485312500005 0.7890625 0.44196951875 0.79140625 0.43376318906250005
2 0.759375 0.45603751406250004 0.7640625 0.45838218125 0.7921875 0.45955451406250003 0.7921875 0.4513481828125 0.78359375 0.44196951875 0.7625 0.43845252031250004 0.75078125 0.43024619062499997 0.7421875 0.43493552187500006 0.74375 0.4536928484375 0.75 0.4466588515625 0.75546875 0.4466588515625 0.759375 0.45603751406250004
2 0.73203125 0.4630715125 0.73359375 0.45017585000000004 0.7265625 0.43493552187500006 0.70390625 0.42555685781249997 0.703125 0.447831184375 0.70859375 0.457209846875 0.71875 0.4665885109375 0.73203125 0.4630715125
2 0.9921875 0.5885111375000001 0.9921875 0.575615475 0.98203125 0.5662368109375 0.9640625 0.5568581484374999 0.93984375 0.55451348125 0.93984375 0.5627198124999999 0.959375 0.582649471875 0.97734375 0.5896834703125 0.9921875 0.5885111375000001
2 0.6921875 0.24736225156249997 0.70390625 0.2461899171875 0.7 0.2368112546875 0.67421875 0.23798358749999998 0.66171875 0.24501758437499999 0.66015625 0.2520515828125 0.66328125 0.2543962484375 0.6890625 0.253223915625 0.6921875 0.24736225156249997
4 0.7328125 0.2626025796875 0.73125 0.25556858125000004 0.71640625 0.24970691718750002 0.690625 0.24736225156249997 0.6890625 0.253223915625 0.70234375 0.266119578125 0.73046875 0.2672919109375 0.7328125 0.2626025796875
2 0.7359375 0.276670575 0.73203125 0.273153575 0.72109375 0.27549824218749996 0.70546875 0.2872215703125 0.6984375 0.2977725671875 0.6984375 0.30480656562499997 0.715625 0.301289565625 0.7328125 0.2860492375 0.7359375 0.276670575
2 0.67578125 0.35521688125 0.68203125 0.3470105515625 0.6765625 0.3364595546875 0.659375 0.327080890625 0.646875 0.322391559375 0.62734375 0.324736225 0.6265625 0.3317702234375 0.63671875 0.348182884375 0.66484375 0.3563892140625 0.67578125 0.35521688125
2 0.5453125 0.5978898 0.553125 0.5978898 0.5609375 0.58030480625 0.5578125 0.5744431421875 0.53671875 0.5662368109375 0.51953125 0.5533411484374999 0.51171875 0.552168815625 0.50390625 0.55803048125 0.5078125 0.58030480625 0.52265625 0.590855803125 0.5390625 0.5885111375000001 0.5453125 0.5978898
2 0.45703125 0.66705744375 0.46171875 0.66705744375 0.4734375 0.638921453125 0.4734375 0.6143024625 0.478125 0.5978898 0.4765625 0.582649471875 0.4703125 0.5767878078125 0.4625 0.5767878078125 0.45 0.6002344671875 0.44765625 0.6072684640625 0.44921875 0.6471277843750001 0.45390625 0.64947245 0.45703125 0.66705744375
2 0.4484375 0.651817115625 0.446875 0.6131301296875 0.44296875 0.6072684640625 0.4328125 0.6049237984375 0.425 0.6131301296875 0.4234375 0.6201641265625 0.42421875 0.6483001171875 0.43515625 0.6623681125 0.44375 0.660023446875 0.4484375 0.651817115625
2 0.515625 0.5252051578125 0.51640625 0.516998828125 0.50859375 0.508792496875 0.5 0.5076201640625 0.48203125 0.5334114890625 0.48203125 0.5533411484374999 0.48671875 0.5556858140625 0.50625 0.5404454859375 0.515625 0.5252051578125
2 0.50078125 0.582649471875 0.490625 0.5814771390625 0.48359375 0.59320046875 0.48359375 0.6213364593749999 0.50625 0.6225087921875 0.50625 0.595545134375 0.50078125 0.582649471875
2 0.55546875 0.5404454859375 0.55859375 0.5287221578125 0.54921875 0.526377490625 0.51953125 0.5381008203125 0.51796875 0.5486518171875 0.53046875 0.5568581484374999 0.5375 0.5486518171875 0.55546875 0.5404454859375
2 0.57734375 0.5697538093750001 0.58359375 0.560375146875 0.57421875 0.54513481875 0.53828125 0.5474794843749999 0.53046875 0.5568581484374999 0.53125 0.5627198124999999 0.54453125 0.5697538093750001 0.55 0.5662368109375 0.57734375 0.5697538093750001
2 0.63359375 0.5885111375000001 0.63671875 0.5849941390625 0.6359375 0.5662368109375 0.63125 0.560375146875 0.58359375 0.5592028140624999 0.57734375 0.5685814765625 0.571875 0.5685814765625 0.571875 0.577960140625 0.5765625 0.577960140625 0.58515625 0.5873388046875 0.63359375 0.5885111375000001
2 0.54140625 0.5287221578125 0.54140625 0.529894490625 0.54453125 0.529894490625 0.54453125 0.5287221578125 0.55859375 0.5287221578125 0.55859375 0.529894490625 0.56171875 0.529894490625 0.56171875 0.5287221578125 0.56796875 0.5275498234375 0.56796875 0.526377490625 0.56953125 0.526377490625 0.56953125 0.5252051578125 0.571875 0.5252051578125 0.571875 0.524032825 0.57421875 0.524032825 0.57421875 0.5228604921875 0.57734375 0.521688159375 0.57734375 0.5205158265625001 0.57890625 0.51934349375 0.57890625 0.5111371625000001 0.578125 0.5111371625000001 0.578125 0.5076201640625 0.57734375 0.5076201640625 0.575 0.5029308328125001 0.5734375 0.5029308328125001 0.5734375 0.5017585 0.56875 0.5017585 0.56875 0.5029308328125001 0.56640625 0.5029308328125001 0.56640625 0.504103165625 0.565625 0.504103165625 0.56484375 0.50644783125 0.56328125 0.50644783125 0.5625 0.508792496875 0.56015625 0.508792496875 0.56015625 0.5099648296875 0.55859375 0.5099648296875 0.55859375 0.5111371625000001 0.546875 0.5111371625000001 0.546875 0.5123094953125 0.54453125 0.5123094953125 0.54453125 0.513481828125 0.54296875 0.5146541625000001 0.5421875 0.51934349375 0.540625 0.5205158265625001 0.540625 0.5228604921875 0.53984375 0.5228604921875 0.53984375 0.5287221578125 0.54140625 0.5287221578125
2 0.52421875 0.5228604921875 0.52421875 0.5252051578125 0.525 0.5252051578125 0.525 0.5275498234375 0.52578125 0.5275498234375 0.52578125 0.53223915625 0.5265625 0.53223915625 0.5265625 0.5334114890625 0.53046875 0.5334114890625 0.53046875 0.53223915625 0.534375 0.5310668234375 0.534375 0.529894490625 0.5359375 0.5287221578125 0.5359375 0.526377490625 0.5375 0.5252051578125 0.5375 0.5228604921875 0.53984375 0.5205158265625001 0.53984375 0.5181711609375 0.5421875 0.5158264953125 0.54296875 0.5111371625000001 0.54375 0.5111371625000001 0.54375 0.5099648296875 0.5453125 0.508792496875 0.5453125 0.50644783125 0.54609375 0.50644783125 0.54609375 0.5029308328125001 0.546875 0.5029308328125001 0.546875 0.4900351703125 0.54609375 0.4900351703125 0.5453125 0.4853458375 0.54453125 0.4853458375 0.54296875 0.48182883906249996 0.540625 0.48182883906249996 0.540625 0.48065650625 0.5328125 0.48065650625 0.5328125 0.48182883906249996 0.53046875 0.4841735046875 0.53046875 0.48651817187499996 0.5296875 0.48651817187499996 0.5296875 0.4888628375 0.52890625 0.4888628375 0.52890625 0.49120750312499994 0.528125 0.49120750312499994 0.52734375 0.49941383281249996 0.5265625 0.49941383281249996 0.5265625 0.5017585 0.52578125 0.5017585 0.52578125 0.504103165625 0.525 0.504103165625 0.525 0.50644783125 0.52421875 0.50644783125 0.52421875 0.508792496875 0.5234375 0.508792496875 0.52265625 0.51934349375 0.5234375 0.51934349375 0.5234375 0.5228604921875 0.52421875 0.5228604921875
2 0.546875 0.49824149999999995 0.5484375 0.5017585 0.55078125 0.5017585 0.5546875 0.5052754984375001 0.559375 0.5052754984375001 0.559375 0.50644783125 0.5640625 0.50644783125 0.56796875 0.5029308328125001 0.5734375 0.5029308328125001 0.578125 0.5099648296875 0.5828125 0.5099648296875 0.5859375 0.513481828125 0.590625 0.508792496875 0.58984375 0.5052754984375001 0.584375 0.5029308328125001 0.58203125 0.49941383281249996 0.58203125 0.49706916718749994 0.58046875 0.495896834375 0.58046875 0.49355216874999996 0.575 0.48651817187499996 0.57265625 0.48651817187499996 0.57109375 0.4841735046875 0.56328125 0.48182883906249996 0.56328125 0.48065650625 0.5578125 0.48065650625 0.54921875 0.473622509375 0.54296875 0.473622509375 0.54140625 0.4747948421875 0.54140625 0.4794841734375 0.54609375 0.4888628375 0.546875 0.49824149999999995
2 0.58125 0.4771395078125 0.58984375 0.4747948421875 0.58984375 0.46776084375 0.58828125 0.4618991796875 0.58125 0.45017585000000004 0.5671875 0.4513481828125 0.56484375 0.4536928484375 0.5453125 0.45486518125000003 0.5421875 0.457209846875 0.53828125 0.4642438453125 0.5328125 0.4642438453125 0.53046875 0.46776084375 0.5296875 0.473622509375 0.565625 0.473622509375 0.5703125 0.4771395078125 0.58125 0.4771395078125
2 0.4546875 0.49941383281249996 0.46875 0.49941383281249996 0.47109375 0.50644783125 0.47265625 0.5076201640625 0.48515625 0.50644783125 0.4890625 0.5017585 0.490625 0.5017585 0.4921875 0.49824149999999995 0.4953125 0.49706916718749994 0.49609375 0.4947245015625 0.5039414171875001 0.492495421875 0.5036196421875 0.48284106875 0.49140625 0.4853458375 0.48046875 0.48065650625 0.465625 0.4841735046875 0.4609375 0.48651817187499996 0.45859375 0.4900351703125 0.45390625 0.4900351703125 0.45078125 0.48651817187499996 0.44609375 0.48651817187499996 0.44296875 0.4900351703125 0.4421875 0.49237983593749995 0.44296875 0.5029308328125001 0.45234375 0.5017585 0.4546875 0.49941383281249996
2 0.434375 0.577960140625 0.43515625 0.586166471875 0.4375 0.5885111375000001 0.44453125 0.5885111375000001 0.4453125 0.586166471875 0.45 0.586166471875 0.4671875 0.5615474796875 0.46796875 0.55803048125 0.46953125 0.55803048125 0.46953125 0.5556858140625 0.47109375 0.55451348125 0.47109375 0.552168815625 0.47265625 0.54982415 0.47265625 0.54161781875 0.47109375 0.539273153125 0.46953125 0.539273153125 0.46796875 0.5369284875 0.4671875 0.53223915625 0.465625 0.53223915625 0.465625 0.5310668234375 0.459375 0.53223915625 0.459375 0.5334114890625 0.45625 0.534583821875 0.45546875 0.5369284875 0.45390625 0.5369284875 0.44921875 0.54513481875 0.44765625 0.54513481875 0.43515625 0.5638921453125 0.43515625 0.5662368109375 0.43359375 0.5685814765625 0.43359375 0.577960140625 0.434375 0.577960140625
2 0.3859375 0.634232121875 0.38671875 0.6377491203125001 0.38828125 0.6377491203125001 0.38984375 0.6354044546875001 0.39140625 0.6377491203125001 0.39140625 0.642438453125 0.39296875 0.64478311875 0.39453125 0.64478311875 0.3953125 0.6471277843750001 0.396875 0.6471277843750001 0.396875 0.6483001171875 0.4046875 0.6529894484375001 0.4046875 0.65416178125 0.40703125 0.65416178125 0.40859375 0.6565064484375001 0.4125 0.6565064484375001 0.41328125 0.65416178125 0.41640625 0.6529894484375001 0.4171875 0.6506447828125 0.4234375 0.6483001171875 0.4234375 0.6436107859375 0.42109375 0.6412661203125001 0.42109375 0.638921453125 0.41640625 0.63188745625 0.41484375 0.63188745625 0.41328125 0.6283704578125 0.41171875 0.6283704578125 0.4109375 0.626025790625 0.409375 0.626025790625 0.40625 0.6213364593749999 0.403125 0.6201641265625 0.4 0.6154747953124999 0.3984375 0.6154747953124999 0.3953125 0.6119577953124999 0.38828125 0.6119577953124999 0.38828125 0.6131301296875 0.3859375 0.6131301296875 0.3859375 0.6143024625 0.38359375 0.6154747953124999 0.3828125 0.61899179375 0.38359375 0.61899179375 0.384375 0.6330597890624999 0.3859375 0.634232121875
2 0.28828125 0.59320046875 0.31328125 0.59320046875 0.321875 0.5967174671875 0.334375 0.5967174671875 0.34921875 0.5814771390625 0.35 0.5685814765625 0.34296875 0.5615474796875 0.315625 0.5627198124999999 0.31171875 0.5662368109375 0.2921875 0.5638921453125 0.28515625 0.5685814765625 0.28125 0.575615475 0.2765625 0.5767878078125 0.27421875 0.58030480625 0.27421875 0.5896834703125 0.28203125 0.5896834703125 0.28828125 0.59320046875
2 0.271875 0.6143024625 0.271875 0.6178194609375 0.27265625 0.6178194609375 0.27265625 0.6213364593749999 0.2734375 0.6213364593749999 0.27421875 0.626025790625 0.275 0.626025790625 0.27734375 0.6307151234374999 0.27890625 0.6307151234374999 0.27890625 0.63188745625 0.284375 0.63188745625 0.284375 0.6330597890624999 0.29140625 0.63188745625 0.29140625 0.6307151234374999 0.29453125 0.6271981249999999 0.2953125 0.616647128125 0.29453125 0.616647128125 0.29453125 0.6119577953124999 0.29375 0.6119577953124999 0.29375 0.608440796875 0.29296875 0.608440796875 0.29140625 0.5978898 0.290625 0.5978898 0.28984375 0.5920281359375 0.28828125 0.590855803125 0.28828125 0.5885111375000001 0.2859375 0.5873388046875 0.2859375 0.586166471875 0.284375 0.586166471875 0.284375 0.5849941390625 0.28203125 0.5849941390625 0.28203125 0.5838218046875 0.27734375 0.5838218046875 0.27734375 0.5849941390625 0.2734375 0.586166471875 0.2734375 0.5873388046875 0.271875 0.5885111375000001 0.271875 0.590855803125 0.27109375 0.590855803125 0.27109375 0.5943728015625 0.2703125 0.5943728015625 0.26953125 0.6049237984375 0.2703125 0.6049237984375 0.27109375 0.6143024625 0.271875 0.6143024625
2 0.2484375 0.6506447828125 0.25234375 0.6565064484375001 0.25234375 0.6611957796875 0.2546875 0.6682297765625 0.2578125 0.672919109375 0.2625 0.675263775 0.2671875 0.675263775 0.2671875 0.6764361078125 0.275 0.6764361078125 0.2765625 0.6740914421875 0.27734375 0.6611957796875 0.27421875 0.6565064484375001 0.27421875 0.65416178125 0.2703125 0.64947245 0.26875 0.64947245 0.26796875 0.6471277843750001 0.26640625 0.6471277843750001 0.26015625 0.6354044546875001 0.25390625 0.63188745625 0.24921875 0.6213364593749999 0.2453125 0.61899179375 0.24140625 0.61899179375 0.24140625 0.6178194609375 0.2390625 0.61899179375 0.23828125 0.6225087921875 0.23203125 0.629542790625 0.2328125 0.642438453125 0.2484375 0.6506447828125
2 0.21640625 0.65416178125 0.2171875 0.6565064484375001 0.21953125 0.6565064484375001 0.21953125 0.65767878125 0.22109375 0.65767878125 0.22109375 0.6588511140625 0.22578125 0.6611957796875 0.22578125 0.6623681125 0.23125 0.6635404453125 0.23125 0.664712778125 0.234375 0.664712778125 0.23515625 0.66705744375 0.24140625 0.6682297765625 0.24140625 0.6694021109375 0.2484375 0.6694021109375 0.2484375 0.6682297765625 0.25234375 0.6682297765625 0.25234375 0.66705744375 0.253125 0.66705744375 0.253125 0.65767878125 0.25234375 0.65767878125 0.25234375 0.655334115625 0.25078125 0.65416178125 0.25078125 0.651817115625 0.24921875 0.651817115625 0.24921875 0.6506447828125 0.246875 0.64947245 0.246875 0.6483001171875 0.24140625 0.6471277843750001 0.24140625 0.6459554515625 0.23828125 0.6459554515625 0.23828125 0.64478311875 0.2328125 0.6436107859375 0.2328125 0.642438453125 0.22734375 0.642438453125 0.22734375 0.6436107859375 0.21640625 0.6436107859375 0.21640625 0.6459554515625 0.215625 0.6459554515625 0.215625 0.65416178125 0.21640625 0.65416178125
2 0.21796875 0.6799531062499999 0.23515625 0.6740914421875 0.2390625 0.6694021109375 0.22265625 0.6565064484375001 0.21640625 0.65416178125 0.17109375 0.655334115625 0.1640625 0.65767878125 0.16171875 0.6623681125 0.1609375 0.672919109375 0.16484375 0.6787807734375 0.17109375 0.6811254390625 0.21796875 0.6799531062499999
2 0.1953125 0.5849941390625 0.196875 0.586166471875 0.196875 0.5885111375000001 0.19765625 0.5885111375000001 0.2 0.5978898 0.20078125 0.5978898 0.20078125 0.6025791328125 0.2015625 0.6025791328125 0.20234375 0.608440796875 0.2046875 0.6096131296875 0.2046875 0.6107854625 0.21015625 0.6107854625 0.21171875 0.6154747953124999 0.21796875 0.6154747953124999 0.21796875 0.6143024625 0.21953125 0.6143024625 0.221875 0.6107854625 0.22265625 0.6049237984375 0.2234375 0.6049237984375 0.22265625 0.5967174671875 0.221875 0.5967174671875 0.22109375 0.5920281359375 0.21875 0.5896834703125 0.21875 0.5873388046875 0.2171875 0.586166471875 0.21171875 0.5638921453125 0.21015625 0.5638921453125 0.209375 0.5615474796875 0.2046875 0.560375146875 0.2046875 0.5592028140624999 0.19921875 0.560375146875 0.19375 0.5685814765625 0.19375 0.58030480625 0.19453125 0.58030480625 0.1953125 0.5849941390625
4 0.1453125 0.65767878125 0.14609375 0.6635404453125 0.14765625 0.6635404453125 0.14765625 0.664712778125 0.14921875 0.664712778125 0.14921875 0.6658851109375 0.15859375 0.6658851109375 0.15859375 0.664712778125 0.1609375 0.664712778125 0.1609375 0.6635404453125 0.16171875 0.6635404453125 0.16171875 0.6611957796875 0.1625 0.6611957796875 0.1625 0.6588511140625 0.16328125 0.6588511140625 0.1640625 0.6565064484375001 0.1703125 0.655334115625 0.1703125 0.65416178125 0.1734375 0.6529894484375001 0.17421875 0.6506447828125 0.17578125 0.6506447828125 0.17578125 0.64947245 0.1765625 0.64947245 0.1765625 0.6471277843750001 0.17578125 0.6471277843750001 0.17578125 0.64478311875 0.175 0.64478311875 0.17421875 0.642438453125 0.17109375 0.6412661203125001 0.1703125 0.638921453125 0.16875 0.638921453125 0.16875 0.6377491203125001 0.1640625 0.6377491203125001 0.1640625 0.638921453125 0.16171875 0.638921453125 0.16171875 0.6400937859375 0.159375 0.6400937859375 0.159375 0.6412661203125001 0.15703125 0.6412661203125001 0.15703125 0.642438453125 0.15234375 0.6436107859375 0.15234375 0.64478311875 0.15078125 0.64478311875 0.15078125 0.6459554515625 0.14921875 0.6459554515625 0.14921875 0.6471277843750001 0.14765625 0.6471277843750001 0.14765625 0.6483001171875 0.14609375 0.6483001171875 0.14609375 0.64947245 0.1453125 0.64947245 0.1453125 0.651817115625 0.14453125 0.651817115625 0.14453125 0.65767878125 0.1453125 0.65767878125
2 0.2 0.457209846875 0.2 0.4618991796875 0.20078125 0.4618991796875 0.20078125 0.470105509375 0.2015625 0.470105509375 0.2015625 0.4747948421875 0.20234375 0.4747948421875 0.20234375 0.4771395078125 0.203125 0.4771395078125 0.20390625 0.48182883906249996 0.20546875 0.48182883906249996 0.20546875 0.48300117187499997 0.21171875 0.48300117187499997 0.2140625 0.478311840625 0.215625 0.478311840625 0.215625 0.4771395078125 0.2171875 0.4771395078125 0.2171875 0.47596717499999996 0.21875 0.47596717499999996 0.21875 0.4747948421875 0.2203125 0.473622509375 0.2203125 0.4642438453125 0.21953125 0.4642438453125 0.21875 0.45603751406250004 0.21796875 0.45603751406250004 0.21796875 0.44431418593750005 0.2171875 0.44431418593750005 0.21640625 0.43962485312500005 0.215625 0.43962485312500005 0.21328125 0.43493552187500006 0.21171875 0.43493552187500006 0.21171875 0.43376318906250005 0.20234375 0.43493552187500006 0.20234375 0.4361078546875 0.2 0.43845252031250004 0.2 0.44196951875 0.19921875 0.44196951875 0.19921875 0.457209846875 0.2 0.457209846875
2 0.21484375 0.504103165625 0.2171875 0.5052754984375001 0.22265625 0.49824149999999995 0.24140625 0.495896834375 0.24140625 0.48769050468749997 0.24296875 0.48651817187499996 0.24296875 0.4841735046875 0.24921875 0.47596717499999996 0.25625 0.4747948421875 0.25625 0.46776084375 0.25390625 0.460726846875 0.246875 0.45603751406250004 0.2421875 0.45603751406250004 0.2140625 0.4771395078125 0.2125 0.48065650625 0.20703125 0.48065650625 0.20546875 0.48300117187499997 0.20546875 0.49706916718749994 0.2109375 0.49824149999999995 0.21484375 0.504103165625
2 0.23046875 0.521688159375 0.234375 0.5205158265625001 0.2421875 0.5205158265625001 0.24765625 0.521688159375 0.25078125 0.526377490625 0.25078125 0.5287221578125 0.26328125 0.526377490625 0.2734375 0.5099648296875 0.27265625 0.5029308328125001 0.2703125 0.5029308328125001 0.26875 0.49941383281249996 0.26171875 0.495896834375 0.22265625 0.49824149999999995 0.21640625 0.50644783125 0.21328125 0.5146541625000001 0.221875 0.524032825 0.22890625 0.524032825 0.23046875 0.521688159375
2 0.2625 0.49120750312499994 0.2625 0.49355216874999996 0.26171875 0.49355216874999996 0.26171875 0.495896834375 0.2609375 0.495896834375 0.2629827890625 0.4962661453125 0.26548186406249996 0.49767207812500003 0.2673561703125 0.49860936875000006 0.2691784171875 0.49939044375 0.2703238234375 0.50321770625 0.271677490625 0.50321770625 0.273187346875 0.5049360671875001 0.2734375 0.5076201640625 0.27578125 0.5029308328125001 0.278125 0.5029308328125001 0.278125 0.5017585 0.28046875 0.49941383281249996 0.28046875 0.49355216874999996 0.28125 0.49355216874999996 0.28203125 0.48651817187499996 0.28359375 0.4853458375 0.28359375 0.48300117187499997 0.284375 0.48300117187499997 0.284375 0.48065650625 0.28515625 0.48065650625 0.28515625 0.4771395078125 0.2859375 0.4771395078125 0.2859375 0.4747948421875 0.28671875 0.4747948421875 0.28671875 0.4689331765625 0.284375 0.4665885109375 0.284375 0.4642438453125 0.28359375 0.4642438453125 0.28359375 0.4618991796875 0.2828125 0.4618991796875 0.28203125 0.45838218125 0.27578125 0.45838218125 0.27578125 0.457209846875 0.27421875 0.457209846875 0.27421875 0.45603751406250004 0.2703125 0.457209846875 0.26953125 0.460726846875 0.26796875 0.4618991796875 0.26640625 0.4689331765625 0.265625 0.4689331765625 0.26484375 0.4841735046875 0.2640625 0.4841735046875 0.26328125 0.49120750312499994 0.2625 0.49120750312499994
2 0.29453125 0.5111371625000001 0.29921875 0.5111371625000001 0.30703125 0.49941383281249996 0.3140625 0.49941383281249996 0.31484375 0.5017585 0.3203125 0.5029308328125001 0.321875 0.5111371625000001 0.3359375 0.5099648296875 0.340625 0.508792496875 0.34140625 0.50644783125 0.34453125 0.50644783125 0.346875 0.49824149999999995 0.346875 0.48769050468749997 0.34375 0.4853458375 0.30859375 0.48651817187499996 0.30078125 0.4841735046875 0.2921875 0.48769050468749997 0.28984375 0.49120750312499994 0.28828125 0.49120750312499994 0.28515625 0.495896834375 0.28515625 0.5017585 0.2875 0.50644783125 0.29453125 0.5111371625000001
2 0.29375 0.54513481875 0.2953125 0.54161781875 0.296875 0.54161781875 0.30078125 0.5357561546875 0.31015625 0.5357561546875 0.31015625 0.5369284875 0.31484375 0.5381008203125 0.31640625 0.5357561546875 0.31640625 0.5334114890625 0.31796875 0.53223915625 0.31953125 0.5252051578125 0.32109375 0.5252051578125 0.32109375 0.5228604921875 0.321875 0.5228604921875 0.321875 0.5099648296875 0.32109375 0.5099648296875 0.32109375 0.5052754984375001 0.31875 0.5017585 0.3140625 0.49941383281249996 0.31328125 0.49706916718749994 0.3078125 0.49824149999999995 0.30703125 0.5005861671875 0.30546875 0.5005861671875 0.30234375 0.5052754984375001 0.30234375 0.5076201640625 0.3015625 0.5076201640625 0.3015625 0.5099648296875 0.30078125 0.5099648296875 0.30078125 0.5123094953125 0.3 0.5123094953125 0.3 0.5146541625000001 0.29921875 0.5146541625000001 0.29921875 0.516998828125 0.2984375 0.516998828125 0.29609375 0.526377490625 0.29453125 0.5275498234375 0.29453125 0.529894490625 0.29296875 0.53223915625 0.2921875 0.539273153125 0.290625 0.54161781875 0.290625 0.5463071515625 0.29375 0.54513481875
2 0.32578125 0.5439624859375 0.3375 0.54982415 0.33828125 0.552168815625 0.3421875 0.55451348125 0.3453125 0.560375146875 0.3546875 0.5650644781249999 0.35546875 0.56740914375 0.3578125 0.56740914375 0.359375 0.5709261437500001 0.3609375 0.5709261437500001 0.36171875 0.56740914375 0.3640625 0.5650644781249999 0.37421875 0.5627198124999999 0.3734375 0.5568581484374999 0.36875 0.5533411484374999 0.36015625 0.539273153125 0.35078125 0.5381008203125 0.33203125 0.5252051578125 0.3265625 0.526377490625 0.32578125 0.5287221578125 0.321875 0.5310668234375 0.321875 0.534583821875 0.3203125 0.5369284875 0.3203125 0.5439624859375 0.32578125 0.5439624859375
2 0.334375 0.6143024625 0.3390625 0.6154747953124999 0.3390625 0.6143024625 0.3421875 0.6143024625 0.3421875 0.6131301296875 0.3546875 0.6119577953124999 0.3546875 0.6107854625 0.35703125 0.6107854625 0.3578125 0.608440796875 0.359375 0.608440796875 0.36015625 0.60609613125 0.36171875 0.60609613125 0.36796875 0.5967174671875 0.36953125 0.5967174671875 0.3734375 0.590855803125 0.37421875 0.5838218046875 0.3734375 0.5838218046875 0.37265625 0.575615475 0.37109375 0.5732708093750001 0.36875 0.5732708093750001 0.36875 0.5720984765625 0.35859375 0.5720984765625 0.35859375 0.5732708093750001 0.35390625 0.575615475 0.353125 0.577960140625 0.3515625 0.577960140625 0.35078125 0.58030480625 0.34921875 0.58030480625 0.3484375 0.582649471875 0.346875 0.582649471875 0.34609375 0.5849941390625 0.34453125 0.5849941390625 0.34375 0.5873388046875 0.3421875 0.5873388046875 0.34140625 0.5896834703125 0.33828125 0.590855803125 0.33671875 0.5943728015625 0.33515625 0.5943728015625 0.3328125 0.5978898 0.3328125 0.6049237984375 0.33359375 0.6049237984375 0.334375 0.6143024625
2 0.40234375 0.54513481875 0.40703125 0.5463071515625 0.40703125 0.5474794843749999 0.40859375 0.5474794843749999 0.409375 0.54982415 0.41171875 0.5509964828125 0.41171875 0.54982415 0.41484375 0.5486518171875 0.415625 0.5463071515625 0.4171875 0.5463071515625 0.41796875 0.5439624859375 0.42109375 0.542790153125 0.42265625 0.539273153125 0.42421875 0.539273153125 0.42734375 0.5334114890625 0.42890625 0.5334114890625 0.43203125 0.5287221578125 0.43515625 0.5275498234375 0.4359375 0.5252051578125 0.43984375 0.524032825 0.43984375 0.5146541625000001 0.43828125 0.5123094953125 0.43671875 0.5123094953125 0.43671875 0.5111371625000001 0.434375 0.5111371625000001 0.434375 0.5099648296875 0.428125 0.5099648296875 0.42421875 0.5158264953125 0.4203125 0.516998828125 0.41875 0.51934349375 0.41640625 0.51934349375 0.41640625 0.5205158265625001 0.41171875 0.5228604921875 0.4109375 0.5252051578125 0.4078125 0.526377490625 0.40703125 0.5287221578125 0.40546875 0.5287221578125 0.4046875 0.5310668234375 0.40234375 0.53223915625 0.40234375 0.534583821875 0.40078125 0.5369284875 0.40078125 0.542790153125 0.40234375 0.54513481875
2 0.41171875 0.5697538093750001 0.41640625 0.56740914375 0.41953125 0.5627198124999999 0.42578125 0.5615474796875 0.42578125 0.560375146875 0.42890625 0.5592028140624999 0.4296875 0.5568581484374999 0.43203125 0.5568581484374999 0.434375 0.5533411484374999 0.4359375 0.5533411484374999 0.43828125 0.5486518171875 0.4421875 0.5474794843749999 0.4453125 0.542790153125 0.44609375 0.529894490625 0.44375 0.5287221578125 0.44375 0.5275498234375 0.44140625 0.5275498234375 0.43984375 0.5252051578125 0.4359375 0.5252051578125 0.434375 0.5287221578125 0.4328125 0.5287221578125 0.43125 0.53223915625 0.4296875 0.53223915625 0.42421875 0.5404454859375 0.41796875 0.5439624859375 0.4171875 0.5463071515625 0.415625 0.5463071515625 0.41484375 0.5486518171875 0.4109375 0.5509964828125 0.409375 0.5533411484374999 0.409375 0.5556858140625 0.4078125 0.5568581484374999 0.40703125 0.5638921453125 0.40859375 0.5662368109375 0.41015625 0.5662368109375 0.41171875 0.5697538093750001
2 0.365625 0.5381008203125 0.36796875 0.539273153125 0.375 0.539273153125 0.3796875 0.5334114890625 0.39296875 0.5334114890625 0.3953125 0.5381008203125 0.40078125 0.5369284875 0.40703125 0.5275498234375 0.4203125 0.5181711609375 0.41953125 0.5111371625000001 0.415625 0.50644783125 0.4125 0.5052754984375001 0.40390625 0.5052754984375001 0.39921875 0.5076201640625 0.35859375 0.513481828125 0.3578125 0.51934349375 0.359375 0.5252051578125 0.36328125 0.5287221578125 0.365625 0.5381008203125
2 0.4140625 0.4536928484375 0.4140625 0.45486518125000003 0.41484375 0.45486518125000003 0.415625 0.460726846875 0.4171875 0.4618991796875 0.41796875 0.465416178125 0.41796875 0.4665885109375 0.4171875 0.4665885109375 0.4171875 0.4724501765625 0.41796875 0.4724501765625 0.41796875 0.4747948421875 0.41875 0.4747948421875 0.41875 0.4771395078125 0.41953125 0.4771395078125 0.41953125 0.4794841734375 0.4203125 0.4794841734375 0.4203125 0.48065650625 0.43359375 0.48065650625 0.43359375 0.4794841734375 0.4375 0.4794841734375 0.4375 0.4771395078125 0.43828125 0.4771395078125 0.43828125 0.46776084375 0.4375 0.46776084375 0.4375 0.465416178125 0.43671875 0.465416178125 0.4359375 0.460726846875 0.434375 0.45955451406250003 0.434375 0.457209846875 0.4328125 0.45603751406250004 0.4328125 0.4536928484375 0.4296875 0.45017585000000004 0.4296875 0.447831184375 0.428125 0.4466588515625 0.428125 0.44431418593750005 0.42734375 0.44431418593750005 0.42578125 0.44079718593750006 0.421875 0.43962485312500005 0.421875 0.43845252031250004 0.41796875 0.43845252031250004 0.41796875 0.43962485312500005 0.4140625 0.44079718593750006 0.4140625 0.44196951875 0.41171875 0.44431418593750005 0.4109375 0.44900351718750003 0.41171875 0.44900351718750003 0.4125 0.4536928484375 0.4140625 0.4536928484375
2 0.39765625 0.3974208671875 0.39765625 0.4032825328125 0.3984375 0.4032825328125 0.3984375 0.409144196875 0.39921875 0.409144196875 0.39921875 0.4126611953125 0.4 0.4126611953125 0.4 0.41500586093749997 0.40078125 0.41500586093749997 0.40078125 0.4161781953125 0.4015625 0.4161781953125 0.4015625 0.41735052812499995 0.40234375 0.41735052812499995 0.403125 0.41969519375 0.40859375 0.41969519375 0.40859375 0.41852286093749996 0.4109375 0.41852286093749996 0.4109375 0.41735052812499995 0.4125 0.41735052812499995 0.4125 0.4161781953125 0.4140625 0.41500586093749997 0.41484375 0.4103165296875 0.415625 0.4103165296875 0.415625 0.3985932 0.41484375 0.3985932 0.41484375 0.3927315359375 0.4140625 0.3927315359375 0.4140625 0.3892145375 0.41328125 0.3892145375 0.41328125 0.3845252046875 0.4125 0.3845252046875 0.41171875 0.37983587343749997 0.4109375 0.37983587343749997 0.4109375 0.37866354062499996 0.409375 0.37866354062499996 0.40859375 0.376318875 0.4015625 0.376318875 0.4015625 0.3774912078125 0.4 0.3774912078125 0.4 0.37866354062499996 0.39921875 0.37866354062499996 0.39921875 0.37983587343749997 0.39765625 0.38100820625 0.39765625 0.383352871875 0.396875 0.383352871875 0.396875 0.3974208671875 0.39765625 0.3974208671875
2 0.35546875 0.44079718593750006 0.35546875 0.44431418593750005 0.35859375 0.447831184375 0.36328125 0.447831184375 0.36328125 0.4466588515625 0.36484375 0.4466588515625 0.36484375 0.44431418593750005 0.371875 0.4431418515625 0.37265625 0.44079718593750006 0.37421875 0.44079718593750006 0.37578125 0.43845252031250004 0.38359375 0.43845252031250004 0.38359375 0.43962485312500005 0.38671875 0.43962485312500005 0.38671875 0.44079718593750006 0.38828125 0.44079718593750006 0.38828125 0.43962485312500005 0.4015625 0.43962485312500005 0.4046875 0.4361078546875 0.40546875 0.42321219218749995 0.39921875 0.4161781953125 0.39375 0.41500586093749997 0.38828125 0.41969519375 0.37890625 0.4208675265625 0.37890625 0.422039859375 0.3671875 0.42555685781249997 0.36484375 0.42907385624999994 0.36328125 0.42907385624999994 0.3609375 0.43259085625000004 0.3609375 0.43493552187500006 0.3578125 0.43962485312500005 0.35546875 0.44079718593750006
2 0.228125 0.4314185234375 0.2296875 0.4314185234375 0.23046875 0.43376318906250005 0.23203125 0.43376318906250005 0.2328125 0.4361078546875 0.234375 0.4361078546875 0.23515625 0.43845252031250004 0.2375 0.43845252031250004 0.240625 0.43493552187500006 0.25546875 0.4361078546875 0.25546875 0.43493552187500006 0.2609375 0.43493552187500006 0.2609375 0.43376318906250005 0.26484375 0.43376318906250005 0.26484375 0.43259085625000004 0.27421875 0.4314185234375 0.27421875 0.41852286093749996 0.2734375 0.41852286093749996 0.27265625 0.41500586093749997 0.26796875 0.41383352812499996 0.26796875 0.4126611953125 0.26171875 0.41383352812499996 0.26171875 0.41500586093749997 0.25625 0.4161781953125 0.25625 0.41735052812499995 0.25234375 0.41735052812499995 0.25234375 0.41852286093749996 0.2453125 0.41852286093749996 0.2453125 0.41969519375 0.23515625 0.41852286093749996 0.23515625 0.41969519375 0.2328125 0.41969519375 0.23125 0.422039859375 0.22890625 0.422039859375 0.22890625 0.42438452499999996 0.2265625 0.426729190625 0.2265625 0.42907385624999994 0.228125 0.4314185234375
2 0.2390625 0.35521688125 0.2390625 0.361078546875 0.23984375 0.361078546875 0.23984375 0.3622508796875 0.24453125 0.3622508796875 0.24453125 0.3634232125 0.2453125 0.3634232125 0.2453125 0.3645955453125 0.24609375 0.3645955453125 0.246875 0.3669402109375 0.2484375 0.3669402109375 0.2484375 0.365767878125 0.2515625 0.365767878125 0.2515625 0.3645955453125 0.25390625 0.3645955453125 0.25390625 0.3634232125 0.2546875 0.3634232125 0.2546875 0.361078546875 0.25546875 0.361078546875 0.25546875 0.35873387968750003 0.25625 0.35873387968750003 0.25625 0.3540445484375 0.25546875 0.3540445484375 0.25546875 0.34935521718749996 0.2546875 0.34935521718749996 0.2546875 0.34583821875 0.25390625 0.34583821875 0.25390625 0.3411488859375 0.25234375 0.33997655312499997 0.25234375 0.3376318875 0.2515625 0.3376318875 0.25078125 0.335287221875 0.24921875 0.335287221875 0.24921875 0.3341148890625 0.24375 0.3341148890625 0.24375 0.335287221875 0.2421875 0.335287221875 0.2421875 0.3364595546875 0.240625 0.3376318875 0.240625 0.33997655312499997 0.23984375 0.33997655312499997 0.23984375 0.34232121875 0.2390625 0.34232121875 0.2390625 0.3470105515625 0.23828125 0.3470105515625 0.23828125 0.35521688125 0.2390625 0.35521688125
1 0.2546875 0.3388042203125 0.2546875 0.34232121875 0.25546875 0.34232121875 0.25546875 0.344665884375 0.25703125 0.34583821875 0.25703125 0.34935521718749996 0.2578125 0.34935521718749996 0.2578125 0.35169988281250003 0.25859375 0.35169988281250003 0.25859375 0.35287221562500004 0.259375 0.35287221562500004 0.26015625 0.35521688125 0.26171875 0.35521688125 0.26171875 0.3563892140625 0.265625 0.3563892140625 0.265625 0.35521688125 0.2671875 0.35521688125 0.2671875 0.3540445484375 0.26875 0.35287221562500004 0.26875 0.34935521718749996 0.26796875 0.34935521718749996 0.26796875 0.348182884375 0.2671875 0.348182884375 0.2671875 0.3470105515625 0.265625 0.34583821875 0.265625 0.3434935515625 0.2640625 0.34232121875 0.2640625 0.33997655312499997 0.26328125 0.33997655312499997 0.26328125 0.3376318875 0.26171875 0.3364595546875 0.26171875 0.3341148890625 0.2609375 0.3341148890625 0.2609375 0.33294255625 0.259375 0.33294255625 0.259375 0.3317702234375 0.25546875 0.3317702234375 0.25546875 0.33294255625 0.25390625 0.3341148890625 0.25390625 0.3388042203125 0.2546875 0.3388042203125
2 0.38203125 0.35521688125 0.38359375 0.35521688125 0.38359375 0.3563892140625 0.38515625 0.3563892140625 0.38515625 0.357561546875 0.39921875 0.35873387968750003 0.39921875 0.3599062140625 0.4 0.35873387968750003 0.409375 0.35873387968750003 0.409375 0.3599062140625 0.41171875 0.3599062140625 0.41171875 0.361078546875 0.41875 0.361078546875 0.421875 0.357561546875 0.421875 0.35287221562500004 0.41953125 0.34935521718749996 0.41953125 0.3470105515625 0.415625 0.3411488859375 0.4140625 0.3411488859375 0.4109375 0.3376318875 0.3953125 0.3341148890625 0.3953125 0.33294255625 0.38828125 0.3317702234375 0.38828125 0.3305978890625 0.38125 0.3305978890625 0.37890625 0.3341148890625 0.37734375 0.3341148890625 0.37578125 0.3364595546875 0.3765625 0.35052755 0.38203125 0.3540445484375 0.38203125 0.35521688125
2 0.42421875 0.3669402109375 0.42578125 0.3669402109375 0.42578125 0.3692848765625 0.42890625 0.372801875 0.44765625 0.372801875 0.44765625 0.373974209375 0.45625 0.376318875 0.459375 0.37983587343749997 0.46875 0.37983587343749997 0.47265625 0.3716295421875 0.47265625 0.36811254375 0.4703125 0.3645955453125 0.4703125 0.3622508796875 0.46796875 0.35873387968750003 0.4640625 0.357561546875 0.4640625 0.3563892140625 0.45546875 0.35521688125 0.45546875 0.3540445484375 0.4515625 0.3540445484375 0.4515625 0.35287221562500004 0.44765625 0.35287221562500004 0.44765625 0.35169988281250003 0.44375 0.35169988281250003 0.44375 0.35052755 0.43984375 0.35052755 0.43984375 0.34935521718749996 0.43203125 0.348182884375 0.43203125 0.3470105515625 0.42578125 0.34935521718749996 0.42265625 0.35521688125 0.42265625 0.3599062140625 0.421875 0.3599062140625 0.42265625 0.3645955453125 0.42421875 0.3669402109375
2 0.53515625 0.3434935515625 0.5375 0.3470105515625 0.54609375 0.3470105515625 0.55 0.35287221562500004 0.559375 0.35287221562500004 0.559375 0.35169988281250003 0.5625 0.35169988281250003 0.56484375 0.34935521718749996 0.5734375 0.34935521718749996 0.5734375 0.348182884375 0.578125 0.348182884375 0.578125 0.3470105515625 0.58829194375 0.3464873921875 0.5884499625 0.3386646328125 0.578125 0.3317702234375 0.57578125 0.3317702234375 0.5734375 0.32942555625000003 0.5390625 0.3282532234375 0.5390625 0.32942555625000003 0.5359375 0.32942555625000003 0.5359375 0.3305978890625 0.5328125 0.3317702234375 0.53203125 0.3388042203125 0.5328125 0.3388042203125 0.53359375 0.3434935515625 0.53515625 0.3434935515625