5 0.8895546140624999 0.7001506609375 0.8973570390625 0.6483620265625001 0.88565558125 0.5627076484375 0.8692166265625 0.531830275 0.8268648109375001 0.49796087031249997 0.803571146875 0.49158299687499996 0.73525020625 0.49475911874999995 0.7014797500000001 0.5019246125 0.6741734421875 0.519847503125 0.6245201 0.5857720546875 0.609751534375 0.6604666390625 0.6268590828125 0.700905328125 0.6757864812500001 0.7471256828125 0.825412921875 0.722250678125 0.8895546140624999 0.7001506609375
5 0.628089196875 0.3917597484375 0.66258450625 0.3541180140625 0.679024553125 0.303326721875 0.6884432875 0.2338102703125 0.6788027796875 0.2184709515625 0.6209586328125 0.2081037046875 0.60106419375 0.20949485937499998 0.570692959375 0.22442938125 0.5198138640625001 0.27282485 0.47846384531249997 0.3349660859375 0.469212803125 0.3660385359375 0.482921128125 0.3987081984375 0.5614397375 0.41883916093750007 0.6007828875000001 0.409682640625 0.628089196875 0.3917597484375
5 0.5545320390625 0.23837022187499998 0.5675728609374999 0.179809903125 0.6109286578125 0.14635261718749998 0.602235865625 0.1037241640625 0.5408810671875 0.0839943375 0.4927888625 0.09055996093749999 0.445420421875 0.1483180125 0.41588438281249995 0.2160385125 0.429927003125 0.253488834375 0.47980212031249997 0.2724200546875 0.5167489375 0.26983648125 0.5545320390625 0.23837022187499998
5 0.4720537765625 0.4475084640625 0.49038816562500004 0.42380757031250005 0.48893955 0.403091384375 0.4690451109375 0.40448253906250003 0.44530571874999997 0.3917304546875 0.4349966171875 0.36682981875 0.40440251875 0.3785772375 0.3744207515625 0.4399235265625 0.37586936875 0.4606397125 0.3879062125 0.469406084375 0.44212826875 0.46881719843749997 0.4720537765625 0.4475084640625
5 0.5971586203125 0.5620638375 0.612707209375 0.49852412343749997 0.5916984484375 0.48397975156250006 0.5997237390625 0.4353782203125 0.581445609375 0.419041559375 0.535081146875 0.40947291874999997 0.4982457625 0.41365004375 0.46910028125 0.44611364687500005 0.4523259390625 0.4921242796875 0.45578033281249997 0.5415244171875 0.47745768593750004 0.5656301078125 0.555307703125 0.5761997531249999 0.5971586203125 0.5620638375
5 0.6506536453125 0.7552885218750001 0.6784056796875 0.7437398421875 0.61654998125 0.67600469375 0.6284213109375 0.5598777359375 0.6087497359375 0.5644559984375 0.516687225 0.7182173656249999 0.520755040625 0.735547709375 0.5355225140625001 0.742521790625 0.6021157125000001 0.7554799359375 0.6506536453125 0.7552885218750001
5 0.55173860625 0.770212059375 0.5531320515625 0.7492971359375 0.526439165625 0.7351502359375 0.5264954265624999 0.69511268125 0.46892931718749997 0.7295636484375 0.4355483265625 0.7831409109374999 0.4392818453125 0.795690596875 0.48280424375 0.805457971875 0.5704624640625 0.7929229328125 0.55173860625 0.770212059375
5 0.505375234375 0.678974753125 0.502478 0.6375423812500001 0.5191960812499999 0.6315693046875 0.5154625625 0.61901961875 0.49228033125000004 0.6142352984375 0.448367375 0.63972481875 0.4696541703125 0.6990874078125 0.4941735859375 0.7229943609375 0.5237647953125 0.69690496875 0.505375234375 0.678974753125
5 0.4219547046875 0.507058803125 0.4064623765625 0.5305609609374999 0.4173286375 0.5634293609375 0.45527834375 0.5751877624999999 0.4499296046875 0.498697228125 0.4219547046875 0.507058803125
5 0.4195583703125 0.5136317515625 0.40991786093749993 0.49829243281249996 0.416326840625 0.46741872031250004 0.390748275 0.4692073484375 0.3505688375 0.5072465562499999 0.360209346875 0.5225858734375 0.386345071875 0.5287650109375 0.4061280796875 0.525780303125 0.4195583703125 0.5136317515625
5 0.4174941515625 0.6883226875 0.3974882796875 0.688120290625 0.35574879375 0.7038497578125 0.3344609078125 0.7261558359375 0.3477235046875 0.7524512875 0.4218400015625 0.750471246875 0.4298090296875 0.7419072734375 0.4174941515625 0.6883226875