5 0.515974440625 0.7008547015625 0.511182109375 0.735042734375 0.512779553125 0.803418803125 0.5207667734375 0.8262108265625001 0.5575079875 0.8660968656250001 0.5894568687499999 0.8803418796875 0.67571885 0.8860398859374999 0.7268370609375 0.874643875 0.7444089453125 0.809116809375 0.7587859421875 0.6581196578124999 0.709265175 0.6125356125 0.6677316296875 0.5982905984375 0.5942492015624999 0.6182336187499999 0.5319488812500001 0.672364671875 0.515974440625 0.7008547015625
5 0.23003194843750002 0.5897435890625 0.21725239687500003 0.6210826203125001 0.21725239687500003 0.641025640625 0.23162939374999997 0.6980056984375 0.247603834375 0.70655270625 0.3162939296875 0.6923076921875 0.365814696875 0.672364671875 0.40095846718750006 0.6353276359375 0.41693290781250003 0.6068376062499999 0.423322684375 0.5669515671875 0.397763578125 0.490028490625 0.364217253125 0.47863247812500004 0.33386581406250004 0.490028490625 0.2747603828125 0.5356125359374999 0.23003194843750002 0.5897435890625
5 0.087859425 0.5698005703125 0.1118210859375 0.6296296296875 0.1549520765625 0.6353276359375 0.1853035140625 0.5897435890625 0.2428115015625 0.572649571875 0.2715654953125 0.5327635328125 0.2715654953125 0.49572649531249996 0.249201278125 0.447293446875 0.2108626203125 0.43589743593749997 0.14536741250000002 0.4700854703125 0.0910543125 0.521367521875 0.087859425 0.5698005703125
5 0.3881789140625 0.452991453125 0.4025559109375 0.4757834765625 0.4025559109375 0.49572649531249996 0.423322684375 0.49572649531249996 0.4456869015625 0.4757834765625 0.4648562296875 0.44444444375 0.4616613421875 0.390313390625 0.4520766765625 0.3789173796875 0.4313099046875 0.3789173796875 0.37220447343749996 0.41310541250000005 0.3626198078125 0.44444444375 0.3881789140625 0.452991453125
5 0.412140575 0.541310540625 0.424920128125 0.5868945875 0.4424920125 0.6039886046875 0.4904153359375 0.5925925921874999 0.5063897765625 0.6125356125 0.5686900953125 0.5925925921874999 0.5798722046875 0.54985755 0.5638977640625 0.4729344734375 0.5383386578125 0.452991453125 0.48881789062500003 0.452991453125 0.44408945624999996 0.4729344734375 0.41373801875 0.5042735046875 0.412140575 0.541310540625
5 0.6837060703125 0.6039886046875 0.7555910546875 0.6609686609375001 0.76517571875 0.6324786328124999 0.76198083125 0.584045584375 0.7444089453125 0.51851851875 0.736421725 0.5042735046875 0.718849840625 0.5014245015625 0.571884984375 0.6039886046875 0.5686900953125 0.6239316234375 0.6837060703125 0.6039886046875
5 0.736421725 0.509971509375 0.752396165625 0.5356125359374999 0.7731629390625 0.5327635328125 0.7971246 0.54985755 0.8035143765624999 0.4615384609375 0.790734825 0.41880341874999993 0.777955271875 0.415954415625 0.7268370609375 0.452991453125 0.6964856234375 0.5128205125 0.736421725 0.509971509375
5 0.632587859375 0.509971509375 0.6373801921875 0.4928774921875 0.6789137375000001 0.4928774921875 0.6980830671875 0.509971509375 0.722044728125 0.47863247812500004 0.6964856234375 0.45584045624999997 0.635782746875 0.43874643906250005 0.6134185296875 0.48433048437500004 0.61980830625 0.5071225078125 0.632587859375 0.509971509375
5 0.571884984375 0.45014244999999997 0.5575079875 0.41310541250000005 0.5239616609375 0.4045584046875 0.5015974437499999 0.421652421875 0.4952076671875 0.45014244999999997 0.571884984375 0.45014244999999997
5 0.49201277968749996 0.4102564109375 0.5079872203125 0.41880341874999993 0.5191693296875 0.4045584046875 0.5207667734375 0.384615384375 0.512779553125 0.358974359375 0.4968051125 0.35042735 0.4616613421875 0.39316239375 0.4616613421875 0.41880341874999993 0.49201277968749996 0.4102564109375
5 0.6821086265625 0.4045584046875 0.736421725 0.41310541250000005 0.7444089453125 0.4045584046875 0.7412140578125 0.33048433125 0.7140575078125 0.31908831875 0.693290734375 0.34188034218749996 0.6805111828125 0.384615384375 0.6821086265625 0.4045584046875