5 0.8860021734375 0.70691884375 0.8947072453124999 0.6552742671875 0.8845024453124999 0.569428715625 0.868604878125 0.5382691453125 0.826850615625 0.5036657578125 0.8036718078125 0.4968823265625 0.7353058421875 0.4988655984375 0.701415475 0.5054406250000001 0.6738005265625 0.5228842265625 0.62300420625 0.5879321671875 0.6069342890625 0.6623576265625 0.6233334796875 0.703088725 0.6714467703125 0.7501559421875 0.8214845515625001 0.7278960671875 0.8860021734375 0.70691884375
5 0.629958740625 0.3940116984375 0.6651057359375 0.3569777234375 0.6824297078125 0.3064810859375 0.6930602375 0.23713960156249997 0.68368890625 0.22163436875000003 0.626034503125 0.21025918125 0.6061188140625 0.2113029171875 0.5754915625 0.2257051140625 0.5237756 0.27320525 0.4813473640625 0.3346153640625 0.4715554421875 0.365521628125 0.48469151562499996 0.3984255578125 0.56284683125 0.41992379375000005 0.60234379375 0.41145529999999997 0.629958740625 0.3940116984375
5 0.5590898015625 0.239361784375 0.5731506578125 0.181037978125 0.6170837609375 0.1483424515625 0.6091362625000001 0.10556878125 0.548135140625 0.0847711703125 0.49993567499999997 0.09049646875 0.45156643125 0.1474190296875 0.42085300468750003 0.21461374218749998 0.4342398890625 0.2523034375 0.48377701406250007 0.2721022140625 0.52076329375 0.27016384531250004 0.5590898015625 0.239361784375
5 0.4729741359375 0.44702873125 0.49171937187500003 0.4236514265625 0.490632521875 0.4029131125 0.470716834375 0.40395685 0.44720361249999996 0.3907923984375 0.43733065625 0.3657156359375 0.40653619687500003 0.3769273234375 0.3754883578125 0.43774101718749997 0.37657520624999996 0.458479328125 0.388457221875 0.4674544375 0.44268129843750004 0.46781194687500005 0.4729741359375 0.44702873125
5 0.596060659375 0.5637500359375001 0.6127158015624999 0.5004913609375 0.591964075 0.48558255 0.60083635625 0.4371284828125 0.582846125 0.4204753109375 0.53665571875 0.41009895625 0.4997530453125 0.4136325796875 0.47004543437499996 0.4455825796875 0.45247065 0.49129345312500006 0.4550623671875 0.5407463531250001 0.476315715625 0.5652266953125 0.5539694109375 0.5771534 0.596060659375 0.5637500359375001
5 0.6461753 0.757878909375 0.6741246609375 0.7468163265625 0.613460525 0.6780119640625 0.627356740625 0.562109878125 0.6076082609375 0.566344125 0.512876265625 0.7184753625 0.5166410046875 0.7358740593750001 0.531284515625 0.7431048062500001 0.5976414203125 0.7572231890625 0.6461753 0.757878909375
5 0.547014875 0.7710738671875 0.5487731250000001 0.75018645 0.5223312015625 0.7355758484375 0.5230862046875 0.6955453734375 0.4649276109375 0.7289864265625 0.43061665156249995 0.78197295 0.43413058125 0.794585884375 0.4774758859375 0.8051113421875 0.565339521875 0.7941080578124999 0.547014875 0.7710738671875
5 0.502250875 0.67904130625 0.5000771765625001 0.63756468125 0.51689695625 0.631884284375 0.5133830296874999 0.61927135 0.4902878265625 0.6140831718750001 0.4459367046875 0.638802425 0.4661842390625 0.698527478125 0.490282684375 0.7228587125 0.5203247109375 0.6972897328125 0.502250875 0.67904130625
5 0.4218433984375 0.50569565 0.40594326093750005 0.52892385 0.41623423437499996 0.5619768859375001 0.453972946875 0.5743958109375 0.4499599671875 0.49782357812500005 0.4218433984375 0.50569565
5 0.41933271406249994 0.512225775 0.40996138281250005 0.49672054218749995 0.41690820625 0.465963384375 0.3913023203125 0.46730533281250003 0.3504651265625 0.50463751875 0.3598364609375 0.5201427515625 0.3858603640625 0.5267770781250001 0.40569245 0.5241380859375 0.41933271406249994 0.512225775
5 0.41422003281249997 0.6868540796875 0.394220740625 0.6863025625 0.3522130953125 0.7013011796875 0.33053915625 0.7232323359375 0.343340815625 0.7497552468750001 0.41748057968749996 0.74906901875 0.42559785625 0.740645428125 0.41422003281249997 0.6868540796875