3 0.45999999999999996 1 0.47437500000000005 0.93444444375 0.47125000000000006 0.882222221875 0.46125 0.85555555625 0.45375 0.85 0.43062500000000004 0.8455555562500001 0.418125 0.8300000000000001 0.365625 0.7966666671875 0.3375 0.7711111109375001 0.29812500000000003 0.757777778125 0.285625 0.76 0.26687500000000003 0.772222221875 0.24562499999999998 0.8066666671875 0.22875 0.8611111109375 0.225 0.8977777781249999 0.224375 0.93 0.23312499999999997 1 0.45999999999999996 1
3 0.34562499999999996 0.6188888890625 0.34562499999999996 0.63444444375 0.354375 0.6666666671875 0.351875 0.682222221875 0.353125 0.69555555625 0.37124999999999997 0.7366666671875 0.374375 0.7533333328125 0.37312500000000004 0.772222221875 0.38625 0.7888888890625 0.40437500000000004 0.8222222218749999 0.429375 0.85 0.476875 0.8566666671875 0.4925 0.8522222218750001 0.506875 0.8400000000000001 0.509375 0.83444444375 0.509375 0.8211111109375 0.503125 0.8099999999999999 0.49124999999999996 0.77444444375 0.49437499999999995 0.74 0.489375 0.7122222218750001 0.49000000000000005 0.6555555562500001 0.48687500000000006 0.63 0.48624999999999996 0.567777778125 0.489375 0.50444444375 0.48687500000000006 0.447777778125 0.48250000000000004 0.4311111109375 0.47750000000000004 0.4233333328125 0.46687500000000004 0.4166666671875 0.44125 0.43333333281249997 0.421875 0.44000000000000006 0.41624999999999995 0.44888888906249996 0.409375 0.48555555625 0.395625 0.5288888890625 0.37687499999999996 0.53 0.353125 0.5377777781249999 0.34562499999999996 0.54444444375 0.346875 0.5588888890625 0.340625 0.56555555625 0.33187500000000003 0.5988888890624999 0.34562499999999996 0.6188888890625
3 0.1950468484375 0.7877777781249999 0.1994218484375 0.8222222218749999 0.2119218484375 0.8411111109375 0.2206718484375 0.847777778125 0.2281718484375 0.847777778125 0.2325468484375 0.8333333328125001 0.2606718484375 0.78 0.28067184843750004 0.7633333328125 0.2956718484375 0.76 0.32567184843749997 0.7688888890625 0.3394218484375 0.76444444375 0.3418051375 0.74922321875 0.351115475 0.739522859375 0.3469418625 0.7121336328125001 0.34469455625 0.6744734484375 0.3481718484375 0.65 0.32754684843750004 0.612222221875 0.3269218484375 0.592222221875 0.3337968484375 0.5711111109375 0.33317184843750003 0.5566666671875 0.3287968484375 0.5511111109375 0.3056718484375 0.5700000000000001 0.3006718484375 0.567777778125 0.2981718484375 0.5555555562500001 0.2669218484375 0.5522222218749999 0.2487968484375 0.5522222218749999 0.21504684843750002 0.56444444375 0.1912968484375 0.612222221875 0.1700468484375 0.6333333328124999 0.1637968484375 0.6466666671875 0.1625468484375 0.6766666671875 0.1650468484375 0.722222221875 0.1850468484375 0.75555555625 0.1950468484375 0.7877777781249999
1 0.3675 0.72 0.356875 0.717777778125 0.35125 0.722222221875 0.35 0.7366666671875 0.3375 0.76 0.336875 0.7633333328125 0.364375 0.76444444375 0.3725 0.7466666671875 0.3675 0.72
3 0.12375 0.55444444375 0.13625 0.5611111109375 0.160625 0.5533333328125 0.195625 0.55444444375 0.20249999999999999 0.5288888890625 0.20187499999999997 0.52 0.174375 0.492222221875 0.133125 0.49555555625 0.11625 0.5066666671875 0.115625 0.5211111109375001 0.11000000000000001 0.5288888890625 0.11000000000000001 0.5333333328125 0.12375 0.55444444375
2 0.061250000000000006 0.642222221875 0.059375 0.6288888890625 0.052500000000000005 0.6244444437500001 0.053125 0.617777778125 0.027500000000000004 0.617777778125 0.01875 0.62 0.015625 0.6266666671875 0.015 0.637777778125 0.02375 0.65444444375 0.046875 0.65 0.061250000000000006 0.642222221875
2 0.05375 0.71 0.06 0.70555555625 0.063125 0.6977777781250001 0.0625 0.672222221875 0.065625 0.652222221875 0.059375 0.6411111109375 0.046875 0.637777778125 0.028125 0.642222221875 0.015625 0.6511111109375001 0.008749999999999999 0.6633333328125001 0.008749999999999999 0.6988888890625 0.0125 0.7088888890625 0.021875 0.7122222218750001 0.05375 0.71
2 0.060625 0.7011111109375 0.07062500000000001 0.70555555625 0.09625 0.6988888890625 0.12625 0.68444444375 0.12875 0.63555555625 0.133125 0.63 0.145 0.627777778125 0.145625 0.6233333328125 0.13874999999999998 0.6133333328125 0.1275 0.61444444375 0.114375 0.6255555562499999 0.110625 0.63444444375 0.090625 0.6455555562499999 0.06875 0.65 0.06375 0.662222221875 0.057499999999999996 0.6688888890625 0.055625 0.6833333328125 0.048125 0.6888888890625 0.050624999999999996 0.7033333328125 0.060625 0.7011111109375
2 0.08499999999999999 0.6133333328125 0.08499999999999999 0.6366666671875 0.10625 0.6111111109375 0.110625 0.6111111109375 0.115625 0.622222221875 0.11875 0.622222221875 0.130625 0.6133333328125 0.145 0.61555555625 0.15 0.6066666671875 0.15812500000000002 0.602222221875 0.16375 0.587777778125 0.16499999999999998 0.57444444375 0.16999999999999998 0.56555555625 0.169375 0.5588888890625 0.16375 0.5511111109375 0.15875 0.5555555562500001 0.148125 0.5555555562500001 0.145 0.5522222218749999 0.14375 0.5388888890625 0.139375 0.54 0.135625 0.5477777781250001 0.136875 0.562222221875 0.12375 0.58555555625 0.08499999999999999 0.6133333328125
3 0.3075 0.41444444375 0.304375 0.397777778125 0.28875 0.3933333328125 0.285625 0.4 0.28625 0.41333333281250006 0.265625 0.44000000000000006 0.265 0.44666666718750003 0.27999999999999997 0.45 0.305625 0.44666666718750003 0.3075 0.41444444375
3 0.050624999999999996 0.6255555562499999 0.061875 0.6111111109375 0.070347275 0.60039739375 0.0935712421875 0.586638409375 0.123125 0.567777778125 0.121875 0.54444444375 0.113125 0.5311111109375 0.109375 0.51444444375 0.075625 0.47555555624999996 0.06 0.4933333328125 0.030625000000000003 0.5011111109375 0.00125 0.52 0 0.612222221875 0.014374999999999999 0.6244444437500001 0.04 0.63 0.050624999999999996 0.6255555562499999
1 0.525625 0.6777777781250001 0.525 0.6611111109375 0.5181250000000001 0.647777778125 0.5075000000000001 0.647777778125 0.49437499999999995 0.6599999999999999 0.48875 0.6599999999999999 0.488125 0.7088888890625 0.49312500000000004 0.7022222218749999 0.5081249999999999 0.6977777781250001 0.525625 0.6777777781250001
2 0.5225 0.6511111109375001 0.53 0.6488888890625 0.546875 0.6211111109375 0.548125 0.5888888890625 0.545625 0.58444444375 0.531875 0.5811111109375 0.528125 0.57555555625 0.5225 0.5766666671875 0.5125 0.587777778125 0.50125 0.61 0.48624999999999996 0.6244444437500001 0.48687500000000006 0.6455555562499999 0.490625 0.6611111109375 0.50875 0.6466666671875 0.5225 0.6511111109375001
3 0.5700749703125 0.727777778125 0.5744499703125 0.7322222218750001 0.5725749703125 0.7811111109375 0.5869499703125001 0.812222221875 0.5925749703125 0.8633333328124999 0.6075749703125 0.8911111109375 0.6200749703125 0.9044444437499999 0.7144499703125 0.9111111109375001 0.7319499703125001 0.9066666671875 0.7394499703124999 0.89555555625 0.7494499703125 0.8311111109375 0.7531999703125 0.7588888890625001 0.7631999703125001 0.7133333328125 0.7631999703125001 0.7066666671874999 0.7575749703125 0.69555555625 0.7556999703125 0.68444444375 0.7556999703125 0.6555555562500001 0.7503183625000001 0.6705964921875001 0.7432682374999999 0.659110209375 0.7406244390625 0.6267398390625 0.7406999703125 0.62 0.7325749703125 0.6211111109375 0.7268179531250001 0.6345713828124999 0.71389273125 0.606899915625 0.7083113734375 0.593325228125 0.6856999703125 0.56444444375 0.6069499703125001 0.5633333328125001 0.5938249703125 0.5711111109375 0.5825749703125 0.5988888890624999 0.5656999703125 0.62 0.5688249703125 0.632222221875 0.5688249703125 0.6533333328125 0.5644499703125 0.6988888890625 0.5700749703125 0.727777778125
3 0.76875 0.8466666671875 0.7975 0.8455555562500001 0.8412499999999999 0.8311111109375 0.8481249999999999 0.8177777781250001 0.8637499999999999 0.8177777781250001 0.8724999999999999 0.8111111109375001 0.883125 0.7366666671875 0.8825 0.717777778125 0.8768750000000001 0.6944444437499999 0.860625 0.6588888890625 0.8318749999999999 0.6566666671875 0.798125 0.6633333328125001 0.790625 0.6711111109375001 0.785625 0.6900000000000001 0.7631249999999999 0.727777778125 0.753125 0.7588888890625001 0.750625 0.78444444375 0.75 0.8288888890624999 0.7537499999999999 0.8388888890624999 0.759375 0.8433333328125 0.76875 0.8466666671875
3 0.8618750000000001 0.8266666671875 0.89625 0.8444444437499999 0.925 0.8511111109374999 0.94375 0.8422222218750001 0.9525 0.8311111109375 0.9637499999999999 0.807777778125 0.960625 0.7911111109375 0.9475 0.7588888890625001 0.9324999999999999 0.737777778125 0.9237500000000001 0.7188888890625 0.9087500000000001 0.7088888890625 0.890625 0.7088888890625 0.885 0.7166666671875 0.8706250000000001 0.8011111109375 0.86625 0.8166666671874999 0.8612500000000001 0.8222222218749999 0.8618750000000001 0.8266666671875
3 0.8618750000000001 0.642222221875 0.85 0.6555555562500001 0.865 0.672222221875 0.875 0.69555555625 0.8825 0.70555555625 0.89375 0.71 0.899375 0.7166666671875 0.906875 0.7122222218750001 0.9193749999999999 0.71555555625 0.9237500000000001 0.73444444375 0.9337500000000001 0.7388888890625 0.946875 0.76 0.95375 0.807777778125 0.963125 0.8111111109375001 0.9793749999999999 0.807777778125 0.996875 0.8111111109375001 1 0.807777778125 0.999375 0.63444444375 0.9550000000000001 0.607777778125 0.94375 0.59555555625 0.914375 0.5866666671874999 0.9125 0.567777778125 0.9099999999999999 0.5633333328125001 0.8825 0.5355555562500001 0.8731249999999999 0.5355555562500001 0.8525 0.5466666671875 0.82875 0.5866666671874999 0.829375 0.5933333328125 0.85125 0.597777778125 0.8712500000000001 0.61555555625 0.8618750000000001 0.642222221875
3 0.743125 0.57555555625 0.749375 0.58 0.755625 0.592222221875 0.7893749999999999 0.592222221875 0.7993750000000001 0.5966666671875 0.826875 0.5944444437499999 0.8300000000000001 0.5833333328125 0.8418749999999999 0.562222221875 0.8418749999999999 0.5566666671875 0.83625 0.5511111109375 0.8143750000000001 0.5522222218749999 0.8081250000000001 0.5333333328125 0.8006249999999999 0.5355555562500001 0.7825 0.52444444375 0.751875 0.5177777781249999 0.73875 0.522222221875 0.7325 0.5311111109375 0.7318749999999999 0.542222221875 0.7224999999999999 0.5522222218749999 0.7212500000000001 0.5611111109375 0.725 0.562222221875 0.72375 0.57444444375 0.743125 0.57555555625
2 0.7887500000000001 0.6788888890625 0.788125 0.6666666671875 0.7975 0.662222221875 0.7943749999999999 0.652222221875 0.774375 0.632222221875 0.7418750000000001 0.632222221875 0.740625 0.65444444375 0.754375 0.692222221875 0.7849999999999999 0.6833333328125 0.7887500000000001 0.6788888890625