2 0 0.6366460171874999 0.0087840671875 0.6362431671875 0.115728615625 0.587852325 0.1584377375 0.5426399640625 0.14492334375 0.5288418703125 0.128443915625 0.5263419921875 0.03740821875 0.54284199375 0.0006291625 0.5654579265625 0 0.5707566796875 0 0.6366460171874999
2 0.069586015625 0.7371545015625001 0.13183935468750002 0.7784992546875 0.1696165703125 0.7821153046875 0.1961602953125 0.773689025 0.363063040625 0.6678999765625 0.37957050468750003 0.624586903125 0.3785723453125 0.5983549234375001 0.40158045624999994 0.566836140625 0.3857851578125 0.5512822796875 0.3623774984375 0.5451468484374999 0.326197059375 0.556340546875 0.2671220578125 0.551608328125 0.1803916203125 0.57651510625 0.07048203750000001 0.6362041609375 0.038093759375 0.665595121875 0.0447226203125 0.7085792750000001 0.069586015625 0.7371545015625001
2 0.6879187734375 0.7176495296875001 0.6747464437499999 0.6973244453125 0.629698934375 0.6965998359375 0.62225760625 0.70275476875 0.5929493265625 0.8092099218750001 0.5902128046875 0.8614258453125 0.6279045046875 0.8666736421874999 0.63865293125 0.842693503125 0.660891396875 0.8258604500000001 0.6879187734375 0.7176495296875001
2 0 0.8047156984375 0.0214447109375 0.8021658453124999 0.06760393125 0.7816777359375 0.10589424375 0.7755033 0.1090303109375 0.760941590625 0.017424034375 0.743050875 0 0.743061890625 0 0.8047156984375
2 0.4731745140625 0.8307486890625 0.4286681375 0.774420640625 0.40722735312499997 0.7307550140625 0.3430199640625 0.68812054375 0.3302471828125 0.7054496734375 0.39151898281249997 0.8493765140624999 0.412303671875 0.86028316875 0.4407862359375 0.8601396484375 0.464963540625 0.8515893515625 0.4731745140625 0.8307486890625
2 0.27148762187500003 0.8758105234375 0.2985164109375 0.9034067109375 0.3742138390625 0.9531882656249999 0.3956826578125 0.951040940625 0.39881872500000004 0.9364792312500001 0.3923180765625 0.9246849421875 0.3959952765625 0.85451979375 0.37980043124999996 0.8013117203125001 0.3476392546875 0.7358132796875 0.3206959828125 0.7065853453125001 0.306582975 0.704209484375 0.26236259375 0.73298035 0.2544936859375 0.7472940218749999 0.27148762187500003 0.8758105234375
2 0.25654889999999997 0.9797462953125 0.2514739921875 0.9860252468749999 0.46199991875 0.9986946734375 0.4626840484375 0.9856406921875 0.4255909640625 0.9689706625 0.373615225 0.9646105 0.25654889999999997 0.9797462953125
2 0.45618340156250003 0.9738464015625 0.5155149515625 0.973683378125 0.5253226984375 0.9676524640625 0.565293890625 0.8388489187499999 0.55448798125 0.818647853125 0.5648943421875 0.8011947046874999 0.5605035671875 0.7944196781249999 0.5416577171875 0.791795778125 0.5102101171875 0.8032375140625 0.500145821875 0.8141636734375 0.47397360781250003 0.9060571156250001 0.4533319171875 0.9376999187499999 0.45618340156250003 0.9738464015625
2 0.5681719953125001 0.6933753453125 0.5782362921875001 0.6824491859374999 0.5670883203125 0.6687751109375 0.5225539078125 0.658260015625 0.41352752343750004 0.65581864375 0.36990575468750003 0.6731672750000001 0.36397568593749996 0.6957637046875 0.38213740625 0.7114415828125 0.49133482187500005 0.7106194609375 0.5492406296875 0.69238319375 0.5681719953125001 0.6933753453125
2 0.6602367124999999 0.9289085859374999 0.6888047937499999 0.9271333171875 0.6996387375 0.90152143125 0.7101011671874999 0.7924423796875 0.7010630671875 0.783787565625 0.668189725 0.777156059375 0.6610624296875 0.8225969546874999 0.6385674156250001 0.8443252515624999 0.635260315625 0.86215045625 0.6515687109375 0.8679138296875 0.65958061875 0.896149615625 0.6486611578125 0.9233932499999999 0.6602367124999999 0.9289085859374999
2 0.833125596875 0.708897203125 0.9229065859375 0.6710604640625 0.9395570484375 0.6702968484375 0.94828111875 0.6396657 0.9302049171875 0.6223560734375 0.89935593125 0.622375575 0.8242865640625 0.6511659437499999 0.799681678125 0.667874978125 0.7907290921875 0.6575884171874999 0.78117789375 0.6587240890625 0.7693177546875 0.7039169484375 0.7785268890625 0.7093082640625 0.833125596875 0.708897203125
2 0.755574846875 0.6492011453125001 0.8047271374999999 0.5716018703125 0.8080342375 0.5537766656249999 0.8018756546875 0.5354553859375 0.7832008375 0.529567990625 0.7368705828125 0.5533195953125001 0.72831754375 0.580687246875 0.68857345625 0.61460139375 0.6878038109375 0.6292871203125 0.7057089796875 0.64986024375 0.7362159 0.65636773125 0.755574846875 0.6492011453125001
2 0.500942090625 0.617857884375 0.5367804656249999 0.6131911765625 0.5424539875 0.595489990625 0.53418553125 0.5721494484375 0.5090955828125 0.5528360171875 0.47351375625000003 0.5526074828125 0.4299775046875 0.5683243671875 0.37130205 0.6012463625 0.36671220625 0.6435477796875 0.345985 0.6768223296875 0.381823375 0.672155621875 0.500942090625 0.617857884375
2 0.5181056500000001 0.6073037828125 0.522496425 0.6140788109375 0.580829815625 0.58768380625 0.6588922515625 0.501782271875 0.6595763812500001 0.488728290625 0.6296680765625 0.4707985703125 0.591719828125 0.47044601718749995 0.5561099656249999 0.5160304328125 0.5343845984375 0.5230730015625 0.5067291625 0.5527119984375 0.5251474296875001 0.563494634375 0.53603885625 0.582063953125 0.535269209375 0.5967496828125001 0.5181056500000001 0.6073037828125
2 0.713833025 0.49484422187500005 0.7346457484375 0.459937925 0.70026115 0.436864921875 0.67169306875 0.43864019218749994 0.6390482421875 0.47292639375 0.645206825 0.491247675 0.610937190625 0.55653708125 0.6299540718750001 0.555897484375 0.676626390625 0.5256188890625 0.6943885625 0.5036425546875 0.713833025 0.49484422187500005
2 0.5594731359375 0.40657932499999994 0.5835649234375 0.39966077499999997 0.7114077125 0.314731890625 0.73763740625 0.26701965 0.752092478125 0.26286852031249996 0.75488648125 0.2548338015625 0.7483003171875 0.244671259375 0.7296255015625001 0.238783865625 0.7124619421875 0.2493379671875 0.6406141578125 0.261934878125 0.515565371875 0.33882904375 0.4953512640625 0.36231310781250003 0.4992289421875 0.37887862031249997 0.5311616031249999 0.40345935156249996 0.5594731359375 0.40657932499999994
2 0.44035441875 0.4608770625 0.45235755624999996 0.45823366249999997 0.49415403593749996 0.3851575734375 0.49771768281249995 0.3624371265625 0.51793179375 0.3389530625 0.5169336328125 0.31272108125 0.52759654375 0.29037269062500004 0.4996270765625 0.2807257265625 0.46327560312499994 0.29518291875 0.4340808734375 0.3541933734375 0.4141233140625 0.37278219375 0.40819324375 0.395378621875 0.3882356828125 0.41396744375 0.38458651875 0.43831963749999997 0.3934535875 0.450237946875 0.44035441875 0.4608770625
2 0.5853284953125 0.0037857046875 0.5909179109375 0.1235233734375 0.6136414390625 0.1427127859375 0.6191158921875 0.17408804687499999 0.645317553125 0.172188759375 0.66809715 0.09975226875 0.6491363375 0.008765960937500001 0.5853284953125 0.0037857046875
2 0.8640544515625 0.16401752187500002 0.8716668125 0.15459909375 0.8618015828125 0.11644880312500001 0.7534873640625 0.0551404984375 0.702024721875 0.0409898515625 0.6632213109375 0.056954773437499995 0.6576333078125 0.0730242109375 0.6658162453124999 0.0979965015625 0.7393182859375 0.1443905421875 0.8020999328125 0.1689517703125 0.8640544515625 0.16401752187500002
2 1 0.12709665312500001 0.983628784375 0.0557480953125 0.9852535921875001 0.024744890624999998 0.9282029484375001 0.026663681249999998 0.9237266562500001 0.021520400000000002 0.8669325593749999 0.018543946875 0.88982853125 0.170276971875 0.9397518796875 0.21379907656250002 0.9498736578125 0.24705412343750002 0.9808936765625 0.2437711265625 0.977871159375 0.21088813593750003 1 0.1821828328125 1 0.12709665312500001
2 0.7316218218749999 0.2912478265625 0.7138596484375 0.3132241609375 0.6595749703125 0.35292118437500003 0.6490830921875 0.3720060796875 0.6553271921875 0.3886956125 0.6790769140624999 0.388304053125 0.6921917625 0.364447934375 0.7147722921875 0.3410878890625 0.8425295640625 0.25779075156250003 0.8459221796874999 0.2383338 0.8235407171875 0.21261739687499998 0.8073178359375 0.20522227499999998 0.788386471875 0.2042301234375 0.727515628125 0.23376460312499997 0.7248071421875 0.240167575 0.7483003171875 0.244671259375 0.7521779953125 0.261236771875 0.737295340625 0.273546640625 0.7316218218749999 0.2912478265625
2 0.7652367734375 0.32900655625 0.7465619578125 0.3231191625 0.7466474734374999 0.321487415625 0.7346443359375 0.324130815625 0.7272030093749999 0.3302857515625 0.7176518109375001 0.331421421875 0.71012496875 0.339208103125 0.70986841875 0.344103346875 0.71451574375 0.3459831328125 0.7165401 0.3526341421875 0.7257492328125 0.35802545937499997 0.7255782 0.3612889546875 0.73470181875 0.3683120203125 0.7463628890625 0.37219560937499996 0.75066815 0.3806023859375 0.7695139984375 0.383226284375 0.776442228125 0.3868618375 0.8142194437500001 0.390477884375 0.814304959375 0.3888461390625 0.8214042218750001 0.3892181953125 0.8413617828125 0.3706293734375 0.8417893640624999 0.3624706359375 0.8373130703125 0.35732735625 0.82548096875 0.3567072609375 0.8162718343750001 0.3513159421875 0.809172571875 0.3509438859375 0.7906687875 0.3417929984375 0.7859359453125 0.341544959375 0.7837405578125 0.338157446875 0.7743603921875 0.3360296234375 0.7652367734375 0.32900655625
2 0.8574711109375001 0.42546919531249994 0.8480909437499999 0.423341371875 0.8458955578125 0.41995385937499996 0.8247688015625 0.41557419375000004 0.8248543187499999 0.41394244531249996 0.8080328265625001 0.41796955625 0.790698234375 0.43178715468749995 0.7899285875000001 0.44647288124999995 0.808004790625 0.463782509375 0.8196658625 0.4676660984375 0.8362308078125 0.46853422968749997 0.8522826531250001 0.4791928484375 0.8662246281250001 0.48483220468750005 0.8733238906249999 0.4852042609375 0.8778857 0.48871579374999996 0.9014643921875001 0.49158772968750003 0.9254706625000001 0.48630092812500003 0.933083021875 0.47688249843749997 0.9333395703124999 0.4719872546875 0.9269244390625 0.4585612171875 0.91991069375 0.45655741406250006 0.9108725921874999 0.44790260000000004 0.90613975 0.4476545625 0.9039443640625 0.44426704843750003 0.894564196875 0.44213922656250004 0.8830741578125 0.434992140625 0.8619474031250001 0.4306124765625 0.8574711109375001 0.42546919531249994
2 0.9027176875 0.377117359375 0.8981558796875 0.3736058265625 0.8910566171875001 0.3732337703125 0.8818474828125 0.3678424515625 0.8747482218749999 0.3674703953125 0.8701864125000001 0.3639588625 0.851255046875 0.3629667109375 0.8389953625000001 0.3705053546875 0.8337494234375 0.38004780312499997 0.8346620671875 0.40791153125 0.8765735093749999 0.4231978515625 0.8786833812499999 0.42821711249999994 0.8738650234374999 0.4296008234375 0.887892515625 0.43360843125 0.9016634578125 0.4425112828125 0.9134955609375 0.4431313765625 0.920338275 0.44839867499999997 0.9298039578124999 0.44889475 0.9513582921875001 0.4451156796875 0.96589888125 0.43933280156250004 0.9687784 0.42966633437499996 0.9643021078125 0.424523053125 0.9648152046874999 0.41473256875000003 0.9605099453125 0.4063257921875 0.9536672328125 0.4010584921875 0.948934390625 0.4008104546875 0.9398962890625 0.392155640625 0.92823521875 0.3882720515625 0.9237589249999999 0.383128771875 0.9027176875 0.377117359375
2 1 0.321929825 0.9981721984374999 0.3215794328125 0.9814362203125 0.323974796875 0.9740804093750001 0.3284979828125 0.97128640625 0.33653270156250004 0.9729686984375 0.3497107015625 0.9795548625 0.35987324374999996 0.9754781156250001 0.39238417812500004 0.9793557953124999 0.408949690625 0.97790201875 0.4366894 0.9892210234375 0.44709998124999994 0.9859139234375001 0.4649251859375 0.9951230578124999 0.47031650156250004 1 0.47057209218749996 1 0.321929825
2 1 0.18091044375 0.9804086125 0.20774865937500003 0.9834311281250001 0.24063165 0.9898462609375 0.2540576875 0.9844292890625 0.2668636296875 0.9911864859374999 0.2737626765625 0.9908444218750001 0.28028966718750004 0.9977726515625 0.28392521875 1 0.2837868078125 1 0.18091044375
2 0.9689508453125001 0.562209946875 0.9618515828125 0.561837890625 0.9619370999999999 0.5602061421875 0.9335400515625001 0.5587179171875001 0.9334545343749999 0.5603496640625 0.9192560109375 0.5596055515625 0.91917049375 0.5612372984375 0.9168040734374999 0.5611132796875 0.916633040625 0.5643767734375 0.9142666203125 0.5642527546875 0.9140955875 0.5675162515625 0.9117291671875 0.5673922328125001 0.9107884890625 0.58534145625 0.9131549078125 0.585465475 0.9128128437499999 0.591992465625 0.9151792640625 0.592116484375 0.9171181046875001 0.600399240625 0.9263272375 0.605790559375 0.9262417203125001 0.6074223062499999 0.9286081421875 0.607546325 0.9285226249999999 0.6091780734375 0.9332554656250001 0.6094261109375 0.9331699499999999 0.6110578578125 0.9450020546875001 0.611677953125 0.9450875703125 0.6100462062500001 0.96638535625 0.6111623749999999 0.9664708734375 0.609530628125 0.9947824046875 0.6126506015625 0.99709134375 0.568593415625 0.9758790749999999 0.5658454984375 0.9759645906250001 0.56421375 0.9688653281249999 0.5638416937499999 0.9689508453125001 0.562209946875