2 0.5669934640625 0.9597156390625001 0.59150326875 0.9952606640624999 0.6633986921874999 1 0.66176470625 0.9834123218749999 0.6078431375 0.8791469187500001 0.560457515625 0.838862559375 0.5473856203125 0.8530805687499999 0.545751634375 0.869668246875 0.5669934640625 0.9597156390625001
2 0.5653594765625 0.6706161140625 0.563725490625 0.7298578203125 0.5931372546875 0.8151658765625 0.65849673125 0.9218009484374999 0.689542484375 0.9526066343749999 0.7321208015625 0.9437372421875001 0.7593556171875 0.917412409375 0.7973856203125 0.8530805687499999 0.7990196078125 0.8151658765625 0.7892156859375 0.7890995265625 0.6748366015625 0.6279620859375 0.6307189546874999 0.6137440765625 0.6045751640625 0.6161137437499999 0.571895425 0.5947867296875 0.5571895421875 0.6113744078125001 0.55228758125 0.635071090625 0.5653594765625 0.6706161140625
2 0.69607843125 0.367298578125 0.8039215687500001 0.3909952609375 0.85620915 0.3909952609375 0.8594771234374999 0.35308056875 0.8349673203125001 0.3436018953125 0.8169934640625 0.32227488125 0.707516340625 0.3009478671875 0.687908496875 0.3151658765625 0.689542484375 0.3601895734375 0.69607843125 0.367298578125
2 0.8333333328125001 1 0.8267973859375 0.9620853078125 0.8039215687500001 0.9170616109375 0.795751634375 0.8791469187500001 0.7810457515625 0.8767772515625 0.76797385625 0.9691943125 0.76960784375 1 0.8333333328125001 1
2 0.69607843125 0.64691943125 0.7140522875 0.658767771875 0.8545751640624999 0.59004739375 0.8643790843750001 0.5687203796875 0.8627450984375 0.5402843609375 0.8529411765624999 0.516587678125 0.831699346875 0.5094786734375 0.777777778125 0.5568720375 0.7352941171875 0.5805687203125001 0.69607843125 0.64691943125
2 0.8071895421875 0.604265403125 0.7434640515625001 0.6398104265625 0.715686275 0.6682464453125 0.7140522875 0.6824644546874999 0.7450980390625 0.7251184828125 0.759803921875 0.7322274875 0.8872549015625 0.70853080625 0.9133986921874999 0.6800947875000001 0.9591503265625001 0.601895734375 0.955882353125 0.5805687203125001 0.9411764703125 0.5781990515625 0.9297385625000001 0.5853080562499999 0.8594771234374999 0.5853080562499999 0.8071895421875 0.604265403125
2 0.9918300656250001 0.718009478125 0.9983660125 0.7227488156249999 1 0.5118483406250001 0.9869281046875 0.5118483406250001 0.972222221875 0.5497630328125 0.9705882359375 0.601895734375 0.9918300656250001 0.718009478125
2 0.7908496734375 0.424170615625 0.7892156859375 0.4431279625 0.8022875812500001 0.47393365000000004 0.813725490625 0.48341232187500005 0.9068627453125 0.5047393359375001 0.939542484375 0.5236966828125 0.9754901953124999 0.5189573453125 0.972222221875 0.4597156390625 0.965686275 0.4502369671875 0.8349673203125001 0.41706161093749994 0.8153594765625 0.42890995312499997 0.7973856203125 0.4194312796875 0.7908496734375 0.424170615625
2 0.66013071875 0.5781990515625 0.6797385625000001 0.62085308125 0.7026143796875 0.6255924171875 0.7173202609375 0.6066350703125 0.7107843140625 0.49763033125 0.689542484375 0.44075829375 0.689542484375 0.4218009484375 0.678104575 0.412322275 0.6650326796875 0.424170615625 0.6568627453125 0.4691943125 0.66013071875 0.5781990515625
2 0.813725490625 0.32227488125 0.8366013078125001 0.3436018953125 0.8545751640624999 0.34597156406249996 0.8594771234374999 0.3293838859375 0.8872549015625 0.31990521250000004 0.9150326796874999 0.3293838859375 0.919934640625 0.3175355453125 0.9166666671874999 0.2890995265625 0.8905228765625001 0.279620853125 0.7810457515625 0.2748815171875 0.7728758171875 0.2843601890625 0.76797385625 0.3175355453125 0.813725490625 0.32227488125
2 0.633986928125 0.1682464453125 0.651960784375 0.191943128125 0.6421568625 0.2014218015625 0.64379085 0.2109004734375 0.689542484375 0.220379146875 0.6944444437499999 0.2109004734375 0.6911764703125 0.15639810468749998 0.6486928109375001 0.0687203796875 0.6470588234375 0.052132701562499995 0.616013071875 0.045023696875000005 0.5996732031249999 0.0639810421875 0.6013071890624999 0.0947867296875 0.633986928125 0.1682464453125
2 0.5408496734375 0.26066350781250003 0.5686274515624999 0.2677725125 0.6045751640625 0.30568720312500003 0.6192810453125001 0.30568720312500003 0.6388888890625 0.28672985781250004 0.64379085 0.25592417031250003 0.635620915625 0.23696682500000002 0.5555555562500001 0.191943128125 0.5375816999999999 0.189573459375 0.51960784375 0.1966824640625 0.5147058828125 0.2156398109375 0.5408496734375 0.26066350781250003
2 0.55392156875 0.5236966828125 0.571895425 0.5663507109375 0.6078431375 0.6232227484374999 0.6503267968750001 0.6255924171875 0.6846405234375 0.6445497625 0.678104575 0.6090047390625 0.6176470593750001 0.4928909953125 0.6111111109375 0.457345971875 0.5931372546875 0.45260663437500004 0.5702614374999999 0.4620853078125 0.55228758125 0.488151659375 0.55392156875 0.5236966828125
2 0.5130718953125 0.4431279625 0.5212418296875 0.4644549765625 0.55228758125 0.4905213265625 0.562091503125 0.47156398125 0.580065359375 0.4597156390625 0.5947712421875 0.4597156390625 0.60620915 0.47630331718749996 0.6127450984375 0.47156398125 0.5833333328125 0.41469194375 0.49346405156250006 0.341232228125 0.48039215625000004 0.341232228125 0.46405228750000005 0.3720379140625 0.46568627500000004 0.40995260624999996 0.5130718953125 0.4431279625
2 0.46568627500000004 0.3625592421875 0.48366013125 0.35545023750000004 0.5506535953125 0.3862559234375 0.5490196078125 0.367298578125 0.51633986875 0.32227488125 0.49346405156250006 0.30568720312500003 0.48366013125 0.28672985781250004 0.44771241875 0.2677725125 0.4264705875 0.3033175359375 0.42973856250000003 0.3317535546875 0.46568627500000004 0.3625592421875
2 0.23856209218750002 0.3009478671875 0.2549019609375 0.3720379140625 0.33823529375 0.4928909953125 0.36274509843749997 0.5118483406250001 0.3790849671875 0.5071090046875 0.40196078437500005 0.47393365000000004 0.40359477187500004 0.44549762968750006 0.3954248359375 0.4218009484375 0.30392156875 0.2985781984375 0.2549019609375 0.2748815171875 0.25 0.26066350781250003 0.241830065625 0.2582938390625 0.23202614375000002 0.26540284375 0.2271241828125 0.2843601890625 0.23856209218750002 0.3009478671875
2 0.3578431375 0.5734597156250001 0.37745097968749997 0.5924170609375 0.40032679687500006 0.5971563984375 0.419934640625 0.6161137437499999 0.44444444375 0.6184834125 0.455882353125 0.6090047390625 0.46405228750000005 0.561611375 0.4607843140625 0.5497630328125 0.385620915625 0.5118483406250001 0.36274509843749997 0.5094786734375 0.33823529375 0.4905213265625 0.312091503125 0.4928909953125 0.2892156859375 0.48341232187500005 0.2810457515625 0.5118483406250001 0.2973856203125 0.547393365625 0.3578431375 0.5734597156250001
2 0.11928104531249999 0.42890995312499997 0.1372549015625 0.40521327031250004 0.168300653125 0.398104265625 0.1650326796875 0.3720379140625 0.09150326875 0.35308056875 0.0016339875000000001 0.37677725156249997 0 0.44075829375 0.11928104531249999 0.42890995312499997
2 0.0310457515625 0.32227488125 0.0490196078125 0.3601895734375 0.06535947656249999 0.364928909375 0.08986928125 0.35545023750000004 0.132352940625 0.279620853125 0.15359477187499998 0.2156398109375 0.1454248359375 0.15402843593749999 0.135620915625 0.14691943125 0.098039215625 0.158767771875 0.042483659374999996 0.2701421796875 0.0310457515625 0.32227488125
2 0 0.158767771875 0.150326796875 0.1279620859375 0.1911764703125 0.075829384375 0.223856209375 0.0639810421875 0.2189542484375 0.033175354687500005 0.186274509375 0.0379146921875 0.151960784375 0.014218009374999998 0.1307189546875 0.011848340625 0.0310457515625 0.0402843609375 0 0.0402843609375 0.0049019609375 0.0971563984375 0 0.10189573437499999 0 0.158767771875
2 0.18954248437500001 0.22748815156250002 0.222222221875 0.28672985781250004 0.22875817031249998 0.2890995265625 0.23202614375000002 0.26540284375 0.2483660125 0.26066350781250003 0.2614379078125 0.2748815171875 0.2794117640625 0.279620853125 0.30228758125 0.29620853125 0.3447712421875 0.3483412328125 0.364379084375 0.3578199046875 0.3807189546875 0.3507109 0.3790849671875 0.32701421875 0.3545751640625 0.3151658765625 0.330065359375 0.2938388625 0.24019607812500002 0.1706161140625 0.2205882359375 0.1682464453125 0.19607843125 0.191943128125 0.18954248437500001 0.20853080624999998 0.18954248437500001 0.22748815156250002
2 0.3349673203125 0.191943128125 0.3349673203125 0.1990521328125 0.3267973859375 0.218009478125 0.3267973859375 0.222748815625 0.3235294125 0.2251184828125 0.321895425 0.23459715625 0.31535947656249996 0.2440758296875 0.310457515625 0.263033175 0.30882352968750004 0.263033175 0.312091503125 0.2748815171875 0.3186274515625 0.281990521875 0.3202614375 0.29146919375 0.328431371875 0.2985781984375 0.3333333328125 0.2985781984375 0.3349673203125 0.2938388625 0.34150326875000003 0.29146919375 0.34640522812499996 0.281990521875 0.349673203125 0.281990521875 0.35620915000000003 0.2725118484375 0.3594771234375 0.26066350781250003 0.367647059375 0.25592417031250003 0.3692810453125 0.23696682500000002 0.37254902031250003 0.2298578203125 0.37418300625 0.191943128125 0.37254902031250003 0.191943128125 0.37254902031250003 0.1848341234375 0.3529411765625 0.1658767765625 0.3447712421875 0.1658767765625 0.33986928125000004 0.1706161140625 0.33986928125000004 0.1824644546875 0.3349673203125 0.191943128125
2 0.4264705875 0.09241706093749999 0.4264705875 0.0971563984375 0.4232026140625 0.09952606562500001 0.421568628125 0.1090047390625 0.4150326796875 0.12085308125000001 0.41176470624999995 0.1421800953125 0.4068627453125 0.14691943125 0.4052287578125 0.15639810468749998 0.40196078437500005 0.158767771875 0.3986928109375 0.18009478750000002 0.3970588234375 0.18009478750000002 0.40196078437500005 0.1966824640625 0.4166666671875 0.21327014218749998 0.43137254843750006 0.21327014218749998 0.44771241875 0.194312796875 0.4509803921875 0.1824644546875 0.4509803921875 0.1658767765625 0.4607843140625 0.1492891 0.46568627500000004 0.135071090625 0.46568627500000004 0.1279620859375 0.4689542484375 0.1232227484375 0.4705882359375 0.09952606562500001 0.46405228750000005 0.075829384375 0.454248365625 0.0687203796875 0.44934640468750003 0.0687203796875 0.436274509375 0.075829384375 0.43464052343750004 0.08293838906249999 0.4264705875 0.09241706093749999
2 0.382352940625 0.045023696875000005 0.37745097968749997 0.052132701562499995 0.37745097968749997 0.05687203749999999 0.3692810453125 0.0663507109375 0.366013071875 0.0781990515625 0.3611111109375 0.08293838906249999 0.35620915000000003 0.10426540312499999 0.3529411765625 0.1090047390625 0.3529411765625 0.11611374375000001 0.348039215625 0.1255924171875 0.348039215625 0.132701421875 0.3447712421875 0.1374407578125 0.3447712421875 0.15639810468749998 0.3529411765625 0.1682464453125 0.36274509843749997 0.17298578125 0.3905228765625 0.1706161140625 0.40359477187500004 0.1279620859375 0.40849673124999997 0.1255924171875 0.41013071874999996 0.130331753125 0.41339869218749997 0.11611374375000001 0.421568628125 0.10189573437499999 0.421568628125 0.09004739375000001 0.4264705875 0.08293838906249999 0.4264705875 0.073459715625 0.421568628125 0.052132701562499995 0.4150326796875 0.0379146921875 0.4052287578125 0.035545023437500003 0.40032679687500006 0.0402843609375 0.3905228765625 0.0402843609375 0.382352940625 0.045023696875000005
2 0.2973856203125 0 0.295751634375 0.011848340625 0.2990196078125 0.028436018749999997 0.30392156875 0.035545023437500003 0.312091503125 0.0379146921875 0.32516339843750003 0.035545023437500003 0.3349673203125 0.028436018749999997 0.367647059375 0.0308056875 0.383986928125 0.02606635 0.41176470624999995 0.02606635 0.421568628125 0.014218009374999998 0.439542484375 0.016587678124999998 0.44444444375 0.007109004687499999 0.44444444375 0 0.2973856203125 0
2 0.114379084375 0 0.114379084375 0.014218009374999998 0.150326796875 0.014218009374999998 0.1830065359375 0.035545023437500003 0.215686275 0.0308056875 0.22875817031249998 0.0236966828125 0.241830065625 0.028436018749999997 0.2483660125 0.0213270140625 0.2549019609375 0.0213270140625 0.258169934375 0.014218009374999998 0.2565359484375 0 0.114379084375 0
2 0.542483659375 0 0.5408496734375 0.0213270140625 0.5392156859375 0.0213270140625 0.5392156859375 0.028436018749999997 0.5375816999999999 0.028436018749999997 0.5375816999999999 0.035545023437500003 0.5359477125 0.035545023437500003 0.5359477125 0.0639810421875 0.5375816999999999 0.0639810421875 0.5375816999999999 0.0781990515625 0.5392156859375 0.0781990515625 0.5392156859375 0.0805687203125 0.542483659375 0.0805687203125 0.542483659375 0.08293838906249999 0.545751634375 0.08293838906249999 0.545751634375 0.08530805625 0.563725490625 0.08530805625 0.563725490625 0.08293838906249999 0.5702614374999999 0.08293838906249999 0.5702614374999999 0.0805687203125 0.578431371875 0.0781990515625 0.5833333328125 0.0687203796875 0.5849673203125 0.0687203796875 0.5849673203125 0.0663507109375 0.5866013078125001 0.0663507109375 0.5866013078125001 0.061611375 0.58823529375 0.061611375 0.58823529375 0.049763032812500003 0.5866013078125001 0.049763032812500003 0.5866013078125001 0.028436018749999997 0.5849673203125 0.028436018749999997 0.5866013078125001 0 0.542483659375 0