2 0 0.5924837125 0.1095340484375 0.5540265625 0.1560211671875 0.51270859375 0.1437607828125 0.4977851484375 0.1275619421875 0.49385850624999994 0.03543459375 0.5023614375000001 0 0.5200964109374999 0 0.5924837125
2 0.05055449375 0.6987390062500001 0.1089675078125 0.7453521656250001 0.146285809375 0.7522469578125001 0.1734629265625 0.74616618125 0.34895067968750004 0.6553262234375 0.3691703109375 0.613616690625 0.3704622171875 0.5873975359375 0.39612981875000003 0.55800398125 0.381750234375 0.5411326562500001 0.3589663875 0.5329804593749999 0.3219480296875 0.5409782296875 0.263510265625 0.5311152921875 0.17493909531250001 0.5483682375 0.0602455078125 0.59825090625 0.025418887499999997 0.6247072015625 0.02827620625 0.6681055296875 0.05055449375 0.6987390062500001
2 0.668234278125 0.7331995078125 0.656883521875 0.711803721875 0.6120705859375 0.7071557203125 0.6041211375 0.712638678125 0.5656462046875 0.8161343531249999 0.5583691796875 0.867913075 0.595460075 0.87642595 0.6082576078125 0.85347385 0.631878546875 0.8386430609375 0.668234278125 0.7331995078125
2 0 0.7582541078125 0.044699496875 0.7429200671875 0.083382240625 0.740106346875 0.087775509375 0.725873375 0 0.7006199515625 0 0.7582541078125
2 0.44444994531250004 0.8271520953125 0.40502224218749994 0.76715940625 0.38746875625 0.7217912531249999 0.32722153593750003 0.6737229765625 0.31298702500000003 0.6898729421875001 0.361481615625 0.8385922875 0.3812366359375 0.8512689437500001 0.4096233234375 0.8536083890624999 0.434453834375 0.84719781875 0.44444994531250004 0.8271520953125
2 0.2396031359375 0.8544642843749999 0.2641239046875 0.884311175 0.3351945328125 0.9405007624999999 0.35676880781250003 0.9402327390625 0.361162078125 0.9259997671875 0.3557141078125 0.9136837890624999 0.365492609375 0.8441061296875001 0.3539967796875 0.7896890546875001 0.3276665515625 0.721636825 0.3033731890625 0.6901718515625 0.28952095624999996 0.6865750015625001 0.2429613 0.711382325 0.23387481718749997 0.7249557078125 0.2396031359375 0.8544642843749999
2 0.215662659375 0.9567025546875 0.21005981718750003 0.9625153046875001 0.418680415625 0.9934850640624999 0.42049967187500004 0.9805403828125 0.3850006265625 0.9607009124999999 0.333602684375 0.9518273578124999 0.215662659375 0.9567025546875
2 0.4150517015625 0.9682244046875 0.4741716859375 0.9732330875 0.48446773906249996 0.9680799234374999 0.5355127984375 0.843250234375 0.526508646875 0.8221842421875 0.5383965515625 0.8057044828125 0.5346129671875001 0.7985725546875 0.51606751875 0.7943161171875001 0.48374237343750004 0.8029734734374999 0.4727640984375 0.81298089375 0.43868243749999997 0.9022435968750001 0.415361440625 0.931966946875 0.4150517015625 0.9682244046875
2 0.5510588078125 0.698581075 0.5620370859375 0.6885736546875 0.5521233078125001 0.673980003125 0.5086748140624999 0.659623490625 0.4002760875 0.6476891328125001 0.3553082796875 0.6611698609375 0.34743136875 0.6831634640625001 0.36415756093749996 0.70036458125 0.4730111 0.7090627703125 0.5322859546875 0.6959427218750001 0.5510588078125 0.698581075
2 0.6222451171875 0.941242009375 0.6508592125 0.94196336875 0.6638841531249999 0.917393184375 0.6838136359375 0.8096410703125001 0.6755642453124999 0.8002314703125 0.6433939703125 0.7907600968749999 0.6323333609375 0.8354068921875 0.6080302015625 0.8550919359375 0.6031821171875 0.872561078125 0.61892614375 0.879723890625 0.6244466515625 0.9085505140624999 0.6111943046875 0.9347387843750001 0.6222451171875 0.941242009375
2 0.8136513624999999 0.7371360953125 0.906388396875 0.707268265625 0.9230420515625 0.7079587375 0.9344026062499999 0.678204503125 0.917903821875 0.6593853015625 0.8871705265625 0.6567160624999999 0.809877575 0.678854146875 0.7839100296875 0.6933551421875 0.7758880453125 0.6823274546875 0.7662742109375 0.682626365625 0.7505203875 0.726613571875 0.7592245937500001 0.7327870015625 0.8136513624999999 0.7371360953125
2 0.7415985703125 0.6709082046875 0.7973270453125 0.5978881234375 0.8021751296874999 0.58041898125 0.7976367859375 0.5616306640625 0.7795461515625 0.55413805625 0.7313221109375 0.5737613296874999 0.7204163703125 0.60027939375 0.6778677078124999 0.6306005609375 0.6758210453125 0.6451633250000001 0.6918650140625 0.6672186984375 0.7216886812500001 0.676360278125 0.7415985703125 0.6709082046875
2 0.4906665140625 0.6174915078125001 0.5267752437500001 0.615966078125 0.5339699359375001 0.59882673125 0.52776720625 0.5748543640625 0.5044560078125 0.5534276921875 0.4690295 0.5500988671875 0.42428910000000003 0.561961509375 0.36296758281249997 0.5896443234375 0.35470839375 0.6313847406249999 0.33115999218750003 0.6627261765625 0.36726872187500004 0.6612007453125 0.4906665140625 0.6174915078125001
2 0.5086846109375001 0.6084734703125 0.512468196875 0.6156054 0.5728800859375001 0.594394925 0.6581322828125 0.5156238625 0.6599515390625 0.50267918125 0.6317197218749999 0.48221100781250004 0.5939466062500001 0.47855238906249997 0.55449930625 0.5208597390625 0.5322428109375 0.5259820171875 0.502109403125 0.5530978984375 0.5195178140625 0.5654447625000001 0.528749371875 0.58489266875 0.5267027093750001 0.599455434375 0.5086846109375001 0.6084734703125
2 0.71346868125 0.5135006171875001 0.737244490625 0.480541096875 0.7050016796875 0.4545590796875 0.676387584375 0.453837721875 0.640878740625 0.48514827031249996 0.645417084375 0.5039365890624999 0.605587509375 0.565990753125 0.6245877703125 0.5670110203125 0.673721440625 0.54091540625 0.6933313859375 0.5205707734375 0.71346868125 0.5135006171875001
2 0.567388971875 0.41211824531249996 0.5919920734375 0.40732575937500004 0.726750421875 0.3338622875 0.7570387000000001 0.288617675 0.7718005609375 0.285742184375 0.775284203125 0.277981553125 0.7696088249999999 0.2672836609375 0.7515181921874999 0.259791053125 0.7335000953125 0.26880909062499997 0.660827821875 0.27509611875 0.529553115625 0.340798959375 0.50736915625 0.3624318828125 0.5097883000000001 0.379272321875 0.5394570953125 0.4065426296875 0.567388971875 0.41211824531249996
2 0.44399117656250003 0.45582748281249996 0.4561790265625 0.45424028281249995 0.5041854578125 0.385085075 0.5097157625000001 0.3627616765625 0.5318997234375 0.341128753125 0.533191628125 0.3149095984375 0.5457617546875 0.2935755828125 0.5187395078125 0.2815276296875 0.481266334375 0.2927615671875 0.4470396 0.34900298125 0.4255378625 0.36578165 0.41766095 0.387775253125 0.3961592109375 0.404553921875 0.3904014984375 0.428495403125 0.3981960765625 0.441141175 0.44399117656250003 0.45582748281249996
2 0.6282517203125 0.013110817187500002 0.623384040625 0.1328799984375 0.64434863125 0.15397687499999999 0.64706771875 0.1857098734375 0.6733352078125 0.1861014390625 0.7023413781250001 0.1159259640625 0.691382696875 0.02363334375 0.6282517203125 0.013110817187500002
2 0.8919519171875001 0.197025471875 0.9003561796874999 0.18830634531249998 0.8938535078125 0.14944141718749998 0.7912948281250001 0.07892620312500001 0.7412613265625 0.06034413749999999 0.701214140625 0.07286636875 0.6942468578125001 0.08838763125 0.700222178125 0.11397808437500001 0.7694010140625 0.16660170624999998 0.8298031046875 0.19654125312499998 0.8919519171875001 0.197025471875
2 1 0.0675128 0.967827484375 0.0657852140625 0.9638164921874999 0.0602713703125 0.9074979296875 0.0523563125 0.9170823703125001 0.20550746250000002 0.9630225453125 0.253215059375 0.9702074390625001 0.28722573281249997 1 0.28668416875 1 0.0675128
2 0.74893438125 0.3122293625 0.7293244343749999 0.3325739953125 0.6717865015625 0.3673887390625 0.6596711921875 0.3854865828125 0.6644369421875 0.40265681718749996 0.688130415625 0.404336671875 0.70327455625 0.38171436718749996 0.727805121875 0.3604112359375 0.8623360625000001 0.2885658484375 0.867411553125 0.2694786234375 0.847356590625 0.24190940468750002 0.8318399703124999 0.2331285078125 0.8130671171875001 0.2304901546875 0.74985380625 0.254607003125 0.7465975703125001 0.26074955 0.7696088249999999 0.2672836609375 0.77202796875 0.28412409843750003 0.756129071875 0.295090015625 0.74893438125 0.3122293625
2 0.7791305281249999 0.3527741453125 0.7610398953125 0.3452815375 0.761267303125 0.343663453125 0.749079453125 0.34525065312500003 0.7411300046875 0.3507336125 0.731516171875 0.3510325203125 0.7233393171875 0.3581335625 0.7226570953125 0.36298781875 0.7271229015625 0.3652654921875 0.7285598796875 0.3720676265625 0.7372640859375 0.37824105625 0.736809271875 0.38147722812499996 0.7452860703125 0.38926874375 0.756564290625 0.394153884375 0.7601204703125 0.4029038984375 0.7786659171875 0.40716033593749995 0.785250921875 0.4113858890625 0.822569225 0.418280678125 0.8227966312499999 0.4166625953125 0.8298364515625 0.41765197656249997 0.8513381921875001 0.4008733078125 0.8524752265625001 0.3927828828125 0.8484642328125 0.3872690390625 0.8367312 0.38562006875 0.82802699375 0.37944663749999996 0.8209871734374999 0.3784572546875 0.8033513546875 0.3677284765625 0.7986581390625 0.3670688890625 0.7967663484374999 0.36350292500000003 0.787607328125 0.3605656625 0.7791305281249999 0.3527741453125
2 0.8626066140624999 0.45690846875 0.8534475921875 0.45397120625 0.8515558015625 0.45040524218750005 0.8308911531250001 0.4442009265625 0.831118559375 0.442582840625 0.8140100921875 0.44512853750000003 0.7955371812500001 0.4573827453125 0.7934905171875 0.47194550937499996 0.8099893015624999 0.49076471406250005 0.8212675218750001 0.4956498546875 0.8376937703125 0.49795841249999995 0.852755575 0.5099754812499999 0.8661529937499999 0.5168085015624999 0.8731928140624999 0.517797884375 0.8774312140625 0.5216936421875 0.9006698765625 0.52660966875 0.9250455703125 0.52343526875 0.9334498328124999 0.5147161390625 0.9341320546875 0.509861884375 0.9289114906249999 0.49592782187499995 0.9220990765625 0.4933203546875 0.9138496859374999 0.48391075156249996 0.909156471875 0.4832511640625 0.9072646796875 0.47968520000000003 0.8981056593750001 0.47674793906249996 0.887282253125 0.468626628125 0.8666176046875 0.46242231250000004 0.8626066140624999 0.45690846875
2 0.9118951531249999 0.4126841234375 0.9076567546875 0.408788365625 0.9006169343750001 0.407798984375 0.8919127281250001 0.40162555156249996 0.8848729078125 0.4006361703125 0.8806345078125 0.3967404125 0.861861653125 0.394102059375 0.848991584375 0.4005435140625 0.8429339296875 0.4095924359375 0.841414615625 0.4374296765625 0.88183428125 0.4563106515625 0.8834986671875 0.4614946984375 0.878578046875 0.462453196875 0.8922028734375 0.46766813125000006 0.9051454796874999 0.477737321875 0.9168785125 0.4793862921875 0.9232361125 0.485229928125 0.9326225406249999 0.4865491046875 0.954424221875 0.48466299687500003 0.9694134906249999 0.4801694203125 0.973124540625 0.47079070468750006 0.969113546875 0.46527686093750004 0.9704779890624999 0.4555683515625 0.9669218109375001 0.4468183359375 0.9605642124999999 0.44097469843750003 0.9558709984375 0.4403151109375 0.94762160625 0.43090550937499994 0.9363433875 0.42602036875 0.93233239375 0.42050652499999996 0.9118951531249999 0.4126841234375
2 1 0.3663268296875 0.9949458171875 0.36660455625 0.9872237765625 0.3704694296875 0.9837401328125001 0.3782300609375 0.984267484375 0.3915045359375 0.9899428625000001 0.402202428125 0.983048115625 0.43423433593749994 0.9854672593749999 0.45107477500000004 0.9816013390625 0.478582221875 0.9919699312500001 0.489939703125 0.9871218468749999 0.5074088453125001 0.9958260531249999 0.513582275 1 0.5141688859375 1 0.3663268296875
2 0.961744390625 0.6028449796875 0.9547045703125001 0.601855596875 0.9549319781250001 0.6002375109375 0.9267726968750001 0.5962799828125 0.9265452890624999 0.5978980671875 0.9124656484375 0.595919303125 0.9122382421875 0.5975373875 0.909891634375 0.59720759375 0.9094368203125001 0.6004437625 0.9070902140625 0.60011396875 0.9066353984375001 0.603350140625 0.9042887937499999 0.603020346875 0.9017873156249999 0.6208192828125 0.904133921875 0.6211490765625001 0.9032242937499999 0.627621415625 0.9055709015625 0.627951209375 0.9067804734375 0.6363714296875 0.9154846781250001 0.6425448609375 0.915257271875 0.6441629468750001 0.917603878125 0.644492740625 0.917376471875 0.6461108265625 0.922069684375 0.6467704140625 0.921842278125 0.6483884984375 0.9335753125 0.65003746875 0.93380271875 0.648419384375 0.9549221796875 0.6513875312499999 0.9551495875 0.6497694453125 0.9830814625000001 0.6553450609375 0.9892214515625 0.6116567625 0.968329396875 0.60707053125 0.9685568046874999 0.6054524453125001 0.961516984375 0.6044630625 0.961744390625 0.6028449796875