1 0.8319018015624999 0.3778870859375 0.8019187453125 0.32219040625 0.774757725 0.320341396875 0.7339866046875 0.34047664218749996 0.767278459375 0.412362209375 0.81618013125 0.4065269234375 0.8241396515625 0.4175633890625 0.8319018015624999 0.3778870859375
2 0.80820503125 0 0.7758561140625 0.0126727203125 0.7270399578125 0.0201397546875 0.7298619937499999 0.073987425 0.8035565671875 0.07176148437499999 0.8104043750000001 0.0615852296875 0.847037871875 0.0563928921875 0.8708900921874999 0.042053015625 0.8864038859375001 0 0.80820503125 0
1 0.5519701875 0.1536682 0.527262803125 0.1516906015625 0.5085744 0.170668540625 0.52001375 0.20115738749999998 0.5519965234375 0.2011174703125 0.5588443328125 0.190941215625 0.5519701875 0.1536682
1 0.50772574375 0.013635001562499999 0.5173955890624999 0.05730641875 0.5273811625 0.0600555546875 0.5317489984375 0.0025586203125 0.50772574375 0.013635001562499999
2 0.787966890625 0.9479611921875 0.7894798468750001 0.9298833796875 0.7788101421875 0.9140802625 0.80468841875 0.8914530578125 0.7980444859375 0.811626015625 0.7827240625 0.8009753187499999 0.7385586265625 0.8032899312499999 0.7268890640625 0.8153551125 0.7364142140625 0.9032123046875 0.759779675 0.9265312124999999 0.7608913875 0.94774393125 0.787966890625 0.9479611921875
1 0.71704168125 0.9091362640625 0.6914791328125001 0.8908411875000001 0.6620355109375 0.8923842625 0.6479978296875 0.90620978125 0.6537602625 0.922270078125 0.6841445640625 0.9386762281250001 0.7181533921875001 0.9303489828125 0.71704168125 0.9091362640625
1 0.8833165984375 0.9364192093750001 0.8647728906250001 0.911211375 0.8120493234374999 0.8910672890625 0.79495939375 0.8935991640625 0.7763565078125 0.9142088515625 0.787111728125 0.9316437171875 0.8421178984375001 0.94839571875 0.8856255375 0.9804763953125001 0.8833165984375 0.9364192093750001
1 0.890341946875 0.7887903875 0.8933678578125 0.7526347609374999 0.8721994828125 0.7242920203125001 0.8074642890625 0.709686125 0.7767642593749999 0.73420225625 0.7774483890624999 0.7472562375 0.795307965625 0.7594100921875 0.8709694125 0.794714346875 0.890341946875 0.7887903875
1 0.6083842781250001 0.572858828125 0.5656726203125 0.60291315 0.5738886890625 0.6188448578125 0.5863278968750001 0.6214654046875 0.6176265421875 0.6083715062499999 0.6083842781250001 0.572858828125
1 0.8544582671875001 0.620503121875 0.8007940187499999 0.5824098125 0.766186578125 0.5793148234375 0.74233435625 0.5936547 0.7482678218750001 0.61297849375 0.8197061281250001 0.6615939078124999 0.861417928125 0.659407884375 0.8544582671875001 0.620503121875
1 0.998282065625 0.5949671140625 0.9969138046875001 0.5688591515625 0.938256771875 0.5293912734374999 0.8995972234374999 0.5428709406250001 0.8906378453125001 0.559702775 0.9043597984374999 0.5867995359375 0.944729671875 0.6059548218749999 0.9793371140625 0.6090498109375 0.998282065625 0.5949671140625
4 0.75830606875 0.7106261703125 0.7653249093750001 0.7037134109375 0.7634435515625 0.6678149624999999 0.73845328125 0.6134928515625 0.7090951750000001 0.6166676734375 0.6784806609375 0.6428155515625 0.707180975 0.6740360187500001 0.713969603125 0.7096772875 0.7339407484375 0.7151755609375 0.75830606875 0.7106261703125
4 0.7602596187499999 0.41927496875000003 0.6663373499999999 0.4111073921875 0.6462215078125 0.44979489375000004 0.6552072234375 0.4804123296875 0.8048789718749999 0.47256836562500004 0.8027410640625 0.43177467500000005 0.7602596187499999 0.41927496875000003
4 0.8030896359374999 0.29758560312500004 0.79376185625 0.2604411765625 0.6652321453125001 0.249178609375 0.6557596703125 0.256219959375 0.6501090890625 0.2892406796875 0.6514773500000001 0.3153486421875 0.6590092890625 0.31822636875 0.793873709375 0.30952219375 0.8030896359374999 0.29758560312500004
2 0.6505961609375001 0.861895415625 0.6507671937499999 0.8651589124999999 0.6532208296875 0.8650303234375001 0.65356289375 0.8715573125 0.656016528125 0.8714287234375 0.6565296265625 0.881219209375 0.6589832624999999 0.88109061875 0.6592398109375 0.8859858624999999 0.6616934453125001 0.8858572734375001 0.661864478125 0.8891207671875 0.6643181140625 0.8889921781250001 0.6669427812500001 0.8921270828125 0.676757321875 0.8916127250000001 0.6768428390625 0.8932444734375 0.681750109375 0.8929872937500001 0.6816645921875 0.8913555453124999 0.6890254984374999 0.8909697765625 0.6889399828125 0.88933803125 0.6913936171875 0.889209440625 0.69088051875 0.8794189546875 0.688426884375 0.8795475453125 0.6878282703124999 0.8681253109375 0.685374634375 0.8682539 0.6848615375 0.8584634156250001 0.682407903125 0.8585920046875 0.6821513546875 0.8536967625 0.67969771875 0.8538253515625 0.6795266859375 0.85056185625 0.6745339 0.8491872875 0.67427735 0.8442920453125 0.6718237140625 0.844420634375 0.6712251015625 0.8329984015624999 0.6687714671875 0.8331269921875 0.66868595 0.8314952437500001 0.6539641375 0.8322667812500001 0.6540496546875 0.8338985296875 0.6443206296875 0.8360446343750001 0.644406146875 0.8376763828125 0.6419525109374999 0.837804971875 0.64212354375 0.8410684671875 0.639669909375 0.8411970562500001 0.6403540390625 0.8542510375000001 0.6428076734375 0.854122446875 0.645603375 0.8605208484375 0.6505961609375001 0.861895415625
2 0.42761094374999997 0.034195934375 0.40079198906249996 0.0388739140625 0.40427182031250003 0.058326296875 0.4265255703125 0.060432484375 0.43362992499999997 0.0551514734375 0.42761094374999997 0.034195934375