1 0.8199959734375 0.3494246140625 0.785272725 0.296553071875 0.7580539109375 0.2970783375 0.7191928390625 0.32069040000000004 0.7586232484375001 0.3894008453125 0.8068302546874999 0.3793257015625 0.815721378125 0.389626453125 0.8199959734375 0.3494246140625
2 0.6932899031249999 0 0.6843534250000001 0.00217793125 0.6918578578125001 0.0555747390625 0.765077996875 0.0469343640625 0.771012828125 0.03620000625 0.8070543812500001 0.027834606249999998 0.8295660343750001 0.011470440625 0.8326931375 0 0.6932899031249999 0
1 0.5215876203125 0.150456596875 0.4968018953125 0.1506399140625 0.4798386453125 0.17117443906250002 0.4938917421875 0.2005502609375 0.5257493328125 0.1977230125 0.5316841640625001 0.18698865625 0.5215876203125 0.150456596875
1 0.4653068421875 0.014812425 0.4787461046875 0.0574748765625 0.48893328281250004 0.0593432515625 0.4882733109375 0.001684428125 0.4653068421875 0.014812425
2 0.8259134796875 0.921158596875 0.8258450937499999 0.9030177125 0.8138386578125001 0.8882046562499999 0.8376463703124999 0.863408115625 0.8240703343750001 0.7844638953125 0.8078799390625001 0.775188990625 0.7640842984375 0.7813440671875 0.7535106921875 0.79438040625 0.7706568546875 0.8810731031250001 0.7959657796874999 0.9022668421875 0.7989220718750001 0.9233019484374999 0.8259134796875 0.921158596875
1 0.751874346875 0.8886629484374999 0.7248145515625 0.8726654125 0.6956174578125001 0.876768796875 0.68283816875 0.8917651687499999 0.6899784203125 0.9072621234374999 0.721676990625 0.920957675 0.7548306375 0.9096980531250001 0.751874346875 0.8886629484374999
1 0.919894403125 0.9013502593749999 0.899224253125 0.8778545390625 0.8449456421875 0.8623822703125 0.8281414109374999 0.8663939953125 0.81140556875 0.8885466046875001 0.823639409375 0.904977746875 0.8798962984375001 0.9168718984374999 0.9260343921875 0.9450385578124999 0.919894403125 0.9013502593749999
1 0.9140263187500001 0.7536709109374999 0.9138895453125 0.7173891421875 0.8903314890624999 0.6909991984375 0.82456964375 0.6820909281249999 0.796123159375 0.7091894515625 0.797942415625 0.7221341328124999 0.8167933093749999 0.7326851734375001 0.895243809375 0.76126075625 0.9140263187500001 0.7536709109374999
1 0.6143219078125 0.5631352656249999 0.5743921890625 0.5967977875 0.58396553125 0.61195279375 0.5965858015625 0.6134792203125 0.6266241359375 0.597707290625 0.6143219078125 0.5631352656249999
1 0.8636119859375 0.5891514984375 0.8068318953125001 0.5558802921875 0.7720864 0.5558133187500001 0.749574746875 0.5721774843749999 0.7571698125 0.5909106093750001 0.8325733874999999 0.63311476875 0.8739359359375 0.6273016421875 0.8636119859375 0.5891514984375
1 1 0.5247219328125 0.9391506906249999 0.4910828359375 0.9018130828125 0.5078806109375 0.8943547890625 0.52542925625 0.9103861640625001 0.551226959375 0.9522719125 0.5667908875000001 0.987017409375 0.5668578609375 1 0.5553211609375001 1 0.5247219328125
4 0.775680415625 0.6873118171875 0.7820700609375 0.6798136296874999 0.77706710625 0.6442157578125001 0.7474374484374999 0.592278403125 0.7184677625 0.597999871875 0.6902486828125001 0.62671648125 0.7215608265625 0.6553167484375 0.7314299625 0.690230721875 0.75180431875 0.6939674734375 0.775680415625 0.6873118171875
4 0.752233603125 0.39689903125 0.657956884375 0.3969484 0.641289428125 0.4372418953125 0.6529094343749999 0.466959665625 0.801327990625 0.44610079843749995 0.7956428140625 0.40564867031249996 0.752233603125 0.39689903125
4 0.7842947109375 0.2719398484375 0.7717650765624999 0.2357497375 0.6427428625 0.23573213124999998 0.633920128125 0.24357226562499998 0.63116899375 0.2769598125 0.63480750625 0.302849175 0.64256159375 0.3050594984375 0.7761541953125 0.2846342375 0.7842947109375 0.2719398484375
2 0.6815643609375 0.847392975 0.682019175 0.8506291453125 0.6844522671875 0.850287196875 0.6853618953125 0.8567595375 0.687794984375 0.8564175875 0.6891594265625 0.8661260984375 0.69159251875 0.86578415 0.692274740625 0.87063840625 0.6947078296875 0.8702964578125 0.69516264375 0.8735326265625 0.6975957359375 0.8731906781250001 0.7004836421875 0.8760848984375 0.7102160046875 0.8747171046875 0.7104434125 0.876335190625 0.71530959375 0.8756512937500001 0.7150821875 0.8740332078125 0.7223814609375 0.8730073609375 0.7221540546874999 0.8713892765625 0.72458714375 0.871047328125 0.7232227015625 0.8613388171875 0.7207896125000001 0.8616807671875 0.7191977625 0.8503541703125 0.7167646703125 0.85069611875 0.715400228125 0.8409876093750001 0.7129671390625 0.8413295578125 0.7122849171875 0.8364753031250001 0.7098518265625 0.8368172515625 0.7093970109375001 0.8335810796875001 0.7043034234375 0.83264689375 0.7036212015625 0.8277926375 0.701188109375 0.8281345859375 0.6995962609374999 0.8168079921875 0.6971631703125001 0.817149940625 0.6969357640625 0.8155318546875 0.6823372156249999 0.817583546875 0.6825646234375 0.8192016328125 0.6730596656250001 0.8221875109375001 0.6732870734375 0.823805596875 0.67085398125 0.8241475453125 0.6713087953125 0.827383715625 0.6688757062499999 0.8277256640624999 0.6706949609375 0.8406703437499999 0.6731280515625 0.8403283953124999 0.676470771875 0.8464587874999999 0.6815643609375 0.847392975
2 0.38728890625 0.04227758125 0.36097971875 0.0492751859375 0.36614169531249996 0.06835025781250001 0.388494328125 0.068508890625 0.3951113796875 0.0626287890625 0.38728890625 0.04227758125