1 0.3954248359375 0.8378378375000001 0.43464052343750004 0.828009828125 0.4232026140625 0.8206388203125 0.4264705875 0.7714987718749999 0.3529411765625 0.7420147421875 0.3349673203125 0.783783784375 0.33823529375 0.8108108109375 0.3954248359375 0.8378378375000001
2 0.01633986875 0.9140049140625001 0.062091503125 0.8943488937499999 0.0751633984375 0.8697788703124999 0.078431371875 0.8329238328124999 0.08823529375 0.8255528249999999 0.0866013078125 0.7518427515624999 0.032679739062500004 0.7518427515624999 0.027777778125000003 0.8009828015625 0.009803921875 0.8550368546874999 0.01633986875 0.9140049140625001
1 0.19444444375 0.574938575 0.20424836562499998 0.5675675671875 0.2026143796875 0.5356265359375 0.171568628125 0.5257985265625 0.15359477187499998 0.5454545453125 0.1568627453125 0.5700245703125 0.19444444375 0.574938575
1 0.0588235296875 0.540540540625 0.014705882812500001 0.5331695328125 0.0049019609375 0.5577395578125001 0.062091503125 0.55036855 0.0588235296875 0.540540540625
2 0.8267973859375 0.78132678125 0.9068627453125 0.783783784375 0.9281045750000001 0.7567567562499999 0.9444444437499999 0.7665847671875 0.9624183000000001 0.7641277640624999 0.9607843140625001 0.7371007374999999 0.939542484375 0.7371007374999999 0.9150326796874999 0.714987715625 0.8267973859375 0.710073709375 0.8153594765625 0.7223587218749999 0.8153594765625 0.7665847671875 0.8267973859375 0.78132678125
1 0.919934640625 0.6953316953125 0.9411764703125 0.6953316953125 0.9477124187499999 0.6609336609375001 0.9297385625000001 0.63144963125 0.9133986921874999 0.6265356265625 0.9003267968750001 0.641277640625 0.9003267968750001 0.6707616703125 0.919934640625 0.6953316953125
1 0.9297385625000001 0.8427518421875 0.955882353125 0.859950859375 1 0.859950859375 0.965686275 0.81818181875 0.9460784312499999 0.7641277640624999 0.9281045750000001 0.7542997546875 0.90849673125 0.7739557734375 0.9068627453125 0.791154790625 0.9297385625000001 0.8427518421875
1 0.7728758171875 0.8796068796875 0.8088235296875 0.874692875 0.813725490625 0.8550368546874999 0.7745098046875001 0.78132678125 0.7614379078125 0.7641277640624999 0.7483660125 0.7641277640624999 0.7254901953124999 0.7960687953125001 0.7434640515625001 0.859950859375 0.7728758171875 0.8796068796875
1 0.62581699375 0.5798525796875 0.6225490203125 0.5675675671875 0.60620915 0.5601965609375 0.578431371875 0.6044226046875 0.614379084375 0.6117936125 0.62581699375 0.5798525796875
1 0.6388888890625 0.8476658484374999 0.678104575 0.8525798531250001 0.678104575 0.8108108109375 0.62581699375 0.7420147421875 0.60620915 0.7371007374999999 0.5931372546875 0.7616707609375 0.598039215625 0.7960687953125001 0.6388888890625 0.8476658484374999
1 0.5947712421875 0.9926289921875 0.6209150328125 0.9926289921875 0.633986928125 0.9729729734375001 0.6290849671875 0.9385749390625 0.6078431375 0.8992629000000001 0.580065359375 0.8869778875 0.563725490625 0.896805896875 0.55228758125 0.9361179359375 0.5947712421875 0.9926289921875
4 0.6813725484375001 0.7542997546875 0.7173202609375 0.7542997546875 0.723856209375 0.746928746875 0.7271241828125 0.7223587218749999 0.7205882359375 0.702702703125 0.6846405234375 0.6977886984375 0.651960784375 0.6707616703125 0.6274509796875 0.702702703125 0.62581699375 0.7321867328125 0.6813725484375001 0.7542997546875
4 0.44771241875 0.80589680625 0.48856209218749996 0.80589680625 0.48856209218749996 0.65601965625 0.45751634062499996 0.6486486484375 0.419934640625 0.6707616703125 0.43300653593750005 0.7641277640624999 0.44771241875 0.80589680625
4 0.276143790625 0.80589680625 0.313725490625 0.8132678125 0.32516339843750003 0.803439803125 0.3267973859375 0.66830466875 0.3235294125 0.6609336609375001 0.2973856203125 0.6609336609375001 0.2647058828125 0.66830466875 0.258169934375 0.678132678125 0.276143790625 0.80589680625
2 0.8447712421875 0.6265356265625 0.8431372546875 0.6265356265625 0.84150326875 0.6363636359375 0.83986928125 0.6363636359375 0.83986928125 0.6511056515625 0.84150326875 0.6511056515625 0.84150326875 0.6535626531250001 0.8529411765624999 0.6535626531250001 0.8529411765624999 0.65601965625 0.8578431375 0.65601965625 0.8594771234374999 0.6609336609375001 0.8627450984375 0.6609336609375001 0.8627450984375 0.6633906640625 0.8676470593750001 0.6633906640625 0.8676470593750001 0.6658476656250001 0.8774509796875 0.6658476656250001 0.8774509796875 0.66830466875 0.8888888890625 0.66830466875 0.8888888890625 0.6707616703125 0.8986928109375001 0.6707616703125 0.8986928109375001 0.66830466875 0.9003267968750001 0.66830466875 0.9003267968750001 0.6609336609375001 0.901960784375 0.6609336609375001 0.901960784375 0.65601965625 0.9003267968750001 0.65601965625 0.9003267968750001 0.646191646875 0.8970588234375001 0.64373464375 0.8970588234375001 0.641277640625 0.89379085 0.641277640625 0.89379085 0.6388206390625 0.8888888890625 0.6388206390625 0.8888888890625 0.6363636359375 0.8790849671875 0.6363636359375 0.8790849671875 0.6339066343749999 0.8725490203125 0.6339066343749999 0.8725490203125 0.63144963125 0.8692810453125001 0.63144963125 0.8676470593750001 0.6265356265625 0.8611111109375 0.6240786234375 0.8611111109375 0.6216216218749999 0.848039215625 0.6216216218749999 0.848039215625 0.6240786234375 0.8447712421875 0.6240786234375 0.8447712421875 0.6265356265625
2 0.0571895421875 0.44963145000000004 0.05392156875 0.42751842812499996 0.034313725 0.425061425 0.0310457515625 0.4520884515625 0.052287581250000006 0.45700245625 0.0571895421875 0.44963145000000004