4 0.191613575 0 0.1831485140625 0.0092841640625 0.19067851875 0.0311462125 0.22502863125 0.067585009375 0.27021890000000004 0.0897567765625 0.28877386875 0.085655690625 0.2913468390625 0.074510934375 0.2514873171875 0.01835355 0.25167212499999997 0.00665744375 0.23395525312499998 0 0.191613575 0
4 1 0.17840856562500002 0.9824496734375 0.175370734375 0.978406434375 0.192883921875 0.9536048734374999 0.2022507375 0.963523040625 0.22466413593749998 0.9782195781249999 0.2263801328125 0.991447896875 0.2126644546875 1 0.21077423906249998 1 0.17840856562500002
4 0.8839867546875 0.1224533640625 0.8979481609375 0.127353575 0.9343229640624999 0.1223356203125 0.935978040625 0.1042710828125 0.9198132812500001 0.0871234140625 0.8928083656249999 0.0842427734375 0.880497940625 0.10487823125 0.8839867546875 0.1224533640625
4 0.8602735578124999 0.2796445875 0.8960959875000001 0.287914846875 0.9293474953124999 0.28552975625 0.9365140296875 0.2653837046875 0.90804089375 0.2470713921875 0.8626658171875 0.2365957296875 0.8510905265625001 0.25404697187499997 0.8602735578124999 0.2796445875
4 0.6681363375 0.044111920312500004 0.6391108265625001 0.039087821875 0.633782128125 0.051273334375 0.6534357015625 0.085996134375 0.6765821875 0.09469385625 0.7208586593749999 0.0663456328125 0.724901896875 0.0488324453125 0.6969790875 0.039032021875 0.6681363375 0.044111920312500004
4 0.54356386875 0.2350348421875 0.5637677671875 0.2782695328125 0.5907726828125 0.28115017343750004 0.6025348296875 0.23020271874999998 0.6115371515625 0.22389623125 0.5685502359375 0.21397192031249998 0.5448513765625 0.2185624125 0.54356386875 0.2350348421875
4 0.5112282046875001 0.26613981875000003 0.5316189609374999 0.2758782984375 0.5498063640625 0.2733693203125 0.557890790625 0.26014305000000004 0.5217048921874999 0.2098646890625 0.49267938125 0.204840590625 0.47651052656250004 0.2312931296875 0.5112282046875001 0.26613981875000003
4 0.3541598453125 0.23826256875000001 0.344422390625 0.24775327187500001 0.3662813671875 0.272923425 0.38005591562499996 0.311319846875 0.40430510000000003 0.31524124531250003 0.4204719078125 0.3105888078125 0.4145990265625 0.24886211875000003 0.3870437859375 0.2374695875 0.3541598453125 0.23826256875000001
4 0.3179637046875 0.2969847296875 0.27993587343750004 0.29826711875 0.2665247953125 0.30187879687499997 0.26431939375 0.31143144375 0.27827875 0.33813176093749997 0.323651778125 0.3704075265625 0.34220674687499997 0.3663064421875 0.3491905203125 0.336056390625 0.336701434375 0.30298764375 0.3179637046875 0.2969847296875
4 0.414225315625 0.3158545390625 0.370870834375 0.3075223375 0.3389047875 0.3152351 0.351578684375 0.3366077421875 0.3532296625 0.3621434140625 0.36241474375 0.3659409234375 0.41312056718749995 0.3424309671875 0.42212288750000004 0.3361244796875 0.4202871 0.322284915625 0.414225315625 0.3158545390625
4 0.17411547031250002 0.3425922203125 0.14986423437500002 0.3604709265625 0.1498621875 0.38227103125 0.17484445937499998 0.40480831874999995 0.1935821875 0.41081123125 0.23712352499999997 0.385647225 0.237493140625 0.3622550109375 0.23143135625000003 0.3558246359375 0.17411547031250002 0.3425922203125
4 0.2110242140625 0.5204869921874999 0.18751016250000002 0.513381378125 0.16381130156249998 0.5179718703125 0.1278020171875 0.543197821875 0.1252290484375 0.554342578125 0.181257425 0.5840474234374999 0.1963235796875 0.56237120625 0.2106525515625 0.565679309375 0.22682140624999997 0.5392267703125 0.2262710796875 0.5307148796875001 0.2110242140625 0.5204869921874999
4 0.2861415015625 0.7290034796875 0.24554274843749999 0.7196305187500001 0.214866259375 0.6890707484374999 0.1889640453125 0.681413784375 0.175552965625 0.6850254609374999 0.1516693 0.7013120609375 0.1575462765625 0.7194385421875 0.1970402796875 0.75538793125 0.227720865625 0.7423474921875 0.2784225921875 0.762437746875 0.2901806421875 0.7550905015625 0.292203284375 0.7354338546875 0.2861415015625 0.7290034796875
4 0.476278609375 0.7443916421875 0.4878539 0.7269403984375 0.45552438281249996 0.6926450625 0.42521341250000005 0.6822932875000001 0.40206487968750004 0.6953956703124999 0.39912434375 0.7081325328125 0.476278609375 0.7443916421875
4 0.5761995062499999 0.9217412093749999 0.5700377046875 0.919345590625 0.567014425 0.9179436984375 0.5392764234375 0.8964471671875 0.51833329375 0.8999969046875 0.5142900546875 0.9175100921875 0.530087246875 0.9362498671875 0.528432171875 0.9543144046875 0.5365145499999999 0.962888240625 0.5820744343750001 0.9616677953125 0.5918139375 0.9303769875000001 0.5761995062499999 0.9217412093749999
4 0.5536135890625 0.8125548531250001 0.59531299375 0.8389515953125001 0.598066675 0.8597109421875 0.6096399171875 0.8640598031250001 0.6371972078125 0.8536522312500001 0.6423431468749999 0.83136271875 0.5887029312500001 0.802209225 0.5648213125 0.79669571875 0.5536135890625 0.8125548531250001
4 0.5753082390625 0.6314200671875 0.555467809375 0.6301934765625 0.5457303546875 0.63968418125 0.570345059375 0.6638135765625 0.6030441921875 0.6747167015625 0.634829528125 0.635099834375 0.62987044375 0.623893134375 0.611500284375 0.6162981125 0.5753082390625 0.6314200671875
4 0.5958899484375 0.5640621265625 0.5872551921875 0.5687765046875 0.5896413078125 0.5911279625 0.6271167640625 0.6031337875 0.66753275625 0.6024027484375 0.6791080484375 0.5849515046875 0.66918988125 0.56253810625 0.6576166390625 0.5581892453124999 0.5958899484375 0.5640621265625