4 0.025181678125000002 0.7821367984375 0.0181197609375 0.805833621875 0.020821259375 0.8410029484375 0.032581965625 0.8503102578125 0.05386549375000001 0.8412735765624999 0.0878193828125 0.804465296875 0.10678482812500001 0.757838484375 0.101399403125 0.7396147921875 0.0901023140625 0.737825509375 0.0368621859375 0.7815052765625 0.025181678125000002 0.7821367984375
4 0.15412143125 0 0.145494671875 0.012065275 0.14250752656250001 0.04137054375 0.16026009531250002 0.0441822734375 0.1713341640625 0.06827002343750001 0.1930011078125 0.0568125359375 0.1936877453125 0.042032096875 0.1790827171875 0.029792759375 0.170278428125 0 0.15412143125 0
4 0.0965874859375 0.1432849390625 0.1005018625 0.129015721875 0.092958753125 0.0930795609375 0.0748227671875 0.092688634375 0.058844465624999995 0.110010178125 0.057854610937499995 0.1371502546875 0.079298534375 0.147991234375 0.0965874859375 0.1432849390625
4 0.2550499484375 0.15597526718750002 0.260801215625 0.1196631953125 0.256102428125 0.0866590625 0.2355055390625 0.0809153015625 0.21922401875 0.11059648124999999 0.21193908125 0.156591771875 0.23015526406250003 0.166921528125 0.2550499484375 0.15597526718750002
4 0.03349384375 0.3640743796875 0.030506699999999998 0.3933796484375 0.043034240625 0.3978453484375 0.0763014921875 0.37581750937499997 0.08336341093750001 0.352120684375 0.051995671875 0.309929540625 0.034243103125 0.307117809375 0.026414349999999996 0.33565624375 0.03349384375 0.3640743796875
4 0.232641421875 0.47502528593750004 0.27436144218749997 0.451854703125 0.275351296875 0.42471462656250003 0.2237074625 0.416535046875 0.2167883671875 0.40799457187500004 0.209886846875 0.45156905937499997 0.21611930625000003 0.47488997343749995 0.232641421875 0.47502528593750004
4 0.26592625000000003 0.5051124078125 0.2742186203125 0.48409199999999997 0.270447065625 0.46612391875 0.256689071875 0.45898180312500003 0.2090573875 0.4985867953125 0.20607024375 0.527892065625 0.23358622968749998 0.542176296875 0.26592625000000003 0.5051124078125
4 0.2490734421875 0.663742775 0.2592202765625 0.672794471875 0.28280431093749997 0.6492329625 0.3201463375 0.6328135687499999 0.322366646875 0.6083499109375 0.31659780312499997 0.592547021875 0.2554311484375 0.6027114328125001 0.245988525 0.6309942546875 0.2490734421875 0.663742775
4 0.31017747500000004 0.69575449375 0.3141094265625 0.7336002359375 0.3186478171875 0.74672670625 0.3283310359375 0.748260378125 0.35399255625000003 0.7324725062499999 0.38302463750000004 0.6849585609375 0.3776392140625 0.66673486875 0.3469756859375 0.6618782421875 0.3148586875 0.6766436671875 0.31017747500000004 0.69575449375
4 0.3222864484375 0.5984110796875 0.3169987984375 0.6422411765625 0.32692261093749997 0.673591340625 0.34735910468750003 0.6594574375 0.37271740625 0.6560292015625 0.375864946875 0.64660159375 0.34887520156249996 0.5976592593750001 0.34195610468750004 0.5891187859375 0.3282783109375 0.5919155015625 0.3222864484375 0.5984110796875
4 0.3657082140625 0.836070903125 0.38523505 0.8590159078124999 0.4069821921875 0.8574972531249999 0.42772190468750004 0.8310037140625001 0.4324031171875 0.8118928890625 0.40426311718749997 0.7702129671875 0.38090210468749996 0.7714760109375 0.374910240625 0.7779715890625 0.3657082140625 0.836070903125
4 0.54059501875 0.7868427546875 0.5351469718749999 0.8107951890624999 0.5413794296875001 0.8341161046875 0.5690558140624999 0.8682779984375 0.5803529015625 0.8700672828125 0.6060770468750001 0.8121032828124999 0.58340266875 0.798585884375 0.5857031765625 0.78406105625 0.558187190625 0.7697768234375 0.5497344234375 0.77091956875 0.54059501875 0.7868427546875
4 0.7433636531250001 0.6973630749999999 0.73684555 0.73851675625 0.7085001046875 0.7712502609375 0.702668640625 0.7976235015625 0.7072070296875 0.8107499734375001 0.725119996875 0.8334393656250001 0.742792365625 0.8263122640624999 0.7758992218749999 0.7844067640625 0.760750378125 0.7547105703125 0.7772549203125 0.702730925 0.769105371875 0.691514034375 0.749355515625 0.6908674968749999 0.7433636531250001 0.6973630749999999
4 0.7454510359375 0.5066157062500001 0.7272348531249999 0.49628595000000003 0.6952782515625 0.5309290359375 0.687066078125 0.561888275 0.7017513046875 0.5840664421875 0.7146622625 0.5861113375 0.7454510359375 0.5066157062500001
4 0.915398459375 0.3945669328125 0.9134385015625 0.400880834375 0.9122509187500001 0.403994540625 0.8927416578124999 0.4331644953125 0.897743665625 0.4538089921875 0.915496234375 0.4566207234375 0.933088403125 0.4395547921875 0.951224390625 0.43994571718750003 0.959213540625 0.43128494531249995 0.954817971875 0.3859211765625 0.9229239937499999 0.3783881359375 0.915398459375 0.3945669328125
4 0.808053590625 0.4247142859375 0.831477228125 0.381275115625 0.8519939187500001 0.37708004375000004 0.855524878125 0.36523163125 0.8432203578124999 0.338467465625 0.8206261796875 0.3348889 0.7952854546875 0.3904320953125 0.7914512765625 0.4146401421875 0.808053590625 0.4247142859375
4 0.6258466968749999 0.4157078078125 0.62600709375 0.4355854703125 0.6361539296875 0.4446371671875 0.6585075109375 0.418399240625 0.6671031000000001 0.38501919687499997 0.6253655046875 0.356074821875 0.6145320328125 0.361803565625 0.60823695 0.3806587796875 0.6258466968749999 0.4157078078125
4 0.5572171296875 0.3998748875 0.5625223546875 0.40815975 0.5846529171875 0.4042202890625 0.594015340625 0.3659986375 0.59046680625 0.32573209062499997 0.5722506218750001 0.3154023328125 0.550583678125 0.32685981875 0.54705271875 0.33870822968750003 0.5572171296875 0.3998748875