4 0.078431371875 0.91176470625 0.0686274515625 0.8676470593750001 0.0016339875000000001 0.8823529406249999 0 0.938725490625 0.009803921875 0.9509803921875 0.042483659374999996 0.9411764703125 0.078431371875 0.91176470625
4 0.1127450984375 0.9068627453125 0.1405228765625 0.8651960781250001 0.151960784375 0.8161764703125 0.14379085 0.7990196078125 0.132352940625 0.7990196078125 0.0866013078125 0.8504901953124999 0.0751633984375 0.8529411765624999 0.071895425 0.8774509796875 0.080065359375 0.91176470625 0.0931372546875 0.919117646875 0.1127450984375 0.9068627453125
4 0.12745097968750002 0.1102941171875 0.12581699375 0.0955882359375 0.1094771234375 0.0857843140625 0.0931372546875 0.0514705875 0.08333333281250001 0.05392156875 0.0735294125 0.0735294125 0.0751633984375 0.10294117656249999 0.0931372546875 0.10294117656249999 0.1078431375 0.125 0.12745097968750002 0.1102941171875
4 0.0473856203125 0.19607843125 0.034313725 0.16176470625 0.01633986875 0.1642156859375 0.0032679734374999997 0.1838235296875 0.0065359484374999995 0.2107843140625 0.0294117640625 0.2181372546875 0.045751634375 0.2107843140625 0.0473856203125 0.19607843125
4 0.20424836562499998 0.16176470625 0.19444444375 0.1299019609375 0.17320261406249998 0.12745097968750002 0.16176470625 0.15931372500000002 0.16176470625 0.20588235312499997 0.1813725484375 0.21323529375 0.20424836562499998 0.1985294125 0.20424836562499998 0.16176470625
4 0.032679739062500004 0.4705882359375 0.062091503125 0.44362745156249994 0.06535947656249999 0.419117646875 0.027777778125000003 0.382352940625 0.009803921875 0.382352940625 0.0065359484374999995 0.41176470624999995 0.01797385625 0.438725490625 0.01960784375 0.4681372546875 0.032679739062500004 0.4705882359375
4 0.26960784375 0.48774509843749997 0.26633986875 0.4607843140625 0.2140522875 0.4607843140625 0.20588235312499997 0.453431371875 0.20588235312499997 0.49754902031250003 0.215686275 0.51960784375 0.23202614375000002 0.5171568625 0.26960784375 0.48774509843749997
4 0.27450980468749997 0.51960784375 0.26797385625 0.5024509796875 0.25326797343749996 0.49754902031250003 0.2124183 0.544117646875 0.2140522875 0.5735294125 0.2434640515625 0.5833333328125 0.26960784375 0.5416666671875 0.27450980468749997 0.51960784375
4 0.30882352968750004 0.6813725484375001 0.3431372546875 0.659313725 0.34150326875000003 0.634803921875 0.3333333328125 0.6200980390625 0.27450980468749997 0.6397058828125 0.26960784375 0.669117646875 0.27777777812500004 0.7009803921875 0.2892156859375 0.7083333328125 0.30882352968750004 0.6813725484375001
4 0.3692810453125 0.7720588234375 0.3921568625 0.7524509796875 0.41339869218749997 0.7009803921875 0.4052287578125 0.6838235296875 0.37418300625 0.6838235296875 0.3447712421875 0.703431371875 0.3431372546875 0.723039215625 0.3529411765625 0.759803921875 0.3594771234375 0.7720588234375 0.3692810453125 0.7720588234375
4 0.37418300625 0.6813725484375001 0.3986928109375 0.6740196078125 0.40032679687500006 0.6642156859375 0.366013071875 0.6200980390625 0.3578431375 0.6127450984375 0.3447712421875 0.6176470593750001 0.33986928125000004 0.625 0.34150326875000003 0.669117646875 0.35620915000000003 0.6985294125 0.37418300625 0.6813725484375001
4 0.46405228750000005 0.8676470593750001 0.48039215625000004 0.83823529375 0.48202614375 0.8186274515624999 0.44771241875 0.7818627453125 0.42483660156249997 0.78676470625 0.419934640625 0.794117646875 0.419934640625 0.8529411765624999 0.44281045781249995 0.8725490203125 0.46405228750000005 0.8676470593750001
4 0.6372549015625 0.8529411765624999 0.653594771875 0.7916666671875 0.6290849671875 0.7818627453125 0.6290849671875 0.7671568625 0.5996732031249999 0.7573529406249999 0.59150326875 0.759803921875 0.5849673203125 0.776960784375 0.5833333328125 0.8014705875000001 0.5931372546875 0.8235294124999999 0.62581699375 0.8529411765624999 0.6372549015625 0.8529411765624999
4 0.7908496734375 0.784313725 0.8169934640625 0.7377450984375 0.7973856203125 0.7107843140625 0.8055555562500001 0.6568627453125 0.795751634375 0.6470588234375 0.776143790625 0.6495098046875001 0.7712418296875 0.6568627453125 0.7712418296875 0.6985294125 0.7483660125 0.7352941171875 0.7467320265625 0.7622549015625 0.7532679734375 0.7745098046875001 0.7745098046875001 0.794117646875 0.7908496734375 0.784313725
4 0.7434640515625001 0.4681372546875 0.723856209375 0.4607843140625 0.69771241875 0.5 0.6944444437499999 0.5318627453125 0.7124183000000001 0.5514705875 0.7254901953124999 0.5514705875 0.7434640515625001 0.4681372546875
4 0.903594771875 0.3921568625 0.918300653125 0.37254902031250003 0.936274509375 0.3700980390625 0.9428104578125 0.3602941171875 0.9313725484375001 0.31617647031249996 0.8986928109375001 0.313725490625 0.89379085 0.330882353125 0.8928427343750001 0.337425125 0.8921568625 0.34068627500000004 0.8774509796875 0.37254902031250003 0.8856209156249999 0.3921568625 0.903594771875 0.3921568625
4 0.828431371875 0.3235294125 0.830065359375 0.311274509375 0.813725490625 0.28676470625 0.7908496734375 0.28676470625 0.7745098046875001 0.3455882359375 0.7745098046875001 0.3700980390625 0.792483659375 0.37745097968749997 0.8088235296875 0.330882353125 0.828431371875 0.3235294125
4 0.62581699375 0.4240196078125 0.64379085 0.39460784375 0.6470588234375 0.3602941171875 0.6013071890624999 0.33823529375 0.59150326875 0.3455882359375 0.58823529375 0.365196078125 0.6111111109375 0.3970588234375 0.614379084375 0.4166666671875 0.62581699375 0.4240196078125
4 0.5686274515624999 0.3921568625 0.571895425 0.3529411765625 0.562091503125 0.313725490625 0.542483659375 0.3063725484375 0.5228758171875 0.32107843125 0.5212418296875 0.3333333328125 0.5408496734375 0.3921568625 0.5473856203125 0.39950980468749997 0.5686274515624999 0.3921568625