2 0.652763715625 0.8290257328124999 0.6075911609375 0.82008040625 0.5548759953125 0.8315397640625 0.5421817375 0.8515448890625 0.5370045171875 0.8915679265625001 0.58336935625 0.8951639578125 0.622586884375 0.920750121875 0.6562766421874999 0.9140343312500001 0.7101649140624999 0.9275426234375 0.777939728125 0.9156964921874999 0.765283825 0.8750677234375001 0.7419165421875 0.8522656843749999 0.71337843125 0.859381034375 0.652763715625 0.8290257328124999
2 0.6005333421875 0.7005914546875001 0.5756863046875 0.7399332281250001 0.69241489375 0.7955634546875 0.7391686390625 0.810850584375 0.7998025328125 0.8108889390625 0.8045844531249999 0.7692804515625 0.7613883859375 0.768262378125 0.7415915609375 0.7395180953125 0.6548233031249999 0.7055795484375 0.612424221875 0.6976267265625 0.6005333421875 0.7005914546875001
2 0.77503944375 0.48868127812499995 0.731033603125 0.5148092484375 0.7416618781250001 0.62835595625 0.7535399734375 0.6456025265625 0.8212764328125 0.6943902875 0.8295968515625001 0.6973678015625 0.8529833124999999 0.68985289375 0.9180357921875 0.5961690640625 0.90580715 0.506597503125 0.884033840625 0.46992596875 0.8297374874999999 0.47504352499999997 0.77503944375 0.48868127812499995
2 0.7267236875 0.4367353984375 0.6458657109375 0.45689555625 0.61256485625 0.47530244687499995 0.614139653125 0.49174989843750005 0.680715790625 0.49535871406250004 0.7187666046875 0.4858715796875 0.7702830921875 0.48986717031250004 0.8531175546875 0.4776342640625 0.895529421875 0.4653757890625 0.9110099390625 0.42615186875 0.9050740875000001 0.4124757609375 0.8844674937500001 0.41087752499999997 0.7267236875 0.4367353984375
2 0.3961572515625 0.5191548671875 0.4135950765625 0.5181751484375 0.41833864375 0.5372005546875 0.5201793343750001 0.5505410296875 0.5566425671874999 0.54481774375 0.562208690625 0.51648580625 0.536061540625 0.5027969109375 0.4310456875 0.4969841296875 0.4001294015625 0.5046924265625 0.3961572515625 0.5191548671875
2 0.7731780234375 0.2988523421875 0.7537445328125 0.32222175625 0.6938884484375001 0.3455656015625 0.6292568359375 0.40041228437500004 0.618143765625 0.42675921250000004 0.660134765625 0.45333788124999996 0.71007645625 0.44088601875 0.752501109375 0.4084162453125 0.7913680859375 0.3616774171875 0.8302158875 0.34525553750000004 0.8440960359374999 0.3300067625 0.8544312968750001 0.2802776359375 0.7890346593750001 0.291530821875 0.7731780234375 0.2988523421875
2 0.7862931484375 0.24001007031250002 0.7977759453125 0.25567118906249997 0.8433565828124999 0.24599067031250002 0.8703326796875 0.2022165703125 0.8481960359375 0.113431340625 0.8074037125 0.0713977234375 0.7725216703125 0.08346281250000001 0.77567765625 0.106252065625 0.7633723015625 0.137948290625 0.7862931484375 0.24001007031250002
2 0.6562776796875001 0.28589864062500003 0.6277459624999999 0.2829083421875 0.5579882703125 0.2969328703125 0.5048714171875 0.31691242656249996 0.4937647390625 0.33315370624999996 0.49613013125 0.35277205624999997 0.5143521578125 0.3650688890625 0.534958753125 0.36666712343749996 0.6173979203125 0.35284876718749997 0.7577102906250001 0.31786496406250003 0.798942659375 0.2907444875 0.7902333359375 0.27607587499999997 0.7759642796875 0.27963355 0.7256400765625 0.2702886625 0.6562776796875001 0.28589864062500003
2 0.6996016 0.084803734375 0.65916621875 0.1049894625 0.667448284375 0.168600871875 0.6860528218749999 0.2026944515625 0.717740525 0.22847400312500002 0.7177149546875 0.26889659843749997 0.7644686984375 0.2841837296875 0.786267578125 0.28043266718750004 0.7965836609375 0.2610204875 0.7598146265625 0.1236792359375 0.7293256015625 0.0824447359375 0.6996016 0.084803734375
2 0.4837928140625 0.434996528125 0.4921132328125 0.43797404218749997 0.5202560453125 0.429273240625 0.4941600359375 0.3347391546875 0.4676111984375 0.3295704609375 0.43550262812499996 0.3426280546875 0.4271758171875 0.3497561890625 0.4315240875 0.3671961453125 0.4837928140625 0.434996528125
2 0.46059173593749997 0.1494476140625 0.4403804375 0.1494348296875 0.41619699062500004 0.1638844875 0.4015134609375 0.1961736578125 0.47598915 0.2415971328125 0.491444096875 0.242795809375 0.50965973125 0.265198290625 0.5441273 0.281864696875 0.5996031515625 0.2916091421875 0.6194255453124999 0.27993082812500003 0.6170601546875 0.2603124765625 0.59884451875 0.23790999687499997 0.46059173593749997 0.1494476140625
4 0.43980615 0.4308075515625 0.444148028125 0.4583531578125 0.4556372171875 0.4639086265625 0.49883967812499996 0.454821053125 0.5404609515625001 0.4393916765625 0.5460142890624999 0.4312710359375 0.5273905734375 0.42749440468750005 0.4933055171875 0.4326247453125 0.46794896406250003 0.4221067515625 0.44654538125 0.4274432640625 0.43980615 0.4308075515625
2 0.2829232578125 0.3486741890625 0.3150254359375 0.3457222453125 0.339610571875 0.32275238906250003 0.3709285484375 0.3065238953125 0.3665866703125 0.2789782890625 0.345584778125 0.2757946046875 0.2825471375 0.3167717921875 0.271835759375 0.33459852031250004 0.2829232578125 0.3486741890625
2 0.3310035296875 0.146393390625 0.3306082328125 0.1448079390625 0.32823005625 0.1454008859375 0.325858271875 0.135888184375 0.323480096875 0.13648112968749998 0.3230848 0.134895678125 0.3183284484375 0.1360815703125 0.3179331515625 0.13449611875 0.31317680000000003 0.1356820109375 0.310008028125 0.13310405625 0.307629853125 0.1336970015625 0.30723455624999996 0.13211155000000002 0.3024782046875 0.1332974421875 0.299309434375 0.1307194875 0.29693125781249996 0.1313124328125 0.2965359609375 0.12972698437500002 0.29177960937499997 0.13091287499999998 0.2913843125 0.129327425 0.28900613750000004 0.1299203703125 0.2886108390625 0.12833491875 0.27870283906250004 0.129121253125 0.2794934328125 0.132292153125 0.2771152578125 0.13288509843750002 0.278696446875 0.1392269 0.2763182703125 0.139819846875 0.277108865625 0.14299074843749998 0.2747306890625 0.14358369375 0.275521284375 0.14675459531249999 0.2731431078125 0.147347540625 0.27393370156249996 0.1505184421875 0.2715555265625 0.1511113875 0.273927309375 0.160624090625 0.2763054859375 0.1600311453125 0.2770960796875 0.1632020453125 0.27947425625 0.1626091 0.279869553125 0.16419455 0.3012731359375 0.1588580390625 0.30087783749999997 0.1572725875 0.32941594687500003 0.1501572375 0.32862535312499996 0.1469863375 0.3310035296875 0.146393390625
2 0.31040971875 0.1245838578125 0.310805015625 0.12616930937499998 0.3207130171875 0.125382975 0.3211083140625 0.12696842656250001 0.325864665625 0.125782534375 0.3262599625 0.12736798437500002 0.33101631249999997 0.1261820921875 0.3282492328125 0.1150839390625 0.330627409375 0.11449099375 0.3294415171875 0.1097346421875 0.33181969218749996 0.1091416953125 0.3310290984375 0.1059707953125 0.335390153125 0.103199453125 0.33499485625 0.10161400312499999 0.3397512078125 0.1004281109375 0.3393559109375 0.09884266093750001 0.3417340875 0.09824971406250001 0.335804628125 0.07446795625 0.3334264515625 0.0750609015625 0.3330311546875 0.0734754515625 0.30924939687499997 0.079404909375 0.3096446953125 0.080990359375 0.302510165625 0.08276919687499999 0.3029054640625 0.0843546484375 0.2957709359375 0.0861334859375 0.29418335624999997 0.08989733125 0.29180517968749997 0.090490278125 0.2925957734375 0.0936611796875 0.28823471875 0.096432521875 0.2874377328125 0.1033672703125 0.28505955625 0.10396021562499999 0.2862454484375 0.1087165671875 0.28386727343749996 0.1093095140625 0.2846578671875 0.1124804140625 0.28227969062499997 0.113073359375 0.2838608796875 0.1194151609375 0.289012528125 0.1198147203125 0.2894078265625 0.121400171875 0.291786003125 0.12080722656250001 0.29218130000000003 0.12239267499999999 0.2969376515625 0.12120678437500002 0.3001064203125 0.123784740625 0.3048627734375 0.12259884843749999 0.3080315421875 0.12517680312499999 0.31040971875 0.1245838578125
2 0.4134426953125 0.1325750359375 0.41939132968750004 0.126039846875 0.417810140625 0.11969804375 0.3853190609375 0.1109588890625 0.37503493906249996 0.0798428234375 0.367116209375 0.0683451109375 0.3714836578125 0.0554681203125 0.3687165765625 0.044369965625 0.3480814875 0.0292694421875 0.3417605125 0.03052939375 0.333452021875 0.03463830625 0.342951940625 0.0524778203125 0.34255025 0.06099801875000001 0.33858449375 0.0653548109375 0.3429327640625 0.08279476718749999 0.3496656 0.089536128125 0.367473153125 0.1305644546875 0.399173640625 0.13613271093749998 0.4134426953125 0.1325750359375
2 0.0958507484375 0.3784765109375 0.079605209375 0.3741069328125 0.069314696875 0.3530965171875 0.0613895734375 0.3517044546875 0.059413087499999996 0.34377720156249997 0.0435628453125 0.3409930734375 0.034050140625 0.34336485781250004 0.026513923437499996 0.3536638921875 0.0138324515625 0.353457721875 0.010261990625 0.35939996406249997 0.0114414890625 0.374261965625 0.024505475 0.39626488593750003 0.048268056250000003 0.42065237499999997 0.07360543281250001 0.4614873140625 0.1045089328125 0.47399031718750007 0.13265174531249999 0.465289515625 0.12197872031250001 0.4224823515625 0.1148505859375 0.4141555421875 0.10969893593749999 0.41375598281250003 0.0958507484375 0.3784765109375
4 0.180922753125 0.5879749390625 0.172602334375 0.5849974234374999 0.16308963125 0.5873692078125 0.14920948125 0.6026179828125 0.1333336671875 0.6402564500000001 0.126160784375 0.7026691828125 0.131688553125 0.7349711390625 0.14317774375 0.7405266078125 0.21253374531250002 0.735022278125 0.226407503125 0.7298791546875 0.23394372031250002 0.7195801187499999 0.2323881015625 0.6728157203125 0.22606334687500002 0.6474485109375 0.2090399953125 0.619696734375 0.200324278125 0.6151337703124999 0.180922753125 0.5879749390625
2 0.40580955156250004 0.9225944953124999 0.4141363625 0.9154663609375 0.411777365625 0.8857423609374999 0.376519203125 0.86590505 0.3531519203125 0.8431030125 0.25132401249999997 0.8095512390625 0.2374502546875 0.8146943656250001 0.22277311875 0.8368778875 0.2338606171875 0.8509535546875 0.2774392 0.8737683781250001 0.2857532265625 0.8868515421875 0.292887753125 0.8850727046875001 0.30595813125000004 0.896969975 0.3523101859375 0.9207773046875 0.363404078125 0.9247473218750001 0.3911452 0.924566721875 0.40580955156250004 0.9225944953124999