2 0.060457515625 0.5514705875 0.034313725 0.6004901953124999 0.0294117640625 0.669117646875 0.071895425 0.6666666671875 0.099673203125 0.6495098046875001 0.099673203125 0.6200980390625 0.14379085 0.5686274515624999 0.1633986921875 0.526960784375 0.1650326796875 0.47303921562499995 0.1486928109375 0.455882353125 0.1111111109375 0.44117647031249996 0.09640522812499999 0.4852941171875 0.062091503125 0.5171568625 0.060457515625 0.5514705875
2 0.12581699375 0.715686275 0.1650326796875 0.73039215625 0.1764705875 0.688725490625 0.20915032656250002 0.6764705875 0.2630718953125 0.6004901953124999 0.2810457515625 0.561274509375 0.2810457515625 0.5490196078125 0.2488836390625 0.515392996875 0.1666666671875 0.615196078125 0.1405228765625 0.6568627453125 0.12581699375 0.715686275
2 0.22875817031249998 0.7720588234375 0.23039215624999998 0.796568628125 0.30555555624999997 0.8823529406249999 0.3954248359375 0.8921568625 0.436274509375 0.8799019609375 0.44444444375 0.8259803921875 0.44444444375 0.76960784375 0.42973856250000003 0.7205882359375 0.3169934640625 0.703431371875 0.2973856203125 0.7107843140625 0.23366013125 0.7647058828125 0.22875817031249998 0.7720588234375
2 0.44444444375 0.7647058828125 0.436274509375 0.848039215625 0.437908496875 0.8921568625 0.47222222187499996 0.9166666671874999 0.4869281046875 0.9142156859374999 0.49346405156250006 0.89460784375 0.5065359484374999 0.7352941171875 0.5065359484374999 0.651960784375 0.49673202656250004 0.615196078125 0.48039215625000004 0.6127450984375 0.4607843140625 0.6764705875 0.4607843140625 0.715686275 0.44444444375 0.7647058828125
2 0.44607843125 0.5073529406249999 0.44281045781249995 0.544117646875 0.4689542484375 0.5563725484375001 0.48856209218749996 0.534313725 0.51960784375 0.43382352968750004 0.51960784375 0.40196078437500005 0.5065359484374999 0.39460784375 0.5032679734375 0.41176470624999995 0.48366013125 0.41176470624999995 0.44607843125 0.5073529406249999
2 0.527777778125 0.7671568625 0.563725490625 0.8161764703125 0.5702614374999999 0.8578431375 0.581699346875 0.875 0.6274509796875 0.8970588234375001 0.6323529406249999 0.830882353125 0.6290849671875 0.813725490625 0.6111111109375 0.7892156859375 0.6029411765625 0.7254901953124999 0.5653594765625 0.6495098046875001 0.542483659375 0.6323529406249999 0.5065359484374999 0.6666666671875 0.5065359484374999 0.7181372546875 0.527777778125 0.7671568625
2 0.6993464046875 0.9313725484375001 0.7908496734375 0.9313725484375001 0.84150326875 0.901960784375 0.83823529375 0.8651960781250001 0.8153594765625 0.8627450984375 0.7875816999999999 0.8431372546875 0.6830065359375 0.840686275 0.6650326796875 0.848039215625 0.6633986921874999 0.89460784375 0.6993464046875 0.9313725484375001
2 0.614379084375 0.6495098046875001 0.614379084375 0.794117646875 0.6307189546874999 0.840686275 0.6470588234375 0.8357843140625001 0.6470588234375 0.8210784312499999 0.668300653125 0.7745098046875001 0.669934640625 0.703431371875 0.6797385625000001 0.6764705875 0.6830065359375 0.60539215625 0.6764705875 0.5490196078125 0.6633986921874999 0.534313725 0.64379085 0.5318627453125 0.6274509796875 0.546568628125 0.6209150328125 0.5661764703125 0.614379084375 0.6495098046875001
2 0.671568628125 0.7671568625 0.6454248359375 0.8088235296875 0.64379085 0.830882353125 0.66013071875 0.8455882359375 0.8022875812500001 0.8431372546875 0.8496732031249999 0.8235294124999999 0.8545751640624999 0.794117646875 0.8447712421875 0.75 0.7810457515625 0.7426470593750001 0.7434640515625001 0.7524509796875 0.7107843140625 0.776960784375 0.671568628125 0.7671568625
2 0.563725490625 0.53676470625 0.66176470625 0.534313725 0.6732026140625 0.509803921875 0.668300653125 0.4754901953125 0.6633986921874999 0.46568627500000004 0.6454248359375 0.46568627500000004 0.5669934640625 0.5 0.562091503125 0.5073529406249999 0.563725490625 0.53676470625
2 0.7254901953124999 0.5661764703125 0.7009803921875 0.5955882359375 0.678104575 0.6470588234375 0.6846405234375 0.669117646875 0.704248365625 0.671568628125 0.73039215625 0.659313725 0.8496732031249999 0.546568628125 0.8545751640624999 0.526960784375 0.846405228125 0.5 0.8186274515624999 0.4779411765625 0.7565359484374999 0.5392156859375 0.7516339875 0.55392156875 0.7254901953124999 0.5661764703125
4 0.5490196078125 0.55392156875 0.5555555562500001 0.561274509375 0.563725490625 0.544117646875 0.5669934640625 0.509803921875 0.5833333328125 0.48774509843749997 0.5833333328125 0.46568627500000004 0.581699346875 0.4583333328125 0.55392156875 0.455882353125 0.545751634375 0.46568627500000004 0.544117646875 0.509803921875 0.5490196078125 0.55392156875
2 0.7107843140625 0.38725490156250003 0.7189542484375 0.421568628125 0.7467320265625 0.4240196078125 0.7549019609375 0.4044117640625 0.73039215625 0.3333333328125 0.715686275 0.3186274515625 0.6993464046875 0.3259803921875 0.6944444437499999 0.3578431375 0.7107843140625 0.38725490156250003
2 0.8807189546874999 0.367647059375 0.8790849671875 0.367647059375 0.8790849671875 0.3897058828125 0.8807189546874999 0.3897058828125 0.8807189546874999 0.419117646875 0.8839869281249999 0.419117646875 0.8839869281249999 0.421568628125 0.8856209156249999 0.421568628125 0.8856209156249999 0.419117646875 0.8954248359375001 0.419117646875 0.8954248359375001 0.4166666671875 0.8970588234375001 0.4166666671875 0.8970588234375001 0.41176470624999995 0.8986928109375001 0.41176470624999995 0.8986928109375001 0.4068627453125 0.901960784375 0.4044117640625 0.901960784375 0.40196078437500005 0.903594771875 0.40196078437500005 0.903594771875 0.3970588234375 0.9068627453125 0.39460784375 0.9068627453125 0.3921568625 0.90849673125 0.3921568625 0.90849673125 0.38725490156250003 0.91013071875 0.38725490156250003 0.91013071875 0.384803921875 0.91176470625 0.384803921875 0.9133986921874999 0.375 0.91013071875 0.375 0.91013071875 0.37254902031250003 0.903594771875 0.37254902031250003 0.903594771875 0.3700980390625 0.9003267968750001 0.3700980390625 0.9003267968750001 0.367647059375 0.8970588234375001 0.367647059375 0.8970588234375001 0.365196078125 0.89379085 0.365196078125 0.89379085 0.36274509843749997 0.8839869281249999 0.36274509843749997 0.8839869281249999 0.365196078125 0.8807189546874999 0.365196078125 0.8807189546874999 0.367647059375
2 0.918300653125 0.3897058828125 0.9166666671874999 0.3897058828125 0.9166666671874999 0.39460784375 0.9133986921874999 0.3970588234375 0.9133986921874999 0.40196078437500005 0.91013071875 0.4044117640625 0.91013071875 0.4068627453125 0.90849673125 0.4068627453125 0.9068627453125 0.4166666671875 0.9052287578125 0.4166666671875 0.9052287578125 0.421568628125 0.903594771875 0.421568628125 0.903594771875 0.4264705875 0.9150326796874999 0.4264705875 0.9150326796874999 0.42892156875 0.919934640625 0.42892156875 0.919934640625 0.43137254843750006 0.9232026140625 0.43137254843750006 0.9248366015625 0.436274509375 0.9264705875000001 0.436274509375 0.9264705875000001 0.44117647031249996 0.9281045750000001 0.44117647031249996 0.9281045750000001 0.44362745156249994 0.9526143796875 0.44362745156249994 0.9526143796875 0.44117647031249996 0.954248365625 0.44117647031249996 0.954248365625 0.4166666671875 0.9526143796875 0.4166666671875 0.9526143796875 0.40931372499999996 0.9509803921875 0.40931372499999996 0.9509803921875 0.40196078437500005 0.9477124187499999 0.39950980468749997 0.9477124187499999 0.3970588234375 0.9444444437499999 0.3970588234375 0.9428104578125 0.3921568625 0.936274509375 0.3897058828125 0.936274509375 0.38725490156250003 0.9313725484375001 0.38725490156250003 0.9313725484375001 0.384803921875 0.9281045750000001 0.384803921875 0.9281045750000001 0.382352940625 0.921568628125 0.382352940625 0.919934640625 0.38725490156250003 0.918300653125 0.38725490156250003 0.918300653125 0.3897058828125
2 0.9640522875 0.453431371875 0.9607843140625001 0.4485294125 0.9428104578125 0.4485294125 0.9346405234375 0.453431371875 0.8905228765625001 0.4607843140625 0.8774509796875 0.490196078125 0.8774509796875 0.5049019609375 0.8823529406249999 0.5122549015625 0.8888888890625 0.5122549015625 0.9052287578125 0.4828431375 0.937908496875 0.48039215625000004 0.9509803921875 0.4754901953125 0.9624183000000001 0.4828431375 0.973856209375 0.4828431375 0.9935002624999999 0.4664741453125 0.9938069203125 0.46003612031249996 0.9918300656250001 0.4509803921875 0.972222221875 0.455882353125 0.9640522875 0.453431371875
2 0.6405228765625 0.0955882359375 0.6209150328125 0.12254902031249999 0.6225490203125 0.151960784375 0.6666666671875 0.151960784375 0.6764705875 0.1470588234375 0.678104575 0.14215686249999998 0.715686275 0.1372549015625 0.723856209375 0.12254902031249999 0.7467320265625 0.117647059375 0.75 0.1102941171875 0.758169934375 0.1102941171875 0.7647058828125 0.0955882359375 0.7647058828125 0.0857843140625 0.7565359484374999 0.0759803921875 0.759803921875 0.063725490625 0.7549019609375 0.0588235296875 0.740196078125 0.0563725484375 0.715686275 0.063725490625 0.686274509375 0.080882353125 0.6405228765625 0.0955882359375
4 0.3431372546875 0.17892156875 0.3513071890625 0.188725490625 0.3970588234375 0.1985294125 0.4232026140625 0.1985294125 0.454248365625 0.188725490625 0.4607843140625 0.1813725484375 0.491830065625 0.169117646875 0.49673202656250004 0.16176470625 0.49673202656250004 0.151960784375 0.4852941171875 0.134803921875 0.4526143796875 0.1102941171875 0.39379084999999997 0.08823529375 0.3611111109375 0.0857843140625 0.3529411765625 0.0955882359375 0.34150326875000003 0.1642156859375 0.3431372546875 0.17892156875
2 0.1764705875 0.1985294125 0.1764705875 0.20588235312499997 0.16176470625 0.215686275 0.12745097968750002 0.2549019609375 0.1209150328125 0.2647058828125 0.114379084375 0.2916666671875 0.1127450984375 0.3063725484375 0.117647059375 0.31617647031249996 0.1470588234375 0.32107843125 0.1748366015625 0.2916666671875 0.2026143796875 0.27450980468749997 0.259803921875 0.1838235296875 0.258169934375 0.169117646875 0.24019607812500002 0.1495098046875 0.223856209375 0.1568627453125 0.1911764703125 0.1936274515625 0.1764705875 0.1985294125