0 0.4227495171875 0.7062540875 0.44270296093750006 0.6516757265625001 0.47544265 0.5998151671875 0.47109013906249997 0.5652788140625 0.46115200156249997 0.54916173125 0.39299556562500004 0.5318737015624999 0.373135996875 0.5388561515625 0.334224353125 0.5725992234375 0.32487254375 0.5930189015625 0.3210124859375 0.642615215625 0.3358560484375 0.6513721796875 0.381288103125 0.649825328125 0.387570640625 0.659563521875 0.38644810625 0.7041398515624999 0.4227495171875 0.7062540875
0 1 0.0960151125 0.95877409375 0.086345146875 0.9392629796874999 0.1074063296875 0.9034206078125001 0.11099153125000001 0.8834504546874999 0.126353275 0.84580534375 0.18557395625 0.7636462546875 0.2577403625 0.7229151640625 0.3079022984375 0.7046705828125 0.3544410890625 0.674098796875 0.4039615171875 0.5573805734375 0.5444073484375 0.5577290296874999 0.55848608125 0.5694866125 0.5581842984375001 0.594931809375 0.532782578125 0.6217708265625 0.5636957859375 0.6751608703125 0.4854143296875 0.6960490984375001 0.481451459375 0.731559721875 0.503004140625 0.7678444265625 0.46590176406249995 0.8480734875 0.41853351562499996 0.8756865859375 0.39079166249999997 0.8980625109375 0.3955478125 0.9570715968749999 0.37728031562500003 1 0.3815060546875 1 0.0960151125
2 0.8829977843749999 0.4035494375 0.8713507828125 0.395471925 0.8496717671875 0.418873240625 0.770012328125 0.46356163281249996 0.6778212234375001 0.567206865625 0.6688178687499999 0.6017052734375 0.6805921609375 0.6406201078125 0.7164345328125 0.63703490625 0.8220920828124999 0.5250483218750001 0.88494451875 0.4179678953125 0.8829977843749999 0.4035494375
2 0.8187849406250001 0.5327481671875 0.8159535421875 0.5853640640625 0.8385506328125001 0.573361625 0.8870352515625 0.5024402875 0.9049313781249999 0.4418227640625 0.8939645796875 0.4226861015625 0.8625853015624999 0.4524283609375 0.8187849406250001 0.5327481671875
2 0.6231479421875 0.5807941 0.6699571109375 0.5963455609375 0.6794195046875 0.567546590625 0.7044056640624999 0.53644543125 0.7135195999999999 0.4935677296875 0.6870290375 0.47673325312500003 0.6343191984375001 0.543955559375 0.6231479421875 0.5807941
2 0.5597863484375 0.56452524375 0.5461926109374999 0.542029275 0.5253043828124999 0.54599214375 0.46243524062499997 0.61385595625 0.44053506093749994 0.6540158578125 0.4359780921875 0.6754547093750001 0.48163131249999996 0.6571492703125 0.4954295078125 0.6236700359375 0.517108521875 0.600268721875 0.5526024390625001 0.5826047890625 0.5597863484375 0.56452524375
2 0.54337791875 0.6338617859375 0.5736179578125 0.609479240625 0.6003296859375 0.6095551265625 0.61172210625 0.5559579984374999 0.6049805296875 0.540520365625 0.589567346875 0.5344432609374999 0.5515737796875 0.57958520625 0.54337791875 0.6338617859375
2 0.4321013265625 0.6858344109375001 0.4235570109375 0.7260322578125 0.44811754531250003 0.767664890625 0.47905449375 0.771439809375 0.4970779078125 0.74165960625 0.49979872500000005 0.697423003125 0.48460670625 0.674587309375 0.45640728125 0.665792403125 0.4321013265625 0.6858344109375001
2 0.5454352390625 0.63990095 0.53791958125 0.6831183765625 0.5444399921875 0.715314596875 0.5715001765625 0.729469215625 0.5996828953125 0.6990475078125 0.610964734375 0.6538296734375 0.6018173828125 0.6182741468749999 0.5757858578125 0.6071391078125 0.5454352390625 0.63990095
2 0.5208747046875 0.598268315625 0.48995446249999997 0.6337100125 0.4863155703125 0.6665477390625 0.5018560421875 0.7034621671875 0.5237729296875 0.702518878125 0.5363213015625 0.6827786515625001 0.5508935765625 0.5906443578125 0.54666835625 0.5869453265625 0.5208747046875 0.598268315625
0 0.6510864234375 0.24501876406249998 0.658950534375 0.2158800671875 0.648442775 0.20244284218750003 0.5854630515625 0.27868594999999996 0.553735315625 0.2943494765625 0.5249829765625 0.327451040625 0.5004558546875 0.3642516375 0.4722898421875 0.4338899625 0.5440851703125 0.41834026562500004 0.6182528578125 0.344475234375 0.654742021875 0.2513976515625 0.6510864234375 0.24501876406249998