0 0.348039215625 0.6273972609375 0.3545751640625 0.676712328125 0.3709150328125 0.68219178125 0.4150326796875 0.6712328765625 0.4232026140625 0.6794520546875 0.43137254843750006 0.723287671875 0.4673202609375 0.71780821875 0.4754901953125 0.6602739718749999 0.49673202656250004 0.6027397265625 0.4852941171875 0.5698630140625001 0.47222222187499996 0.5561643828125 0.40196078437500005 0.5534246578124999 0.383986928125 0.5643835609375001 0.3529411765625 0.6054794515624999 0.348039215625 0.6273972609375
0 1 0.024657534375 0.9934640515625001 0.0027397265625 0.8627450984375 0 0.848039215625 0.024657534375 0.813725490625 0.0356164390625 0.7973856203125 0.0547945203125 0.7728758171875 0.12054794531249999 0.707516340625 0.20821917812500002 0.678104575 0.265753425 0.669934640625 0.31506849375 0.6503267968750001 0.3698630140625 0.5653594765625 0.53150685 0.5686274515624999 0.5452054796875 0.580065359375 0.542465753125 0.5996732031249999 0.5123287671875 0.6323529406249999 0.5369863015624999 0.668300653125 0.44931506875 0.687908496875 0.44109589062500004 0.7271241828125 0.4547945203125 0.7549019609375 0.41095890468749996 0.8235294124999999 0.34794520625 0.8447712421875 0.31506849375 0.8676470593750001 0.31506849375 0.921568628125 0.28493150625 0.9705882359375 0.2794520546875 1 0.2547945203125 1 0.024657534375
2 0.687908496875 0.5287671234375 0.686274509375 0.5643835609375001 0.705882353125 0.6 0.740196078125 0.5890410953125 0.8202614374999999 0.457534246875 0.8594771234374999 0.33972602812499997 0.8545751640624999 0.326027396875 0.84150326875 0.3205479453125 0.8251633984375 0.34794520625 0.7565359484374999 0.40821917812499997 0.687908496875 0.5287671234375
2 0.8267973859375 0.51780821875 0.846405228125 0.5013698625 0.8790849671875 0.4219178078125 0.8839869281249999 0.358904109375 0.8692810453125001 0.342465753125 0.8447712421875 0.3780821921875 0.8186274515624999 0.46575342500000005 0.8267973859375 0.51780821875
2 0.686274509375 0.558904109375 0.689542484375 0.5287671234375 0.707516340625 0.49315068437500004 0.707516340625 0.44931506875 0.678104575 0.43835616406250005 0.6405228765625 0.5150684937500001 0.6372549015625 0.5534246578124999 0.686274509375 0.558904109375
2 0.47385620937499995 0.6630136984375 0.47385620937499995 0.68493150625 0.5147058828125 0.657534246875 0.5212418296875 0.6219178078125001 0.5375816999999999 0.5945205484375 0.5686274515624999 0.5698630140625001 0.571895425 0.55068493125 0.55392156875 0.53150685 0.534313725 0.539726028125 0.4869281046875 0.6191780828125 0.47385620937499995 0.6630136984375
2 0.5947712421875 0.591780821875 0.6209150328125 0.5863013703125 0.6209150328125 0.53150685 0.6111111109375 0.51780821875 0.5947712421875 0.5150684937500001 0.5669934640625 0.5671232875000001 0.5702614374999999 0.6219178078125001 0.5947712421875 0.591780821875
2 0.5049019609375 0.7726027390625 0.5359477125 0.7698630140625 0.5473856203125 0.7369863015625 0.5408496734375 0.693150684375 0.5212418296875 0.673972603125 0.491830065625 0.6712328765625 0.47222222187499996 0.6958904109375 0.47222222187499996 0.7369863015625 0.5049019609375 0.7726027390625
2 0.58823529375 0.7013698625 0.6176470593750001 0.709589040625 0.6388888890625 0.673972603125 0.6405228765625 0.6273972609375 0.62418300625 0.5945205484375 0.596405228125 0.5890410953125 0.5735294125 0.6273972609375 0.5751633984375 0.6712328765625 0.58823529375 0.7013698625
2 0.5212418296875 0.665753425 0.544117646875 0.6986301375 0.5653594765625 0.693150684375 0.5735294125 0.6712328765625 0.5686274515624999 0.5780821921875 0.563725490625 0.575342465625 0.5408496734375 0.591780821875 0.51797385625 0.6328767125 0.5212418296875 0.665753425
0 0.48856209218749996 0.326027396875 0.47222222187499996 0.3671232875 0.4591503265625 0.44109589062500004 0.526143790625 0.41095890468749996 0.5833333328125 0.323287671875 0.5996732031249999 0.224657534375 0.5947712421875 0.2191780828125 0.596405228125 0.1890410953125 0.5833333328125 0.17808219218750002 0.5375816999999999 0.265753425 0.509803921875 0.2876712328125 0.48856209218749996 0.326027396875