2 0.946645775 0.49424352968749996 0.9551368374999999 0.4534339453125 0.9318290921875001 0.1386578828125 0.8995447562500001 0.1139636578125 0.861346540625 0.11936963125 0.8340817765624999 0.14978884374999998 0.8232034203125 0.19913745 0.8275185578125 0.3372941703125 0.8214974359375 0.481107496875 0.84048856875 0.5265084328125 0.8619481625000001 0.543694703125 0.8664792546875001 0.585643578125 0.9021002921875001 0.5909469859375001 0.912816315625 0.580949659375 0.9146064203125001 0.541740790625 0.946645775 0.49424352968749996
2 0.8607001578125001 0.5392115734375 0.8468097625000001 0.5292484359375 0.8301247593750001 0.49498411875 0.8255385734375 0.37867339843750003 0.8201667875 0.3650816 0.8102102906249999 0.3663974921875 0.79490955625 0.39130250625 0.76908415625 0.555252896875 0.767430315625 0.649147971875 0.7518585328125 0.6958989859375 0.7464331265624999 0.7391637515625 0.771013475 0.8331670484375 0.7814584484375 0.8450157234375 0.7961083703125 0.846297425 0.8121686328125 0.8127109734375001 0.841251046875 0.7802638140625 0.8548152968749999 0.73771110625 0.866099490625 0.5899842953125 0.8594796984374999 0.5719093671875 0.8607001578125001 0.5392115734375
2 0.6500063078125 1 0.6894366140625 0.9594352484374999 0.6892191828125 0.9244246859375 0.708968365625 0.8299257765625001 0.7040575109375 0.7923176203125 0.678094371875 0.770363396875 0.6355824921875 0.7688310625 0.6090772578125 0.7905688375000001 0.6009659593750001 0.8270377046874999 0.5999093125 0.9516026249999999 0.6190903249999999 0.9948332015625001 0.6310101390625 1 0.6500063078125 1
2 0.561869 0.5240020921874999 0.54732779375 0.540225671875 0.5387555640625 0.6007108953125 0.5283381375 0.6260431453125 0.5345781640625 0.648458790625 0.53422595 0.6899804296875 0.555794259375 0.7246719828125 0.5686265296874999 0.72798163125 0.583844621875 0.59153385 0.5831662609375 0.5805396453125 0.5742678890625 0.5885090234375 0.5599977296875001 0.582886603125 0.561869 0.5240020921874999
2 0.7190532734375 0.387743740625 0.72065349375 0.3507052296875 0.7134640578125 0.3391413796875 0.6917334140625 0.3438011078125 0.6280344640625 0.43445491093750005 0.5993318140625 0.4625613515625 0.5948558187499999 0.494974321875 0.5645253984374999 0.5229383546874999 0.5656110703125 0.5667727640625 0.5579607015625 0.5792252718750001 0.5618946 0.5905042984375 0.573099103125 0.5936715375 0.5787419375 0.5854173375 0.6078519 0.5901510984375 0.6250789984375 0.58072341875 0.645073159375 0.558415996875 0.6506072796875 0.5326565140625 0.7069544578125 0.4697901421875 0.7190532734375 0.387743740625
2 0.5950476484375 0.4634826796875 0.5929589484375 0.48735662656249995 0.5992801421875 0.49009662968749995 0.6032952078125 0.4817000171875 0.6093989734374999 0.44942945781250004 0.5950476484375 0.4634826796875
2 0.622287815625 0.6583193625 0.63962363125 0.6663969640625 0.6592916468750001 0.5915736953125 0.6485205265625 0.5272091765625 0.632921196875 0.5367792671875 0.6114079828125 0.5764495609375 0.601261603125 0.5799358109375 0.59993243125 0.5951283218750001 0.622287815625 0.6583193625
2 0.7540896640625 0.211991015625 0.735343509375 0.2387815671875 0.7113908546875 0.47506585625 0.7209951359375 0.5152716046875 0.7341260046875 0.5339161781249999 0.77482023125 0.5374764609375 0.7991541265625 0.4280698640625 0.8176277546874999 0.29190690468749997 0.8186307828125001 0.224198546875 0.8056897984375 0.2033836140625 0.76787134375 0.20444887031249998 0.7540896640625 0.211991015625
2 0.6121616046875 0.042894490625 0.6084451343749999 0.0666260265625 0.6256997828124999 0.09437926875 0.6479189046875 0.1028841046875 0.663409521875 0.07580873125000001 0.679198734375 0.0640682796875 0.6825354390625 0.0446774609375 0.69957265625 0.0374201390625 0.7037776046875 0.02685316875 0.69984370625 0.015574140625 0.662405015625 0.0122986796875 0.6546734812499999 0.044426828125 0.6527471171875 0.0289494921875 0.62833058125 0.026813323437499998 0.6121616046875 0.042894490625
2 0.572711890625 1 0.5735127906249999 0.9908456843750001 0.5751405593750001 0.9909880953125001 0.5762798499999999 0.9779659421875 0.5779076187500001 0.9781083546874999 0.5782873828125 0.9737676359374999 0.581732803125 0.9718821 0.581922684375 0.9697117421874999 0.583550453125 0.9698541531249999 0.5837403343750001 0.96768379375 0.5853681046875 0.9678262046875 0.58574786875 0.9634854875000001 0.5891932875 0.9615999515625001 0.5903325781250001 0.9485777984375 0.588704809375 0.9484353875 0.589084571875 0.9440946703125 0.5860189171875 0.9416394875 0.5862087984375 0.9394691296875 0.5798876046875 0.9367291249999999 0.5800774859375 0.9345587671875 0.5703108718750001 0.9337042984374999 0.5701209890625 0.93587465625 0.5652376828125 0.935447421875 0.5650478 0.9376177828125 0.5617922625 0.937332959375 0.5597847296875 0.941531265625 0.558156959375 0.9413888546875 0.557967078125 0.9435592125 0.556339309375 0.9434168015625 0.556149428125 0.9455871609375001 0.5545216578125001 0.9454447500000001 0.5543317765625 0.9476151078124999 0.5527040078125001 0.9474726953125 0.5523242453125 0.9518134140625 0.550696475 0.9516710015625 0.549367303125 0.9668635140624999 0.550995071875 0.9670059265625 0.5500456625 0.9778577187499999 0.55167343125 0.9780001296874999 0.5505341406250001 0.9910222828125 0.5521619109375 0.9911646953125001 0.551388921875 1 0.572711890625 1
0 0.701935359375 0.25413701093749996 0.7177245703125 0.24239655937500001 0.7161779687500001 0.2225785078125 0.7308278921875 0.223860209375 0.7694870390624999 0.1944378765625 0.772335265625 0.1618824953125 0.7663662859375 0.11762085 0.7734194609375 0.0744984953125 0.7692956796875 0.0653898265625 0.73378335625 0.0775917 0.7133282671875001 0.12391548125 0.7068171890625 0.1233458359375 0.7012555218750001 0.111924396875 0.7048632765625 0.0706875796875 0.69528654375 0.0676627515625 0.69449946875 0.039163265625 0.6827253203125 0.042507103125 0.677570965625 0.06392586875 0.632997934375 0.1234484015625 0.6290915828125 0.149350296875 0.6059506 0.1888781765625 0.5840315515625 0.3269266734375 0.5575538609375 0.38584537343749997 0.5662899015625 0.4172272765625 0.56363155625 0.4476123 0.5907615328125 0.49372529062500004 0.6005005999999999 0.45739883593749997 0.6292032515625 0.4292923953125 0.676543340625 0.35689011875 0.7099394171875 0.331381271875 0.6966998359375001 0.2952314171875 0.701935359375 0.25413701093749996
0 0.673235659375 0.54468026875 0.7081507921875 0.50180855 0.7079333609375 0.46679798437500003 0.6501482953125 0.5273515875 0.658233521875 0.5849202078125 0.655765059375 0.613134871875 0.634360559375 0.6703104468750001 0.6274972671875 0.711262440625 0.6350664687500001 0.718485575 0.6333575312499999 0.738018803125 0.6163478609374999 0.7824570484375 0.6339547249999999 0.7686886515625 0.6587510234375 0.766484103125 0.6619790140624999 0.729588003125 0.6851475453125 0.72724104375 0.69339510625 0.7454583828125 0.6925529359375 0.64259705 0.6791510187500001 0.6457984765625 0.6752982890625 0.6148438078125 0.6812933390625 0.5650679671875001 0.673235659375 0.54468026875