0 0.34553344531249996 0.549280421875 0.2899856 0.566350109375 0.29019706875 0.602712421875 0.33477105625000003 0.60392436875 0.34416710156249997 0.6107079546875 0.3402446390625 0.6559967906249999 0.34821274999999996 0.6712783140624999 0.3979431140625 0.6700192171875 0.41882424374999994 0.6617489062499999 0.45455755 0.6246565656249999 0.4625698 0.6051896484375 0.44887249531249995 0.5362218328125 0.433297621875 0.5254538125 0.39903639375 0.5192997734375 0.34553344531249996 0.549280421875
0 0.644639115625 0 0.644216415625 0.0007041859375 0.64647278125 0.04997745625 0.625142021875 0.10794962500000001 0.6287205874999999 0.130543803125 0.599571596875 0.1566671609375 0.5480693999999999 0.234307209375 0.509118875 0.2686003984375 0.5287835375000001 0.3051903359375 0.52373289375 0.3258425375 0.4427645 0.3750624765625 0.47223069687499997 0.40348258281250005 0.44553208906249997 0.4275634859375 0.44461537656249994 0.4392891609375 0.45865657656250003 0.4403739640625 0.6050184921875 0.331166065625 0.6560710578125 0.30322787500000004 0.7035009171875 0.28744395 0.7557258078125 0.249393953125 0.8320931874999999 0.1711243578125 0.8932029015625 0.13663020937499998 0.90958875 0.11749139687500001 0.9150448828125001 0.08188577968750001 0.937098334375 0.0635036625 0.9256714421875 0 0.644639115625 0
2 0.37448020312499997 0.2766902296875 0.3690240703125 0.312295846875 0.4072693546875 0.326090646875 0.4421916828125 0.3189051375 0.550519784375 0.23226475156249998 0.599315984375 0.1550532921875 0.6238198203125 0.1346287171875 0.6163629359375 0.12257493281250001 0.602066121875 0.1198762640625 0.49184300312499996 0.1770384046875 0.37448020312499997 0.2766902296875
2 0.43128865625 0.1800118515625 0.483980628125 0.1799380359375 0.5664826921875 0.14040131718749999 0.59782645625 0.11062163124999999 0.5792899765625 0.09866832812500001 0.5178189171875001 0.11336745156250001 0.44445728593749995 0.1580738890625 0.43128865625 0.1800118515625
2 0.4126813453125 0.32523347187499996 0.425761690625 0.3727923921875 0.46313440312500004 0.36356442499999997 0.5330232046875001 0.3144449671875 0.5175982078125 0.287109659375 0.47430228124999996 0.29396706093749997 0.44193607031250004 0.3172912671875 0.4126813453125 0.32523347187499996
2 0.3762602484375 0.4980918390625 0.3421047546875 0.51011895625 0.321435096875 0.5547515781250001 0.3430830609375 0.5513228781249999 0.3843340921875 0.5315545187499999 0.455395215625 0.472323253125 0.46044585937500004 0.451671053125 0.43869216250000004 0.436918596875 0.4202614171875 0.44314644999999997 0.4007640828125 0.4776672640625 0.3762602484375 0.4980918390625
2 0.3945236640625 0.4207532328125 0.3685918921875 0.44967574375 0.423223025 0.44433173281249994 0.4702915359375 0.40875278125000003 0.4650294234375 0.3930426703125 0.4499657734375 0.3855023890625 0.3958458640625 0.394074140625 0.3945236640625 0.4207532328125
2 0.2278359859375 0.5067107390625 0.22998661718750002 0.5378028546875 0.2702767953125 0.5645086125 0.3108667265625 0.5580798 0.33215334375 0.534856071875 0.324846334375 0.506235003125 0.302837025 0.489868678125 0.2585186484375 0.4902706 0.2278359859375 0.5067107390625
2 0.27458729375 0.41658832031250004 0.28730629375 0.44435221562500005 0.31911713750000004 0.4525487109375 0.3626686765625 0.44730517968749994 0.3969740484375 0.4187107765625 0.3872166546875 0.3921321640625 0.3521885890625 0.381136515625 0.30644227968750004 0.390036375 0.27458729375 0.41658832031250004
2 0.296913809375 0.4874981140625 0.3329643203125 0.504949240625 0.36594748906249996 0.5030339296874999 0.40295885625 0.4740109375 0.41561626250000006 0.44884523437499996 0.41214343124999997 0.44443221250000003 0.31937275 0.45416257968749996 0.299002846875 0.46566063125 0.296913809375 0.4874981140625
0 0.6615005015625 0.390048740625 0.5838550625 0.46024898593749997 0.5645691984375001 0.5311321140625 0.63558618125 0.506649290625 0.6736199953125 0.4840817765625 0.7081809765625 0.45710124375000005 0.7254835374999999 0.4262367546875 0.8049182593750001 0.3673335984375 0.792049384375 0.356136990625 0.7625390453125 0.36246532343750004 0.75636021875 0.35848088749999996 0.6615005015625 0.390048740625