2 0.20227343437499998 0.9779156640625001 0.517229928125 0.95718821875 0.5564606296875 0.9431001953125 0.5990366328125 0.904762303125 0.637614790625 0.8975328015624999 0.646023440625 0.88552970625 0.6358141546875 0.850993421875 0.5936429171875 0.8523445796875 0.5736373046875001 0.833485696875 0.526035153125 0.8209979734375 0.3844593859375 0.8469754437500001 0.24704664687500003 0.8619300000000001 0.199692271875 0.8795704890625 0.17336361875 0.9108034500000001 0.17332641875000002 0.9493822890624999 0.20227343437499998 0.9779156640625001
2 0.4334038203125 0.8071672828124999 0.4108706296875 0.8257852203124999 0.410953221875 0.8358279578125 0.425160353125 0.839255853125 0.5409774203125 0.8276100828124999 0.5772303828124999 0.8393640375 0.5890297296875 0.8517326515624999 0.6212394546875 0.8459734171875001 0.640059775 0.8500132421875 0.7847784640625 0.8182792671874999 0.825029271875 0.79892483125 0.85311316875 0.7656096734375 0.884137603125 0.745031378125 0.8808294984374999 0.73070240625 0.8676424765625 0.7220080984374999 0.7711330875 0.7107496953125 0.72904444375 0.72214359375 0.6849155796875 0.7440703156249999 0.59216445625 0.75877573125 0.4334038203125 0.8071672828124999
2 1 0.5471828953125 0.9611123484374999 0.5360860640625 0.8379067421874999 0.5544685140625 0.8029216625 0.5675763578125 0.785084253125 0.5968489609375001 0.7925181859375 0.6387338578125 0.817872121875 0.6613888875 0.8557977359375 0.6610179078125 0.9466284343750001 0.6283092156250001 0.9813285374999999 0.6236520015625 1 0.599591721875 1 0.5471828953125
2 0.5904300265625 0.54787825 0.5979837515625 0.56122704375 0.5913303453125 0.571147940625 0.6023119640625 0.570289603125 0.7353138968749999 0.5362297500000001 0.7302505515625 0.5239829765625 0.6928948859374999 0.5074527 0.65182635 0.5135801812499999 0.6287604078125 0.5105205374999999 0.6051245171875 0.52436215 0.5464209546875 0.5412688718750001 0.53237900625 0.55792645 0.5904300265625 0.54787825
2 0.47675001874999995 0.6035755765624999 0.45291174375 0.6359105546875 0.3720053578125 0.7116061609375001 0.3704152984375 0.7337738328125 0.3828671859375 0.739283925 0.419322534375 0.7325445125 0.4988866359375 0.709144790625 0.5532991843749999 0.644596671875 0.5780377765625 0.6355313812500001 0.59734545625 0.6126272109374999 0.6042838374999999 0.594255684375 0.5955448203125 0.5660878312500001 0.6029333625 0.55935115 0.59823758125 0.5486964828125 0.5865208265625 0.54637060625 0.5752542328125 0.555679575 0.53169531875 0.5607050390625 0.5082246109375 0.594632128125 0.47675001874999995 0.6035755765624999
2 0.504010134375 0.5996922375 0.50041705625 0.5938138953125 0.47706613906250006 0.5992048796875 0.4651470015625 0.61537236875 0.4962540265625 0.6048368109375 0.504010134375 0.5996922375
2 0.5476144406250001 0.64328835 0.6128516187499999 0.6449968359375 0.684209453125 0.6151068421875 0.6737977828124999 0.5990639234375 0.608110446875 0.5857205921874999 0.593250771875 0.58915121875 0.591210553125 0.5996840453125001 0.5549203890625 0.62650893125 0.5476144406250001 0.64328835
2 0.24881406093749997 0.8439958671875001 0.2712274609375 0.8539140328125001 0.33813729062500003 0.8434975843749999 0.47040409062500005 0.80625351875 0.5753593265625 0.766929984375 0.56617015 0.7271272859375 0.5458795609375 0.7167190296875 0.504728434375 0.7128037765624999 0.2740772125 0.7694077421875 0.25015634531250003 0.791699984375 0.2446056390625 0.80639720625 0.24881406093749997 0.8439958671875001
2 0.09325038125 0.7381247546874999 0.10267914062500001 0.7208552453125 0.1273351421875 0.70174721875 0.1158207703125 0.6809279765625 0.0859362390625 0.667703753125 0.06295288906249999 0.6746868453125 0.0492785078125 0.6929365328125 0.054792014062500005 0.7168181515625001 0.0703868234375 0.716571740625 0.0396473640625 0.72869940625 0.048101407812500004 0.765317890625 0.05981816250000001 0.7676437671875 0.0696970796875 0.762009103125 0.0745126515625 0.744127665625 0.09325038125 0.7381247546874999
2 1 0.4818300203125 0.9936442484375 0.48329736093750003 0.99327668125 0.4817052515625 0.9805398171874999 0.48464578906250005 0.9801722515625 0.48305368125000003 0.9695581984375 0.485504128125 0.96919063125 0.48391202031249997 0.95433095625 0.487342646875 0.9546985234375001 0.48893475468750003 0.950452903125 0.48991493437500006 0.9508204703124999 0.491507040625 0.9486976593750001 0.4919971296875 0.9490652265625 0.49358923906249996 0.9469424156249999 0.49407932812500005 0.9473099828124999 0.495671434375 0.9451871734375 0.49616152500000005 0.945554740625 0.49775363281249996 0.9416766859375001 0.5003259203125 0.9424118203124999 0.5035101359375 0.940289009375 0.504000225 0.9413917093749999 0.50877655 0.9392689000000001 0.5092666390625 0.9414743031249999 0.5188192859375 0.9435971125 0.518329196875 0.9471901921875 0.5242075390625 0.9493130015625001 0.52371745 0.952170946875 0.526411575 0.9564165687499999 0.525431396875 0.9567841359375 0.5270235046875 0.9695209984375 0.5240829687499999 0.9709086750000001 0.5204086640625001 0.9751542953125 0.519428484375 0.974786728125 0.5178363765625 0.9769095406250001 0.5173462859375 0.9765419734374999 0.5157541796875 0.9786647828125 0.515264090625 0.980052459375 0.511589784375 0.9842980812500001 0.5106096046874999 0.9839305140624999 0.5090174984375 0.996667378125 0.5060769609375 0.9962998109375001 0.504484853125 1 0.503630596875 1 0.4818300203125
0 0.1456227109375 0.6841094609375 0.0928828140625 0.7365326453125001 0.0723898421875 0.74461775625 0.07071719062500001 0.756742690625 0.09904886093750001 0.75355574375 0.103377075 0.7626183015625 0.1437104765625 0.753306603125 0.155794796875 0.7572245875 0.157265065625 0.76359301875 0.114238903125 0.790296065625 0.1070981375 0.827160959375 0.11669208125 0.8299769250000001 0.1584131609375 0.8169909203125 0.203074775 0.8167417796875001 0.23491693281249998 0.8093904375 0.258672615625 0.767012721875 0.25536451250000003 0.75268375 0.27520494218749997 0.751457159375 0.2846337015625 0.734187653125 0.32459953750000003 0.7232838453125 0.36224017656249996 0.7313634921875 0.3828529390625 0.6947422796875 0.44796213281249997 0.6377864515625 0.47180040781250004 0.6054514703125 0.5064179203125 0.59075151875 0.45697793437499995 0.57030325625 0.4272585859375 0.577164509375 0.39496626875 0.5728810046875 0.3403059421875 0.6073009140625001 0.20665146562499997 0.648219284375 0.17072887187500002 0.6766362796875 0.1456227109375 0.6841094609375
0 0.7269506390625 0.5968544234375 0.6873523734375 0.6093503390625 0.6337121578125 0.6385038328125 0.6061156203125 0.6448749953124999 0.5479820078125 0.6448804578125 0.4960598359375 0.7105305953125 0.530759940625 0.70587338125 0.5683551875 0.6653314499999999 0.5896658859375 0.67047329375 0.6381229625 0.6576091296875 0.6693125796875 0.6571163078125 0.6680074953124999 0.67083335 0.7699849953125 0.65735179375 0.7507971078125 0.6517198625 0.749896790625 0.628450171875 0.7859845703125 0.6201186515625 0.7847166859375 0.595256853125 0.7959006890625 0.5759051484375 0.7542622015625 0.598933890625 0.7351569078125 0.6033446953125 0.7269506390625 0.5968544234375