2 0.1494110625 0.6719334921875 0.14551065000000002 0.6869480296875 0.124140428125 0.69990821875 0.1140349296875 0.7677719187500001 0.0873965234375 0.7761865671875 0.07398556875 0.796780075 0.0775885015625 0.812907903125 0.0905879953125 0.8218267515625 0.13045385625 0.8255909671874999 0.15171009687499998 0.8110007703125 0.2064492546875 0.70889441875 0.238425365625 0.6706229375 0.2401601359375 0.624638275 0.2346639875 0.61683271875 0.2197712796875 0.616236140625 0.1841922375 0.63837979375 0.1494110625 0.6719334921875
4 0 0.30264423281249997 0.0767380359375 0.305194515625 0.09071889375 0.29275104218750003 0.1048832515625 0.2475351953125 0.11259514531249999 0.1454413546875 0.10751045781249999 0.1081234421875 0.062331945312500005 0.0637812984375 0.044406209375 0.055206928125 0.012043690625 0.052556004687500005 0 0.054292676562499996 0 0.30264423281249997
5 0.1548295609375 0.2538704703125 0.10716287499999999 0.2801353265625 0.1081887046875 0.29480538749999996 0.13544148281249999 0.3305731578125 0.177770465625 0.334165134375 0.22354393749999998 0.3162225484375 0.28462157499999996 0.2693641828125 0.2639602921875 0.2216696515625 0.2228406375 0.1999753640625 0.2055987890625 0.20118103125000003 0.1548295609375 0.2538704703125
4 0.160503565625 0.4058055625 0.1202262453125 0.4315537046875 0.1342515671875 0.4551426125 0.14880233125 0.45084916875000003 0.15710354375 0.46337250937499996 0.1900359671875 0.474173465625 0.2160600046875 0.4215764015625 0.26493601875 0.37720923281249996 0.258300059375 0.3531036109375 0.20801180625 0.341878315625 0.178568334375 0.34557518125 0.160503565625 0.4058055625
4 0.26950654531249996 0.0886056875 0.29292842812500003 0.104985615625 0.2991084640625 0.12257121093750001 0.3166922546875 0.1262555640625 0.3251074484375 0.140408909375 0.34435649218750003 0.13251097812499998 0.34287473749999997 0.11132089062499999 0.31785711875 0.07212086875 0.27742135 0.060206621875 0.26950654531249996 0.0886056875
2 0.2716916 0.2260429578125 0.2822724359375 0.271166428125 0.3023193484375 0.27467854062499997 0.3203145984375 0.2488505375 0.3134506765625 0.2214849 0.30314226875 0.215653828125 0.27862503906249997 0.21900621562499997 0.2716916 0.2260429578125
0 0.5116345390625 0.4009078171875 0.5087599578125 0.4305924109375 0.4706482765625 0.48731067968749997 0.45046233124999996 0.5526033203125 0.4223866328125 0.5758602640625 0.37312421093750003 0.5793050281250001 0.38366058281250004 0.5883961156249999 0.38491437500000003 0.6063261875 0.40788033281249997 0.6161860906250001 0.4421360671875 0.6105147421875 0.49700861874999996 0.6165055421875001 0.5040560375 0.6110988078124999 0.5004531046875 0.5949709796875 0.5212534203125 0.57386075625 0.5168081546875001 0.5102904968749999 0.5576553828125 0.4926923890625 0.5620117203125 0.4841978796875 0.5587507296875 0.47296007187500005 0.53017464375 0.45366460625 0.530016196875 0.41600221406250004 0.5116345390625 0.4009078171875
0 0.20969647187499998 0.4367631765625 0.21546504687499998 0.48386112968750006 0.188757121875 0.526678153125 0.175162671875 0.58004403125 0.20271292968750002 0.5846694390625 0.2722057625 0.5519644171875 0.280348528125 0.5268253656249999 0.2998255359375 0.5221874468750001 0.2936455 0.50460185 0.300350975 0.4943050953125 0.2913658765625 0.47200171874999997 0.29310064687500004 0.42601705624999997 0.269153321875 0.43751947968750005 0.20969647187499998 0.4367631765625
0 0.3316431984375 0.4462535765625 0.3141733890625 0.44419922968750003 0.29985058750000004 0.45175268593749995 0.2973624140625 0.522359684375 0.28292563125000003 0.528283134375 0.27925318125 0.5465576828125001 0.2883967265625 0.606523453125 0.310792778125 0.608233321875 0.3300418234375 0.6003353890625001 0.336291375 0.5835186078125 0.368951371875 0.55502716875 0.390505090625 0.5092946078125 0.3835271890625 0.48029896406250006 0.3629103703125 0.46863681718750005 0.33088979531249996 0.4708759140625 0.3316431984375 0.4462535765625
4 0.2587002390625 0.6773950640625 0.23687409375000001 0.683835228125 0.24271218593750002 0.6965308046875001 0.23388553124999997 0.7118898171875 0.2504879578125 0.73693649375 0.2547052609375 0.7972467375 0.259175578125 0.7903822359375 0.2842627140625 0.7951798796875 0.318518446875 0.7895085328125 0.34912678124999996 0.7316769734374999 0.34089508749999997 0.68475125625 0.28333145000000004 0.6756726828125 0.26900865 0.6832261390625 0.2587002390625 0.6773950640625
4 0.5201524328125 0.7704949796875 0.5200384515625001 0.7688649734374999 0.5151122109374999 0.76920945 0.5149982296875 0.7675794421875 0.5100719875 0.76792391875 0.50995800625 0.7662939125 0.500105521875 0.7669828640625 0.49999154062500006 0.765352859375 0.49752841875 0.765525096875 0.4974144375 0.7638950906249999 0.4949513171875 0.764067328125 0.49226023281250003 0.760979553125 0.48487087031250004 0.76149626875 0.48498485156250004 0.7631262734375001 0.48252173125000003 0.7632985125 0.48263571250000004 0.76492851875 0.47782345 0.766903003125 0.4758162546875 0.7735952671875 0.4733531328125 0.7737675046875 0.4736950765625 0.7786575250000001 0.4712319546875 0.7788297640625 0.47168787968750003 0.785349790625 0.46922475781250006 0.785522028125 0.4695667015625 0.7904120484375 0.46710358125000007 0.7905842875 0.4676734859375 0.7987343203124999 0.4701366078125 0.7985620812499999 0.4702505890625 0.8001920874999999 0.47517683125000004 0.7998476109375 0.47529081250000005 0.8014776171875001 0.48760641875 0.8006164265625 0.4877204 0.802246434375 0.5024991265625001 0.8012130046875001 0.5026131078125 0.8028430109375 0.505076228125 0.802670771875 0.504962246875 0.8010407671875001 0.519740975 0.8000073375 0.51962699375 0.7983773296875001 0.524553234375 0.7980328531249999 0.524439253125 0.796402846875 0.5269023749999999 0.7962306078125 0.52656043125 0.7913405890625 0.5290235515624999 0.79116835 0.5287955906249999 0.7879083375 0.5312587109375 0.7877360984374999 0.5309167671874999 0.7828460796875001 0.5333798890625 0.782673840625 0.5326960015625 0.772893803125 0.53023288125 0.7730660406250001 0.527541796875 0.7699782640625 0.5201524328125 0.7704949796875
2 0.414941525 0.89414840625 0.41459958124999996 0.8892583859375 0.4121364625 0.8894306249999999 0.41179451875 0.8845406046875001 0.40933139687500003 0.8847128421875 0.4061843890625 0.8751050421875 0.4037212671875 0.87527728125 0.40360728593750006 0.8736472734375 0.3985670625 0.8723617421875 0.3983391 0.8691017296875 0.3958759796875 0.86927396875 0.3957619984375 0.8676439609375001 0.390721775 0.8663584312499999 0.39049381250000004 0.8630984187499999 0.388030690625 0.8632706578124999 0.387916709375 0.86164065 0.3780642265625 0.862329603125 0.3784061703125 0.8672196234375 0.380869290625 0.8670473843750001 0.381325215625 0.8735674109374999 0.3837883359375 0.8733951718749999 0.384244259375 0.8799151999999999 0.38670738125000004 0.8797429609374999 0.3872772875 0.8878929937500001 0.3897404078125 0.88772075625 0.3900823515625 0.892610775 0.3925454734375 0.8924385375 0.3930013984375 0.8989585640625 0.39546451875 0.8987863265625 0.39592044375 0.9053063515625001 0.398383565625 0.9051341140625 0.3986115265625 0.9083941265625001 0.40107464843749996 0.9082218890625 0.40376573281250006 0.9113096640625 0.408691975 0.9109651890625001 0.40880595625 0.91259519375 0.4161953171875 0.9120784796875 0.4160813375 0.9104484734374999 0.42089359843749996 0.908473990625 0.4202097109375 0.89869395 0.417746590625 0.8988661890625 0.417404646875 0.8939761687500001 0.414941525 0.89414840625
2 0.15785694687500001 0.4387501703125 0.1331117546875 0.43884254531250005 0.12583637187500002 0.44098926718750003 0.12955328593749998 0.458747103125 0.12239188593749999 0.46252382968749994 0.12387364218750001 0.4837139171875 0.07976542343750001 0.4900742171875 0.060516379687499997 0.49797214843750004 0.0408114109375 0.49935005468749993 0.038804214062499995 0.5060423203125 0.0267165703125 0.5101635234375 0.0274004578125 0.5199435640625001 0.0353597265625 0.52757688125 0.03358049375 0.5375291609375 0.0387346984375 0.5404446968750001 0.0537413859375 0.5426712796875 0.069204 0.551417890625 0.0839827265625 0.5503844625000001 0.1488912609375 0.5229139375 0.1804559109375 0.514154815625 0.2065244125 0.49759013437500005 0.2032634234375 0.4863523265625 0.1927270515625 0.477261240625 0.159224721875 0.4583102515625 0.15785694687500001 0.4387501703125
4 0 0.49818204218749995 0.0011735109375 0.498845853125 0.025804721875 0.4971234703125 0.059718510937500004 0.486562103125 0.09397424531250001 0.4808907546875 0.11322328906250001 0.47299282187499997 0.12955328593749998 0.458747103125 0.12583637187500002 0.44098926718750003 0.1179910859375 0.4349859546875 0.112266975 0.42392038593750003 0.10464964843749999 0.4211770875 0.101730603125 0.4148292984375 0.0939992953125 0.41045599375 0.0440529875 0.40412071875000005 0.0194217765625 0.4058431015625 0 0.41076863281250003 0 0.49818204218749995
0 0.3260192984375 0.1534489625 0.31972528125 0.134233359375 0.3145710765625 0.13131782187500002 0.289825884375 0.1314101984375 0.287590725 0.13484245 0.2925169671875 0.1344979734375 0.2976711734375 0.13741350937500002 0.298127096875 0.1439335359375 0.2956639765625 0.144105775 0.2961199015625 0.1506258 0.2936567796875 0.1507980390625 0.294568628125 0.16383809062500002 0.2921055078125 0.1640103296875 0.2926754140625 0.1721603625 0.2902122921875 0.1723326 0.2907821984375 0.180482634375 0.2883190765625 0.1806548734375 0.2890029640625 0.1904349125 0.2865398421875 0.19060715 0.2868817859375 0.1954971703125 0.2844186640625 0.1956694078125 0.2848745890625 0.2021894359375 0.2899148125 0.20347496562499998 0.29071268125 0.2148850125 0.2956389234375 0.21454053593750003 0.300793128125 0.217456071875 0.3081824921875 0.2169393578125 0.309961725 0.20698707968750002 0.312424846875 0.20681484062500002 0.312196884375 0.203554828125 0.31712312656249997 0.20321035156249997 0.32303073437499996 0.1815035515625 0.32549385625 0.1813313125 0.327387071875 0.1730090421875 0.3320853515625 0.1694045515625 0.331401465625 0.1596245125 0.32893834375000003 0.1597967515625 0.32848241875 0.1532767234375 0.3260192984375 0.1534489625