2 0.5032679734375 0.84150326875 0.48801742968750006 0.8643790843750001 0.44662309375 0.8725490203125 0.44444444375 0.90849673125 0.45533769062499996 0.918300653125 0.4945533765625 0.9166666671874999 0.544662309375 0.9444444437499999 0.5860566453125 0.9493464046875 0.8976034859375 0.8986928109375001 0.919389978125 0.8643790843750001 0.9106753812499999 0.8267973859375 0.8779956421874999 0.8022875812500001 0.8278867109375 0.795751634375 0.6906318078125 0.812091503125 0.546840959375 0.8186274515624999 0.5032679734375 0.84150326875
2 0.18082788593750002 0.8251633984375 0.215686275 0.83823529375 0.25054466249999996 0.8643790843750001 0.294117646875 0.87418300625 0.44226579531250004 0.8725490203125 0.4596949890625 0.8643790843750001 0.492374728125 0.8627450984375 0.5010893249999999 0.848039215625 0.5337690625 0.828431371875 0.6492374734374999 0.813725490625 0.66230936875 0.8071895421875 0.66013071875 0.7973856203125 0.633986928125 0.784313725 0.4684095859375 0.7728758171875 0.37472766874999996 0.7794117640625 0.3267973859375 0.76797385625 0.2832244015625 0.76633986875 0.1917211328125 0.7990196078125 0.18082788593750002 0.810457515625 0.18082788593750002 0.8251633984375
2 0.008714596875 0.687908496875 0.0588235296875 0.7287581703125 0.09368191718749999 0.7254901953124999 0.18954248437500001 0.7369281046875 0.2265795203125 0.7287581703125 0.2461873640625 0.7009803921875 0.24400871406250002 0.65849673125 0.2200435734375 0.633986928125 0.1830065359375 0.6290849671875 0.0588235296875 0.6388888890625 0.01742919375 0.66176470625 0.008714596875 0.687908496875
2 0.2810457515625 0.5751633984375 0.27886710312499996 0.58823529375 0.4161220046875 0.59150326875 0.42701525 0.58986928125 0.41830065312500003 0.581699346875 0.42265795156249997 0.5669934640625 0.48148148125 0.563725490625 0.46405228750000005 0.5506535953125 0.40305010937499997 0.5473856203125 0.37690631875 0.5392156859375 0.355119825 0.5473856203125 0.313725490625 0.5506535953125 0.2810457515625 0.5751633984375
2 0.4217705140625 0.5858869125 0.419591865625 0.6152986765625 0.43048511093749997 0.6316385453125 0.454450253125 0.6496124015625 0.48059404375000003 0.6528803765625 0.5481321703125 0.7035339703125 0.630920840625 0.70843593125 0.667957878125 0.70680194375 0.6788511234375 0.698632009375 0.6723151765625001 0.6773901796875 0.576454609375 0.6218346234375 0.5459535203125 0.5956908328125 0.5132737828125 0.594056846875 0.48277269218749996 0.56627906875 0.43919970781249995 0.5711810296875 0.4261278125 0.56464508125 0.41523456718749996 0.5695470421875 0.4130559171875 0.5809849515625001 0.4217705140625 0.5858869125
2 0.5599128546875 0.6045751640625 0.544662309375 0.59150326875 0.5206971671875 0.59150326875 0.51851851875 0.598039215625 0.527233115625 0.6013071890624999 0.5599128546875 0.6045751640625
2 0.42265795156249997 0.6666666671875 0.4858387796875 0.6503267968750001 0.47494553437500003 0.635620915625 0.43355119843749995 0.6176470593750001 0.4291939 0.6078431375 0.4139433546875 0.6078431375 0.3529411765625 0.635620915625 0.34640522812499996 0.653594771875 0.42265795156249997 0.6666666671875
2 0.486618309375 0.777040746875 0.5977294203125 0.7917466296875 0.7349843218750001 0.7982825765625 0.8025224484375 0.7933806156250001 0.8221302921874999 0.778674734375 0.81777299375 0.741093034375 0.809058396875 0.7280211390625 0.78073595625 0.7116812703125001 0.5432631890625 0.7084132953125 0.504047503125 0.7214851906249999 0.486618309375 0.7361910734375 0.486618309375 0.777040746875
2 1 0.6192810453125001 0.9673202609375 0.614379084375 0.98257080625 0.6111111109375 0.98257080625 0.5866013078125001 0.9651416125000001 0.571895425 0.9411764703125 0.5702614374999999 0.9150326796874999 0.58986928125 0.90849673125 0.6127450984375 0.936819171875 0.62581699375 0.9498910671875 0.6405228765625 0.9694989109375 0.6421568625 0.9782135078125 0.65849673125 0.989106753125 0.66176470625 1 0.6568627453125 1 0.6192810453125001
2 0 0.6127450984375 0.00217865 0.6127450984375 0.00217865 0.614379084375 0.0065359484374999995 0.614379084375 0.0065359484374999995 0.616013071875 0.01742919375 0.616013071875 0.01742919375 0.6176470593750001 0.030501089062499997 0.6176470593750001 0.030501089062499997 0.6192810453125001 0.0348583875 0.6192810453125001 0.037037037499999995 0.6225490203125 0.0392156859375 0.6225490203125 0.0392156859375 0.62418300625 0.0413943359375 0.62418300625 0.0413943359375 0.62581699375 0.045751634375 0.62581699375 0.0479302828125 0.6290849671875 0.061002178124999994 0.6290849671875 0.061002178124999994 0.6274509796875 0.06535947656249999 0.6274509796875 0.0675381265625 0.62418300625 0.069716775 0.62418300625 0.071895425 0.6176470593750001 0.0740740734375 0.6176470593750001 0.0740740734375 0.6078431375 0.071895425 0.6078431375 0.071895425 0.6029411765625 0.069716775 0.6029411765625 0.069716775 0.5996732031249999 0.06535947656249999 0.598039215625 0.06535947656249999 0.596405228125 0.063180828125 0.596405228125 0.063180828125 0.5947712421875 0.061002178124999994 0.5947712421875 0.061002178124999994 0.5931372546875 0.0588235296875 0.5931372546875 0.0588235296875 0.59150326875 0.05446623125 0.59150326875 0.05446623125 0.58986928125 0.0392156859375 0.58986928125 0.0392156859375 0.59150326875 0.028322440625 0.59150326875 0.028322440625 0.5931372546875 0.015250545312499999 0.5931372546875 0.015250545312499999 0.5947712421875 0 0.5947712421875 0 0.6127450984375
0 0.5141612203125 0.58986928125 0.5511982578125 0.596405228125 0.581699346875 0.6225490203125 0.6579520703124999 0.6633986921874999 0.686274509375 0.6944444437499999 0.721132896875 0.678104575 0.7625272328125 0.6797385625000001 0.775599128125 0.6944444437499999 0.795206971875 0.6911764703125 0.795206971875 0.705882353125 0.8278867109375 0.741830065625 0.8605664484375 0.741830065625 0.9041394328125 0.73202614375 0.9477124187499999 0.7352941171875 0.956427015625 0.73039215625 0.9411764703125 0.69607843125 0.8932461875 0.6797385625000001 0.8932461875 0.6732026140625 0.9041394328125 0.6666666671875 0.9455337687500001 0.6666666671875 0.9477124187499999 0.6568627453125 0.9760348578125001 0.653594771875 0.971677559375 0.6421568625 0.9498910671875 0.6388888890625 0.8867102390625 0.5996732031249999 0.8605664484375 0.598039215625 0.8191721140625001 0.578431371875 0.6797385625000001 0.5686274515624999 0.6187363828125 0.5473856203125 0.58823529375 0.5588235296875 0.5577342046875 0.5588235296875 0.5141612203125 0.58986928125
0 0.2897603484375 0.704248365625 0.2723311546875 0.7140522875 0.37472766874999996 0.704248365625 0.3703703703125 0.6911764703125 0.40087145937499996 0.6846405234375 0.4509803921875 0.686274509375 0.4705882359375 0.6764705875 0.51633986875 0.707516340625 0.5511982578125 0.704248365625 0.4858387796875 0.651960784375 0.4291939 0.6650326796875 0.40087145937499996 0.6650326796875 0.3420479296875 0.6486928109375001 0.3006535953125 0.6454248359375 0.294117646875 0.653594771875 0.27450980468749997 0.653594771875 0.22875817031249998 0.6405228765625 0.24400871406250002 0.6568627453125 0.2483660125 0.6813725484375001 0.28540305 0.6813725484375001 0.2897603484375 0.704248365625