2 0.08333333281250001 0.6953316953125 0.08496732031250001 0.778869778125 0.099673203125 0.8009828015625 0.11601307187500001 0.7886977890625 0.1290849671875 0.7567567562499999 0.1650326796875 0.7321867328125 0.171568628125 0.6928746921875 0.1830065359375 0.6707616703125 0.18464052343749998 0.6265356265625 0.19444444375 0.5896805890625 0.1813725484375 0.5626535625 0.1486928109375 0.5601965609375 0.1290849671875 0.597051596875 0.114379084375 0.646191646875 0.08333333281250001 0.6953316953125
4 0.1813725484375 0.6240786234375 0.1813725484375 0.6584766578125001 0.1911764703125 0.702702703125 0.26960784375 0.702702703125 0.349673203125 0.6535626531250001 0.3594771234375 0.61916461875 0.3529411765625 0.584766584375 0.330065359375 0.574938575 0.2908496734375 0.574938575 0.2271241828125 0.6044226046875 0.187908496875 0.6117936125 0.1813725484375 0.6240786234375
2 0.071895425 0.552825553125 0.07679738593749999 0.5380835375 0.114379084375 0.5380835375 0.1078431375 0.50614250625 0.099673203125 0.49877149843749996 0.055555556250000006 0.484029484375 0.0032679734374999997 0.484029484375 0 0.54299754375 0.008169934375 0.55036855 0.071895425 0.552825553125
2 0.12418300625 0.5921375921875 0.150326796875 0.5651105656250001 0.150326796875 0.5552825546875 0.132352940625 0.5356265359375 0.0490196078125 0.5331695328125 0.0310457515625 0.552825553125 0.098039215625 0.5675675671875 0.12418300625 0.5921375921875
2 0.11601307187500001 1 0.114379084375 0.9606879609375 0.117647059375 0.9484029484375001 0.1290849671875 0.94348894375 0.1290849671875 0.9238329234375 0.11601307187500001 0.8943488937499999 0.1013071890625 0.8894348890625 0.09640522812499999 0.9017199015624999 0.0392156859375 0.9090909093749999 0.0016339875000000001 0.933660934375 0 1 0.11601307187500001 1
2 0.042483659374999996 0.710073709375 0.042483659374999996 0.6879606875000001 0.032679739062500004 0.6707616703125 0 0.6609336609375001 0.0016339875000000001 0.8329238328124999 0.045751634375 0.778869778125 0.055555556250000006 0.7297297296874999 0.042483659374999996 0.710073709375
2 0.2794117640625 0.50614250625 0.34640522812499996 0.496314496875 0.3431372546875 0.4447174453125 0.295751634375 0.43980343906249997 0.2614379078125 0.44963145000000004 0.23692810468749997 0.484029484375 0.2794117640625 0.50614250625
4 0.40849673124999997 0.5356265359375 0.4166666671875 0.552825553125 0.42973856250000003 0.552825553125 0.5065359484374999 0.5307125312500001 0.534313725 0.5331695328125 0.542483659375 0.51842751875 0.5392156859375 0.48157248125 0.5130718953125 0.4766584765625 0.4166666671875 0.49385749375000004 0.4068627453125 0.503685503125 0.40849673124999997 0.5356265359375
2 0.5375816999999999 0.572481571875 0.5735294125 0.609336609375 0.616013071875 0.6019656015625 0.62581699375 0.5823095828125 0.6307189546874999 0.5479115484375 0.6225490203125 0.5110565109375 0.60620915 0.49385749375000004 0.571895425 0.48648648593750005 0.560457515625 0.49140049062499996 0.5392156859375 0.5307125312500001 0.5375816999999999 0.572481571875
4 0.562091503125 0.471744471875 0.563725490625 0.44717444687499996 0.55228758125 0.4299754296875 0.49673202656250004 0.41523341562500005 0.4771241828125 0.42751842812499996 0.48366013125 0.484029484375 0.562091503125 0.471744471875
2 0.534313725 0.49385749375000004 0.542483659375 0.5110565109375 0.580065359375 0.4889434890625 0.6274509796875 0.5135135140625 0.6323529406249999 0.48648648593750005 0.6274509796875 0.4643734640625 0.6045751640625 0.459459459375 0.5473856203125 0.471744471875 0.534313725 0.48157248125 0.534313725 0.49385749375000004
2 0.5359477125 0.3390663390625 0.5294117640625 0.3390663390625 0.5294117640625 0.3415233421875 0.51797385625 0.3415233421875 0.51797385625 0.34398034375000003 0.5130718953125 0.346437346875 0.5130718953125 0.3488943484375 0.509803921875 0.3488943484375 0.509803921875 0.353808353125 0.5065359484374999 0.35626535625 0.5065359484374999 0.366093365625 0.5049019609375 0.366093365625 0.5065359484374999 0.3759213765625 0.5114379078125 0.37837837812499997 0.5114379078125 0.38083538125 0.5653594765625 0.37837837812499997 0.5653594765625 0.3759213765625 0.5702614374999999 0.3734643734375 0.5702614374999999 0.36855036874999997 0.5735294125 0.366093365625 0.5735294125 0.3636363640625 0.581699346875 0.36117936093749997 0.581699346875 0.353808353125 0.578431371875 0.353808353125 0.578431371875 0.3488943484375 0.5767973859375 0.3488943484375 0.5767973859375 0.34398034375000003 0.5751633984375 0.34398034375000003 0.5735294125 0.33660933593750003 0.5702614374999999 0.33660933593750003 0.5702614374999999 0.334152334375 0.5588235296875 0.334152334375 0.5588235296875 0.33169533125 0.5473856203125 0.33169533125 0.5473856203125 0.334152334375 0.5359477125 0.33660933593750003 0.5359477125 0.3390663390625
2 0.571895425 0.3513513515625 0.5702614374999999 0.3513513515625 0.5686274515624999 0.36855036874999997 0.5702614374999999 0.36855036874999997 0.5702614374999999 0.3734643734375 0.571895425 0.3734643734375 0.571895425 0.3759213765625 0.5735294125 0.3759213765625 0.5735294125 0.38083538125 0.5767973859375 0.38083538125 0.5767973859375 0.3832923828125 0.581699346875 0.3832923828125 0.581699346875 0.38083538125 0.6127450984375 0.38083538125 0.6127450984375 0.37837837812499997 0.6192810453125001 0.37837837812499997 0.6192810453125001 0.3759213765625 0.6274509796875 0.3759213765625 0.6274509796875 0.3734643734375 0.6307189546874999 0.3734643734375 0.6307189546874999 0.3710073703125 0.633986928125 0.3710073703125 0.633986928125 0.36855036874999997 0.6372549015625 0.36855036874999997 0.6372549015625 0.3636363640625 0.6388888890625 0.3636363640625 0.6388888890625 0.35626535625 0.6372549015625 0.35626535625 0.6372549015625 0.3513513515625 0.633986928125 0.3513513515625 0.633986928125 0.3488943484375 0.6192810453125001 0.3488943484375 0.6192810453125001 0.346437346875 0.6127450984375 0.346437346875 0.6127450984375 0.34398034375000003 0.60620915 0.34398034375000003 0.60620915 0.3415233421875 0.5751633984375 0.3415233421875 0.5735294125 0.346437346875 0.571895425 0.346437346875 0.571895425 0.3513513515625
2 0.4754901953125 0.353808353125 0.47385620937499995 0.353808353125 0.47385620937499995 0.36117936093749997 0.47222222187499996 0.36117936093749997 0.47222222187499996 0.38083538125 0.4754901953125 0.3832923828125 0.4754901953125 0.38574938593749997 0.48039215625000004 0.38574938593749997 0.48039215625000004 0.3832923828125 0.508169934375 0.3832923828125 0.508169934375 0.38083538125 0.509803921875 0.38083538125 0.509803921875 0.37837837812499997 0.508169934375 0.37837837812499997 0.508169934375 0.36117936093749997 0.5049019609375 0.358722359375 0.5049019609375 0.35626535625 0.491830065625 0.353808353125 0.491830065625 0.3513513515625 0.4852941171875 0.3513513515625 0.4852941171875 0.3488943484375 0.4787581703125 0.3488943484375 0.4787581703125 0.3513513515625 0.4754901953125 0.3513513515625 0.4754901953125 0.353808353125
4 0.8545751640624999 0.7518427515624999 0.8823529406249999 0.8132678125 1 0.81818181875 0.9983660125 0.64373464375 0.9754901953124999 0.6289926296874999 0.8088235296875 0.6240786234375 0.795751634375 0.6363636359375 0.7973856203125 0.7223587218749999 0.8545751640624999 0.7518427515624999
2 0.7516339875 0.4791154796875 0.794117646875 0.496314496875 0.84150326875 0.496314496875 0.85620915 0.48648648593750005 0.85620915 0.46191646249999996 0.831699346875 0.42014742031249996 0.741830065625 0.390663390625 0.7271241828125 0.40049140000000005 0.7205882359375 0.43488943437499994 0.7516339875 0.4791154796875
2 0.8545751640624999 0.45700245625 0.9150326796874999 0.4643734640625 0.9983660125 0.44226044218749994 1 0.358722359375 0.9754901953124999 0.35626535625 0.8676470593750001 0.40786240781250005 0.8545751640624999 0.43488943437499994 0.8545751640624999 0.45700245625
2 0.8349673203125001 0.353808353125 0.8235294124999999 0.35626535625 0.813725490625 0.3636363640625 0.8022875812500001 0.37837837812499997 0.8022875812500001 0.3832923828125 0.8186274515624999 0.38574938593749997 0.8251633984375 0.3955773953125 0.828431371875 0.41277641249999997 0.8333333328125001 0.41523341562500005 0.8447712421875 0.3980343984375 0.8676470593750001 0.38574938593749997 0.8709150328125 0.3759213765625 0.87581699375 0.3759213765625 0.8839869281249999 0.366093365625 0.8888888890625 0.366093365625 0.8954248359375001 0.358722359375 0.90849673125 0.3636363640625 0.9166666671874999 0.35626535625 0.9150326796874999 0.33169533125 0.91176470625 0.32432432499999997 0.9068627453125 0.321867321875 0.9052287578125 0.3120393125 0.8856209156249999 0.3120393125 0.8627450984375 0.334152334375 0.8578431375 0.334152334375 0.8349673203125001 0.353808353125
4 0.919934640625 0.289926290625 0.919934640625 0.2874692875 0.90849673125 0.285012284375 0.90849673125 0.28255528281250003 0.903594771875 0.28255528281250003 0.903594771875 0.2800982796875 0.8954248359375001 0.277641278125 0.8954248359375001 0.2800982796875 0.8839869281249999 0.2800982796875 0.8839869281249999 0.28255528281250003 0.8807189546874999 0.28255528281250003 0.8807189546874999 0.285012284375 0.8790849671875 0.285012284375 0.8790849671875 0.2874692875 0.87581699375 0.2874692875 0.87581699375 0.289926290625 0.87418300625 0.289926290625 0.8725490203125 0.3022113015625 0.8709150328125 0.3022113015625 0.8709150328125 0.3144963140625 0.8725490203125 0.3144963140625 0.8725490203125 0.31941031875000003 0.87581699375 0.321867321875 0.87581699375 0.32432432499999997 0.9003267968750001 0.32678132656250003 0.9052287578125 0.33660933593750003 0.9068627453125 0.33660933593750003 0.9068627453125 0.3390663390625 0.91013071875 0.3390663390625 0.9133986921874999 0.346437346875 0.9184117703125001 0.3415420640625 0.928299 0.342442896875 0.9318920296875 0.34199831875000003 0.93195754375 0.34199831875000003 0.9346405234375 0.3396018421875 0.9346405234375 0.33660933593750003 0.936274509375 0.33660933593750003 0.936274509375 0.321867321875 0.9346405234375 0.321867321875 0.9330065359375 0.3022113015625 0.9264705875000001 0.2948402953125 0.9264705875000001 0.2923832921875 0.919934640625 0.289926290625
4 0.8921568625 0.5012285015625 0.9150326796874999 0.484029484375 0.91176470625 0.45454545468749996 0.8807189546874999 0.44963145000000004 0.8431372546875 0.4643734640625 0.83986928125 0.49140049062499996 0.8921568625 0.5012285015625
2 0.6094771234375 0.6068796062499999 0.6111111109375 0.6216216218749999 0.66176470625 0.6339066343749999 0.7205882359375 0.6339066343749999 0.7287581703125 0.5995086 0.722222221875 0.552825553125 0.6911764703125 0.5479115484375 0.66013071875 0.5577395578125001 0.62581699375 0.5823095828125 0.6094771234375 0.6068796062499999
4 0.7483660125 1 0.759803921875 0.9926289921875 0.8529411765624999 1 0.8790849671875 0.81818181875 0.8790849671875 0.7960687953125001 0.8692810453125001 0.76904176875 0.8267973859375 0.7297297296874999 0.76797385625 0.7272727265625 0.73202614375 0.710073709375 0.7173202609375 0.7199017203125 0.6323529406249999 0.9140049140625001 0.6274509796875 0.9361179359375 0.6323529406249999 0.9828009828125 0.6732026140625 1 0.7483660125 1