2 0.1005497828125 0.25279490312499997 0.11419314375 0.32003671875 0.1362123609375 0.331860715625 0.140893228125 0.34665054375 0.1773828015625 0.3783379515625 0.21407199375000002 0.3985891953125 0.22891306875 0.39721401093750003 0.23399317343749998 0.3891315046875 0.2298541296875 0.34330065468750004 0.1959188671875 0.3067551234375 0.13591089375 0.20765353125 0.1139201921875 0.1941957953125 0.07430596874999999 0.2000412703125 0.06179106875 0.2096282359375 0.0590371375 0.225922525 0.07350749375 0.24578593437500001 0.1005497828125 0.25279490312499997
4 0 0.969076971875 0.036129828125 0.9723684499999999 0.06830925624999999 0.9680274359375 0.0857616765625 0.9585266546875 0.128557584375 0.9118808203125001 0.1316822359375 0.8743479390625 0.11863773281250001 0.7727976234375 0.102126371875 0.7283850484375 0.087513434375 0.7166903296875 0.0083705375 0.7234800640625 0 0.729892265625 0 0.969076971875
5 0.2788504625 0.7903022703125 0.2969872890625 0.7415917750000001 0.2335409796875 0.6979941843749999 0.186891196875 0.6824717859375 0.1448082140625 0.6882741671875 0.11946472500000001 0.7254192203125001 0.119208071875 0.7401228625 0.168184028125 0.7638570437500001 0.2216412328125 0.8138172171875 0.23892254999999998 0.8141188640625 0.2788504625 0.7903022703125
4 0.216687415625 0.673186465625 0.2663192640625 0.6593446703125 0.2716845375 0.634924784375 0.2205535078125 0.5931763937500001 0.19181241875 0.5420134046875 0.15949040625 0.5545231078125 0.1518559921875 0.5674637375 0.1371004671875 0.5639377046875 0.12432891406249999 0.588228315625 0.165898590625 0.61183321875 0.18709081562500002 0.6710356187500001 0.216687415625 0.673186465625
4 0.3638026859375 0.87513114375 0.3441666765625 0.868251453125 0.33650374375 0.88282581875 0.319136875 0.8874253859375001 0.31388566875 0.90531031875 0.29135314375 0.92289360625 0.3007433921875 0.9508395234375 0.3405002015625 0.936825359375 0.3634319640625 0.8963697390625001 0.3638026859375 0.87513114375
2 0.2945470484375 0.73991494375 0.28634229218749996 0.7855303328125001 0.2936345046875 0.7921945625 0.318293584375 0.7942592234375 0.328282690625 0.787896640625 0.3337049984375 0.7602092781249999 0.3143826765625 0.73535846875 0.2945470484375 0.73991494375
0 0.3795074140625 0.39984264375 0.3791937265625 0.41781376249999996 0.369147584375 0.427443821875 0.4185227796875 0.4283056703125 0.44777717499999997 0.45006137187500006 0.47135260937499995 0.51420808125 0.5123804640625 0.5688540078125001 0.516804678125 0.5983474765625 0.534371165625 0.5823117421874999 0.532558296875 0.5446926750000001 0.560085375 0.5239280953125001 0.5627537546875 0.5125350203125 0.55795881875 0.504280146875 0.5162465578125001 0.488843934375 0.5173587203125 0.42512815000000004 0.4954820875 0.4051354609375 0.49823601718750005 0.3888411734375 0.49091528906250004 0.38381068125 0.43643147187500003 0.392665078125 0.4019258703125 0.38879430937500004 0.3795074140625 0.39984264375
0 0.21340388125 0.5783434734374999 0.2727396671875 0.574476475 0.2972561640625 0.584709828125 0.2931171203125 0.5388789765625 0.3009226359375 0.516135921875 0.29368745937499996 0.5062042171875001 0.2989386671875 0.4883192828125 0.279245621875 0.48470706718749995 0.2697983390625 0.4600286265625 0.1986890953125 0.4310054 0.1714186703125 0.4370663375 0.18778744375 0.4896476015625 0.216699634375 0.5310081624999999 0.21340388125 0.5783434734374999
0 0.302649953125 0.558656203125 0.3173484453125 0.5654497109375 0.33468679687499997 0.5624838796875 0.3326457921875 0.5379347171875 0.36473966875 0.53849491875 0.384717884375 0.525769753125 0.3901687078125 0.49644865156250007 0.36625107031250004 0.4519068 0.3321447046875 0.42516369843749996 0.32502359687500004 0.408697040625 0.30538758593750004 0.40181734843749994 0.283111715625 0.40469699375 0.277119065625 0.46505911875 0.2817428984375 0.483116421875 0.29646990624999997 0.488276190625 0.302649953125 0.558656203125
4 0.2497467921875 0.335476703125 0.2597359 0.32911411875 0.2744343890625 0.3359076265625 0.3314440015625 0.323828846875 0.3372085125 0.2765366265625 0.30361545625 0.22038624062499998 0.269109853125 0.21651547187500003 0.2443081875 0.2226194984375 0.2394847359375 0.2159983625 0.23842960624999998 0.27644667031250003 0.22316077499999998 0.302327925 0.23277916250000003 0.31720393750000003 0.22761350625 0.3301876578125 0.2497467921875 0.335476703125
4 0.5039842328125 0.2010043875 0.50401275 0.19937065 0.489200190625 0.19911209531250001 0.48922870781250005 0.1974783578125 0.486759946875 0.197435265625 0.48673142968749994 0.199069003125 0.4719188734375 0.1988104484375 0.47189035625000003 0.20044418749999998 0.45954655625 0.20022872500000002 0.4595180390625 0.20186246406250002 0.4545805203125 0.2017762796875 0.454552003125 0.20341001718750001 0.4520832421875 0.203366925 0.45194065781250004 0.2115356140625 0.4544094171875 0.21157870625 0.45432386718749995 0.2164799203125 0.4567926265625 0.2165230140625 0.4566785578125 0.22305796562500002 0.45914731875000003 0.22310105937500002 0.4590617671875 0.2280022734375 0.46153052656250004 0.22804536562500002 0.46388521875000005 0.234623409375 0.468794221875 0.23634333281250003 0.46876570468749995 0.237977071875 0.4712344640625 0.2380201640625 0.47120594687499995 0.23965390000000003 0.478612225 0.239783178125 0.4811380203125 0.23655879375 0.4836067796875 0.2366018875 0.483635296875 0.2349681484375 0.48610405625 0.235011240625 0.4861325734375 0.233377503125 0.4960076125 0.23354987343750003 0.4960361296875 0.23191613437499997 0.5009736499999999 0.23200231875 0.5010021671875 0.2303685796875 0.505939684375 0.230454765625 0.5059682015625 0.228821028125 0.51337448125 0.22895030468750002 0.515900275 0.2257259203125 0.5183690359375001 0.22576901249999998 0.5185401374999999 0.2159665859375 0.516071378125 0.21592349375 0.516156928125 0.21102227812500002 0.51368816875 0.2109791859375 0.5137452031249999 0.20771171093750002 0.5112764421875 0.20766861875 0.51136199375 0.20276740312500002 0.508893234375 0.2027243109375 0.5089217500000001 0.2010905734375 0.5039842328125 0.2010043875
2 0.3748509859375 0.10069620937499998 0.3747369171875 0.1072311609375 0.3722681578125 0.10718806875 0.3721540890625 0.11372302187500001 0.3696853296875 0.11367992812500001 0.369599778125 0.11858114374999999 0.36713101875 0.1185380515625 0.366988434375 0.126706740625 0.36451967343749997 0.1266636484375 0.36440560624999996 0.13319860156250002 0.36193684843749996 0.133155509375 0.3618227796875 0.13969046093749998 0.35935402031249997 0.13964736875 0.35926846874999996 0.1445485828125 0.36914350625000003 0.1447209515625 0.3691720234375 0.1430872140625 0.371640784375 0.14313030625 0.3716978171875 0.1398628296875 0.37666385468749997 0.138315278125 0.37669237187500004 0.1366815390625 0.37916113125 0.13672463125 0.379218165625 0.13345715625000001 0.3841842015625 0.1319096015625 0.38421271875 0.1302758625 0.3866814796875 0.13031895625 0.389321340625 0.1205596203125 0.39179010000000003 0.12060271250000001 0.39187565156250004 0.1157014984375 0.39434440937500004 0.115744590625 0.3944299609375 0.11084337656250001 0.3968987203125 0.11088646875 0.39698427187499996 0.1059852546875 0.39945303125 0.106028346875 0.399624134375 0.09622591875 0.39471513125 0.09450599531250001 0.3947436484375 0.0928722578125 0.3873373703125 0.09274298125 0.387308853125 0.09437671875 0.3823713328125 0.09429053281250001 0.3798455390625 0.09751491875 0.3773767796875 0.0974718265625 0.3773197453125 0.1007393015625 0.3748509859375 0.10069620937499998
2 0.0270043734375 0.5048177171875 0.026833271875 0.5146201453125 0.039120037499999996 0.5181030828125001 0.041474728125 0.524681128125 0.06122480625 0.5250258671875 0.080860815625 0.5319055578125 0.1252414578125 0.535948696875 0.1248707359375 0.5571872921875001 0.13221998125 0.5605840453125001 0.129437534375 0.578512071875 0.136815296875 0.5802750875 0.1615314109375 0.579072271875 0.1618736140625 0.5594674140625 0.1943382125 0.5387890203125 0.2043843546875 0.5291589609375 0.20705273281249997 0.5177658875 0.1801530296875 0.5025882296875 0.1481732203125 0.49549307656249997 0.0819159453125 0.47145725 0.0671033875 0.471198696875 0.05211972499999999 0.4807425703125 0.037250134375 0.4837514921875 0.0322555796875 0.48693278281249996 0.0345532375 0.49677830468749995 0.0270043734375 0.5048177171875
4 0 0.614213709375 0.0250081828125 0.61917938125 0.049695779687500004 0.6196103046875 0.0992420765625 0.6106697249999999 0.1067339078125 0.6058977875 0.10931673593749999 0.5994059265625 0.1167800484375 0.5962677281250001 0.1219171875 0.584917746875 0.129437534375 0.578512071875 0.13221998125 0.5605840453125001 0.1151667984375 0.54721249375 0.0955307890625 0.5403328015625 0.0610251875 0.5364620328124999 0.026605135937500003 0.52769005 0.0019175375000000001 0.5272591265625 0 0.5284805078125 0 0.614213709375
0 0.3158533421875 0.79258239375 0.3108587875 0.795763684375 0.3059212671875 0.7956775 0.3057216484375 0.807113665625 0.3007556125 0.8086612203125 0.30064154374999996 0.8151961734375 0.3031103046875 0.815239265625 0.303024753125 0.8201404796875 0.3054935125 0.8201835718750001 0.3053224109375 0.8299859984375001 0.3077911703125 0.830029090625 0.3076485859375 0.8381977828125 0.3101173453125 0.838240875 0.3099747609375 0.846409565625 0.3124435203125 0.8464526578125 0.312215384375 0.8595225624999999 0.31468414375 0.8595656546875 0.3145700765625 0.8661006062500001 0.3170388359375 0.8661436984374999 0.31692476875 0.8726786515624999 0.3119302140625 0.8758599421875 0.3069926953125 0.8757737578125001 0.30940442031250004 0.879084325 0.334120534375 0.8778815124999999 0.3391150890625 0.8747002187499999 0.3443948125 0.8551815484375 0.346863571875 0.8552246406249999 0.346977640625 0.8486896875 0.3494464 0.8487327796875 0.3496175015625 0.8389303531250001 0.344737015625 0.8355766906250001 0.3424108421875 0.8273649078125 0.33994208124999997 0.827321815625 0.3329065234375 0.8059539453125 0.327969003125 0.805867759375 0.32802603750000003 0.802600284375 0.3255572765625 0.8025571921875001 0.3232596203125 0.7927116703125 0.3158533421875 0.79258239375