2 0.1548095609375 0.6115268875 0.16919336093749998 0.567781203125 0.16424378281250002 0.514062425 0.1459348125 0.4990247765625 0.10684104531250001 0.489008565625 0.097621365625 0.5345895625 0.06744650156250001 0.5703965984375 0.0700064859375 0.6046536875 0.0500315546875 0.6564940375 0.0535297140625 0.7252073484375 0.09539800937500001 0.7175971828125001 0.120877840625 0.6971829453125 0.11729344687500001 0.6679904109375 0.1548095609375 0.6115268875
2 0.288651790625 0.5753380328125 0.25263135625 0.5458816453125 0.183190153125 0.6549605390625 0.162319125 0.6995027546875 0.1548916421875 0.75968001875 0.195607215625 0.7694970953125 0.201881978125 0.7267470765625 0.23282463125000002 0.7106008609375001 0.27708459531249996 0.6286154296875 0.2901452875 0.5875015890624999 0.288651790625 0.5753380328125
2 0.4777154765625 0.774368746875 0.4571452234375 0.7275067203125001 0.3431496140625 0.7242179109375 0.32458402343750004 0.733905640625 0.2679049203125 0.7951914703125 0.2639355953125 0.8030870015625 0.268544396875 0.82721498125 0.3536020171875 0.90319975625 0.4439962234375 0.901978290625 0.4830479125 0.8848364125 0.48458556250000007 0.830321103125 0.4777154765625 0.774368746875
2 0.5351623703125 0.7327437390625 0.5250065921875 0.650031559375 0.51079525625 0.6147356890625 0.49427848125 0.614294309375 0.48258297656250004 0.6799343921875 0.48736216718750003 0.718857771875 0.477118078125 0.769503325 0.47916482031249996 0.8532111671875 0.4861632171875 0.8968008359375 0.523208165625 0.9169461562500001 0.537505734375 0.9127212484375 0.5416033687499999 0.892463028125 0.5351623703125 0.7327437390625
2 0.4936431578125 0.3945968890625 0.4924904375 0.4120241328125 0.47302874843750004 0.414413728125 0.44737645312499996 0.51386951875 0.448613328125 0.550758453125 0.47605574375000004 0.55973588125 0.4928291390625 0.5354518859375 0.51139680625 0.43192720468749995 0.507513715625 0.400301959375 0.4936431578125 0.3945968890625
2 0.66635630625 0.795655528125 0.6455294312500001 0.773518878125 0.6296542109375001 0.7112640515625 0.5830929593749999 0.6404300640625 0.5582967578125 0.6261889468749999 0.5267987875 0.664627828125 0.5330714750000001 0.7157147609375001 0.5601289578124999 0.76178025625 0.601782709375 0.8060535546875001 0.613347828125 0.8466131140625001 0.6267913765625 0.8622481609375001 0.674890278125 0.878566840625 0.6716908171875 0.812286240625 0.66635630625 0.795655528125
2 0.7231616453124999 0.8158439640624999 0.7062178625 0.825332559375 0.7102713421875 0.8717532046875001 0.7504315953125 0.9038629468750001 0.8412528140625 0.8927115046875 0.8879444515625 0.85734585 0.8802203453124999 0.8212534484375 0.8572163421875001 0.8216085984375001 0.827256021875 0.8055321687499999 0.7231616453124999 0.8158439640624999
2 0.693460021875 0.6812052015625001 0.6999051734374999 0.65325058125 0.69448650625 0.5823036921875 0.681129190625 0.52714786875 0.6663625343749999 0.5141446640625 0.6466021468750001 0.5141015484375 0.6321762671875 0.5306891453125 0.6280786328125 0.550947365625 0.63174718125 0.634456078125 0.6493704453125 0.777986034375 0.6712638078125 0.8222162187500001 0.6868844828125 0.8153594671875 0.6850922875000001 0.8007631984374999 0.7005004953125 0.751952959375 0.693460021875 0.6812052015625001
2 0.8877761390625001 0.748713496875 0.87266870625 0.7061194937499999 0.8085221171875 0.70658754375 0.7724153421875 0.72089844375 0.7429661890625 0.7492082140625 0.7028480125 0.744256559375 0.6819769828125 0.7887987765625 0.6830434703125 0.810892309375 0.701053740625 0.8234972484374999 0.8418522875000001 0.803739971875 0.886495109375 0.7785034296875 0.8877761390625001 0.748713496875
2 0.5664941046874999 0.49183554999999995 0.5625247812499999 0.4997310828125 0.56773098125 0.528724484375 0.664740728125 0.514343796875 0.6731063859375 0.48862275625 0.664059171875 0.45516219687500004 0.6579989515625 0.44602875312499995 0.6401590703125 0.448219215625 0.5664941046874999 0.49183554999999995
2 0.8527420796875 0.5036070687499999 0.8552179078125001 0.4835479796875 0.8438231765624999 0.457783821875 0.81356415625 0.43927468125 0.7594029578125 0.5076595109375 0.7563297328125 0.5228531765625 0.7318743078125001 0.538202859375 0.711131590625 0.5703823875 0.6946989734375 0.62425718125 0.7038744968749999 0.64535505 0.7236348859375 0.6453981671875 0.7480903078125001 0.6300484843749999 0.8527420796875 0.5036070687499999
4 0.5760124828125 0.44868726406250004 0.54814305625 0.44963981249999996 0.5412288171874999 0.46036632343750006 0.5449835984375 0.50435425625 0.555225609375 0.5475456578125 0.5626089375000001 0.554047259375 0.5686270796875 0.5360226171875 0.567688903125 0.5015663953125 0.58121868125 0.477680665625 0.5785303875000001 0.455786265625 0.5760124828125 0.44868726406250004
2 0.6766528515625 0.30298329218750003 0.6756705203125 0.33520593593750003 0.6954729890625 0.362407140625 0.7077638171875 0.3954694328125 0.7356332421875 0.394516884375 0.741352684375 0.3740595296875 0.708363290625 0.3064979 0.691974828125 0.2936938296875 0.6766528515625 0.30298329218750003
2 0.8715663687499999 0.375357009375 0.8731881765624999 0.3751578765625 0.8728894765625 0.3727251640625 0.8826203203125 0.3715303671875 0.8823216203124999 0.36909765625 0.883943428125 0.3688985234375 0.8833460296875 0.3640331 0.8849678375 0.3638339671875 0.8843704390625 0.3589685453125 0.8873153546875001 0.3561375671875 0.8870166546875 0.35370485625 0.8886384625 0.3535057234375 0.8880410640624999 0.34864030156250003 0.8909859796875 0.345809325 0.8906872796874999 0.3433766125 0.8923090859375 0.34317748125 0.8917116875 0.3383120578125 0.8933334953125 0.338112925 0.8930347968750001 0.33568021406250004 0.8946566046875001 0.33548108125 0.8950836125 0.325551103125 0.8918399984375001 0.3259493703125 0.8915412999999999 0.32351665937499996 0.8850540703125 0.32431319062499997 0.8847553703125 0.321880478125 0.8815117546875 0.3222787453125 0.88121305625 0.319846034375 0.877969440625 0.32024430000000004 0.8776707421875001 0.3178115875 0.8744271265625001 0.318209853125 0.8741284281249999 0.31577714375 0.8643975828125001 0.316971940625 0.8646962828125 0.31940465156250003 0.8614526671875 0.3198029171875 0.8617513671875001 0.3222356296875 0.860129559375 0.3224347625 0.862817853125 0.3443291625 0.8644396609375 0.3441300296875 0.8680240546875 0.3733225625 0.8712676687500001 0.372924296875 0.8715663687499999 0.375357009375
2 0.895723090625 0.35757461562500004 0.8941012828125 0.3577737484375 0.8936742734375 0.36770372500000004 0.8920524656250001 0.3679028578125 0.8926498640625 0.37276828125 0.8910280578125 0.3729674140625 0.8916254562500001 0.37783283437500004 0.9029781078125 0.37643890468749996 0.9032768078125001 0.3788716171875 0.9081422296874999 0.3782742171875 0.9084409296875 0.380706928125 0.9116845437500001 0.3803086625 0.91390375 0.3849749515625 0.9155255562500001 0.38477581875 0.9161229562500001 0.3896412421875 0.9177447640624999 0.3894421078125 0.9180434625 0.3918748203125 0.942370575 0.3888878265625 0.9420718765625 0.3864551140625 0.9436936828125001 0.38625598125 0.9407066890625 0.361928871875 0.9390848828125 0.3621280046875 0.9381887843750001 0.35482986875 0.9365669765625 0.35502900312499996 0.9356708781249999 0.3477308703125 0.9321285640625 0.345696425 0.9318298640625 0.3432637125 0.9285862484375 0.343661978125 0.92636704375 0.3389956890625 0.9195811140625001 0.3373595109375 0.9192824140625 0.3349267984375 0.9144169921874999 0.335524196875 0.9141182921875 0.3330914875 0.910874678125 0.333489753125 0.910575978125 0.331057040625 0.90408875 0.33185357187500003 0.9030643406250001 0.336918128125 0.9014425328125 0.3371172609375 0.9017412312499999 0.339549971875 0.900119425 0.33974910468749997 0.9007168234374999 0.34461452812500004 0.8977719078125 0.3474455046875 0.89836930625 0.3523109265625 0.8954243906249999 0.355141903125 0.895723090625 0.35757461562500004
2 0.875234915625 0.45886571875 0.8809964359375 0.465566453125 0.8874836671875 0.464769921875 0.9001173484375 0.43358605937499994 0.9322547984374999 0.42717068906250005 0.944631859375 0.420712203125 0.9568806078125001 0.4266164078125 0.9682332609375001 0.4252224765625 0.9857360125 0.4065814890625 0.9852557859375001 0.4001540796875 0.9821900515624999 0.39140677031250004 0.9633257609375001 0.3986617875 0.9549180234374999 0.3972247390625 0.9510770109375001 0.392757584375 0.9332371296874999 0.394948046875 0.9257254906249999 0.4008091328125 0.8828327890625 0.4134838546875 0.8734427203124999 0.4442694515625 0.875234915625 0.45886571875
2 0.669871075 0.113673203125 0.676187915625 0.0980812734375 0.6982958218750001 0.090427990625 0.7006433375000001 0.08273159062499999 0.708752375 0.081735925 0.713447409375 0.066343128125 0.7122526109375 0.056612282812500005 0.7029487765625 0.047877103125 0.7046988953125 0.035315281250000004 0.6992360734374999 0.0310472578125 0.68434110625 0.030406742187500002 0.66091009375 0.0406918703125 0.6338084546875 0.061305240625 0.5901900437500001 0.0814772296875 0.574014046875 0.11062664687499998 0.5792202484375 0.13962004687500001 0.6230090484375 0.13424345937499998 0.63214249375 0.1281832390625 0.6331669015625 0.1231186828125 0.669871075 0.113673203125
4 0.4515665484375 0.1725796578125 0.455535871875 0.1646841265625 0.454341075 0.15495328125000002 0.44089752656250003 0.139318234375 0.405474384375 0.1189737796875 0.344401021875 0.1042481640625 0.3116661734375 0.1057981125 0.304751934375 0.11652462187499998 0.301762865625 0.1860344640625 0.30517686875 0.20043159843749997 0.314480703125 0.209166778125 0.361086109375 0.2133219015625 0.387035028125 0.210135775 0.416654571875 0.1966214046875 0.42224570312500004 0.1885267390625 0.4515665484375 0.1725796578125
2 0.09203438750000001 0.35501031875 0.0980946078125 0.364143765625 0.1278845390625 0.3654247953125 0.1518708734375 0.33284700156249997 0.1773507046875 0.3124327640625 0.2230620875 0.2154528 0.219648084375 0.201055665625 0.1994186078125 0.1837844390625 0.18409663125 0.19307390156249998 0.1561409734375 0.2335472265625 0.1421421046875 0.2402048453125 0.1430382015625 0.247502978125 0.129636734375 0.2590260203125 0.10035796718750001 0.30213118906249997 0.09506553437500001 0.312658565625 0.09186399843750001 0.3402149203125 0.09203438750000001 0.35501031875