3 0.35620915000000003 0.5427135671875 0.36274509843749997 0.5326633171874999 0.348039215625 0.5125628140625 0.3071895421875 0.505025125 0.24019607812500002 0.520100503125 0.2892156859375 0.54522613125 0.35620915000000003 0.5427135671875
3 0.09150326875 0.5175879390625 0.135620915625 0.525125628125 0.2614379078125 0.5 0.25 0.479899496875 0.20098039218750002 0.4824120609375 0.20751634062500002 0.45728643281250003 0.168300653125 0.44974874375 0.11601307187500001 0.47487437187500003 0.09150326875 0.5075376890625 0.09150326875 0.5175879390625
3 0.4852941171875 0.530150753125 0.5392156859375 0.5326633171874999 0.5408496734375 0.522613065625 0.526143790625 0.48743718593749996 0.5114379078125 0.477386934375 0.46568627500000004 0.49748743749999996 0.46405228750000005 0.520100503125 0.4852941171875 0.530150753125
3 0.6813725484375001 0.5326633171874999 0.689542484375 0.5477386937500001 0.7826797390625 0.55527638125 0.795751634375 0.5402010046875 0.795751634375 0.525125628125 0.7892156859375 0.520100503125 0.7647058828125 0.5125628140625 0.73366013125 0.5175879390625 0.7287581703125 0.5075376890625 0.678104575 0.5 0.66176470625 0.5150753765625 0.66013071875 0.5276381906250001 0.6813725484375001 0.5326633171874999
3 0.7173202609375 0.5904522609375 0.8186274515624999 0.603015075 0.8349673203125001 0.5929648234375 0.830065359375 0.5678391953124999 0.810457515625 0.5653266328125001 0.7892156859375 0.54522613125 0.7614379078125 0.5678391953124999 0.73202614375 0.5678391953124999 0.7173202609375 0.5904522609375
3 1 0.623115578125 0.98039215625 0.59798995 0.9428104578125 0.5954773875 0.918300653125 0.6055276375 0.9133986921874999 0.620603015625 0.9232026140625 0.630653265625 1 0.6407035171875 1 0.623115578125
3 0.8823529406249999 0.55276381875 0.87581699375 0.572864321875 0.90849673125 0.5829145734375001 0.9232026140625 0.575376884375 0.9232026140625 0.5653266328125001 0.9607843140625001 0.570351759375 0.9346405234375 0.5427135671875 0.903594771875 0.5427135671875 0.8807189546874999 0.5276381906250001 0.87418300625 0.5351758796875 0.87418300625 0.5477386937500001 0.8823529406249999 0.55276381875
3 0.3807189546875 0.6683417078125 0.3888888890625 0.675879396875 0.436274509375 0.673366834375 0.44281045781249995 0.7060301499999999 0.4852941171875 0.7562814078125 0.4983660125 0.7562814078125 0.5016339875 0.726130653125 0.51797385625 0.728643215625 0.5506535953125 0.7613065328124999 0.5669934640625 0.75125628125 0.58986928125 0.7613065328124999 0.6029411765625 0.75376884375 0.5947712421875 0.728643215625 0.5735294125 0.7085427140625 0.5751633984375 0.6934673359375 0.5506535953125 0.6834170859375 0.545751634375 0.65075376875 0.5294117640625 0.6356783921875 0.5147058828125 0.6432160796875 0.5 0.630653265625 0.48202614375 0.630653265625 0.439542484375 0.6457286437499999 0.4150326796875 0.625628140625 0.39379084999999997 0.630653265625 0.3954248359375 0.64824120625 0.3807189546875 0.6683417078125
3 0.099673203125 0.8844221109375001 0.114379084375 0.9145728640625 0.150326796875 0.94472361875 0.1748366015625 0.9472361812500001 0.23529411718749998 0.924623115625 0.2728758171875 0.929648240625 0.31535947656249996 0.879396984375 0.310457515625 0.8567839203125001 0.27812382812499997 0.8446961765625 0.295751634375 0.8316582921875 0.2908496734375 0.8190954781249999 0.2647058828125 0.8015075375 0.246952740625 0.8096779875 0.2129842359375 0.8182789828124999 0.181813146875 0.7857181734375 0.14379085 0.824120603125 0.10294117656249999 0.8567839203125001 0.099673203125 0.8844221109375001
3 0.28431372499999996 0.44974874375 0.2467320265625 0.44723618125 0.2271241828125 0.4597989953125 0.23529411718749998 0.4648241203125 0.2467320265625 0.4623115578125 0.3071895421875 0.472361809375 0.310457515625 0.4899497484375 0.3071895421875 0.49748743749999996 0.3611111109375 0.4899497484375 0.3545751640625 0.472361809375 0.35620915000000003 0.4673366828125 0.382352940625 0.472361809375 0.39379084999999997 0.4648241203125 0.3921568625 0.45477386875 0.37581699375 0.4396984921875 0.33986928125000004 0.4396984921875 0.33169934687499997 0.429648240625 0.3202614375 0.427135678125 0.30555555624999997 0.4371859296875 0.2908496734375 0.4396984921875 0.28431372499999996 0.44974874375
3 0.6209150328125 0.6105527640624999 0.6666666671875 0.59798995 0.6307189546874999 0.577889446875 0.6454248359375 0.570351759375 0.64379085 0.5603015078125 0.6127450984375 0.5603015078125 0.5947712421875 0.572864321875 0.5833333328125 0.59798995 0.6209150328125 0.6105527640624999