2 0.7863777375 0.7182480140624999 0.7942155875 0.7418780703125 0.794521309375 0.7817285625 0.826182846875 0.81161955 0.834097128125 0.8452122296875 0.8483140265625 0.8599021125 0.86629809375 0.84036184375 0.8809802 0.758107865625 0.8580038703125 0.7047161875 0.8511662390625 0.653880625 0.8375651984375001 0.61441199375 0.8049034421875 0.6117265078125 0.7877645249999999 0.6363758921875 0.7916823453124999 0.6743108546875 0.7863777375 0.7182480140624999
4 0.6244535328125 0.675188334375 0.6958459578125 0.7362483703125 0.7733117109375 0.748517740625 0.7899134078125 0.7063698625 0.7952944453125 0.672395325 0.790760765625 0.6592391156249999 0.75318096875 0.645824171875 0.6948523625 0.6067342765625 0.6561194875 0.600599590625 0.6319878703125 0.6067280359375 0.620151353125 0.639680125 0.6244535328125 0.675188334375
2 0.8749157046875 0.5979390671875 0.9120347093750001 0.6038181406249999 0.914570159375 0.6191454937499999 0.9778954437499999 0.6266876031249999 0.987117871875 0.6206854046875 0.9931147703125 0.5619321171875 0.941470934375 0.5537525375000001 0.8955902890624999 0.56141153125 0.8863678609375001 0.56741373125 0.8749157046875 0.5979390671875
2 0.85677656875 0.64979395625 0.886442084375 0.6296162187500001 0.95491690625 0.6255357906250001 0.9402392171875 0.6033100375 0.8575474953125 0.5927005859375 0.8367200484374999 0.609302875 0.8351826093750001 0.6190098875000001 0.85677656875 0.64979395625
2 0.9174551765625001 1 0.8911153765625001 0.9761368687499999 0.8357830125 0.9599101953125 0.8328632015625 0.9470095953125 0.8175696531250001 0.94956259375 0.8000463765625 0.9766387312499999 0.796971496875 0.996052753125 0.8032276140624999 1 0.9174551765625001 1
2 0.9190207875 0.779058678125 0.9030349484375 0.7964278046875 0.9050309703125 0.8464965281250001 0.9401495375 0.9067866078125 0.9686685984375 0.7371695328125 0.9348537625000001 0.74176430625 0.9224800249999999 0.757217903125 0.9190207875 0.779058678125
2 0.7623313828125 0.5253796187499999 0.7435043734375 0.48757090312500007 0.711150546875 0.4724960421875 0.6635796015625 0.4699368046875 0.6522803046875 0.5203873875 0.7169115296874999 0.540574484375 0.7623313828125 0.5253796187499999
4 0.488740021875 0.5293119609375 0.561132665625 0.56316649375 0.5740436234375 0.5652113875 0.58480349375 0.5495021796875 0.5914140406249999 0.5182100046875 0.5832682609375001 0.5069693234375 0.490740459375 0.47490095468750004 0.4641498234375 0.4756646703125 0.45515668593749997 0.5115547375 0.460919875 0.5273933109375 0.488740021875 0.5293119609375
2 0.3628559671875 0.5616141015625 0.3694643078125 0.5825617921874999 0.4102718421875 0.596487959375 0.4515423765625 0.5657101296875 0.4564626265625 0.5241997234375 0.4416320765625 0.482048725 0.43110370624999994 0.4754059375 0.3960593609375 0.477318346875 0.3772301421875 0.49174949687499997 0.3633953953125 0.5268727281250001 0.3628559671875 0.5616141015625
4 0.5186370375 0.4867822265625 0.53393279375 0.4319893625 0.5164881546875 0.41678825625 0.459310421875 0.42265796875 0.4453228125 0.43785595468749994 0.44309308437499995 0.46237909374999997 0.5186370375 0.4867822265625
2 0.422649996875 0.47655463124999997 0.45630976562500003 0.5042744781249999 0.46706963281249997 0.48856526875000006 0.4689914328125 0.47643150468749995 0.4576179140625 0.4646796 0.4030542671875 0.44359942031250005 0.379691371875 0.444874359375 0.3713905234375 0.46594829843749996 0.37200417343750003 0.49340941406249994 0.422649996875 0.47655463124999997
2 0.456163528125 0.3276296359375 0.45293578749999996 0.3271184125 0.45016883906249994 0.33414305781250003 0.44855496875 0.333887446875 0.4477862484375 0.3387409515625 0.4461723796875 0.338485340625 0.44540366093749995 0.34333884531250003 0.4421759203125 0.34282762187500004 0.44102284062499997 0.3501078796875 0.44870782968749995 0.3538126921875 0.44832346875000006 0.35623944375 0.45116685 0.359177421875 0.4503981296875 0.3640309265625 0.4548553796875 0.36722451562499997 0.4544710203125 0.36965126718749997 0.5073443656250001 0.38051321250000003 0.507728725 0.378086459375 0.51295469375 0.3764265421875 0.516106003125 0.3669751421875 0.5144921328125001 0.36671953125 0.516029571875 0.35701252031249997 0.5131861921875001 0.35407454375 0.5139549125 0.3492210390625 0.5107271734375 0.3487098140625 0.5111115328125 0.3462830625 0.5066542828125 0.34308947343749996 0.5070386421874999 0.340662721875 0.4957415546875 0.3388734390625 0.49612591406249995 0.3364466859375 0.48967043437499996 0.3354242390625 0.49005479531249996 0.332997484375 0.47914206562499995 0.32878145000000003 0.4795264265625 0.326354696875 0.46822933593749994 0.3245654140625 0.4678449765625 0.3269921671875 0.4565478875 0.325202884375 0.456163528125 0.3276296359375
2 0.412665471875 0.3306907390625 0.40620999375 0.3296682921875 0.405825634375 0.33209504375 0.3913008046875 0.32979453593749997 0.39091644531249997 0.3322212890625 0.38768870624999996 0.331710065625 0.3869199859375 0.336563571875 0.385306115625 0.336307959375 0.3841530359375 0.3435882171875 0.38576690625 0.3438438296875 0.38499818750000003 0.348697334375 0.3882259265625 0.34920855781250004 0.387841565625 0.3516353109375 0.39106930625 0.352146534375 0.3906849453125 0.3545732875 0.3939126859375 0.3550845109375 0.3935283265625 0.3575112640625 0.401597675 0.35878932343750003 0.401213315625 0.361216075 0.40766879375 0.36223852343749996 0.407284434375 0.3646652765625 0.4379479609375 0.36952190156250003 0.4375636015625 0.371948653125 0.4424052109375 0.3727154890625 0.44278957031250005 0.3702887375 0.446017309375 0.3707999609375 0.44678602968750003 0.36594645625 0.44839989999999996 0.36620206718750004 0.448784259375 0.3637753140625 0.4503981296875 0.3640309265625 0.45116685 0.359177421875 0.45278071875 0.3594330328125 0.45385736874999993 0.342190153125 0.4522434984375 0.341934540625 0.45301221875 0.3370810359375 0.45139834843750004 0.3368254234375 0.45055319843749997 0.33171630625000004 0.41988967187500004 0.32685968125 0.4195053125 0.3292864328125 0.4130498328125 0.3282639859375 0.412665471875 0.3306907390625
2 0.5309387609375 0.3568862734375 0.5176434421875 0.35726813281249997 0.5172590828125 0.3596948859375 0.5136469828125 0.3616104140625 0.5109564640625 0.3785976828125 0.50934259375 0.3783420703125 0.508958234375 0.3807688234375 0.5105721046875 0.3810244359375 0.5101877453125 0.3834511875 0.5376235328125001 0.38779658906250003 0.537239171875 0.39022334375 0.5420807812499999 0.390990178125 0.5424651421875 0.38856342499999996 0.5460772406250001 0.386647896875 0.5491521203125 0.36723387500000004 0.54753825 0.3669782625 0.5486913296875 0.3596980046875 0.5470774609375 0.35944239375000003 0.5474618203125 0.357015640625 0.5442340796875 0.3565044171875 0.5446184390625 0.35407766406249996 0.5381629609374999 0.3530552171875 0.5377786015625 0.3554819703125 0.5313231203125001 0.354459521875 0.5309387609375 0.3568862734375
4 0 0.74110043125 0.0733485765625 0.7495977875000001 0.1103933578125 0.6932743734375 0.17149112187499999 0.67309975625 0.1865575859375 0.588419025 0.175568428125 0.5742403656249999 0.010184984375000001 0.5530214625000001 0 0.557513409375 0 0.74110043125
2 0.1632777421875 0.44293699062499997 0.21007996874999998 0.45034973437500003 0.254731103125 0.440008375 0.2923131078125 0.4011834515625 0.2912386671875 0.366186465625 0.278251278125 0.35417894843750003 0.18487611875 0.369241328125 0.154133953125 0.406661946875 0.15029035468750002 0.430929471875 0.1632777421875 0.44293699062499997
2 0.1565165421875 0.40206405156249997 0.15997578125 0.380223278125 0.15129278125 0.351484103125 0.052848929687500004 0.2836519140625 0.028256521875000003 0.2822444890625 0.01680215625 0.365009690625 0.09565027968749999 0.3998866703125 0.1565165421875 0.40206405156249997
2 0.11640571250000001 0.2688420265625 0.11094824375000001 0.29285394062500003 0.11786451406250001 0.301412259375 0.1315441921875 0.2986036484375 0.136846590625 0.306906353125 0.1416882015625 0.3076731890625 0.14822010937500002 0.318658259375 0.1530617203125 0.3194250953125 0.1547520203125 0.3296433296875 0.1754243984375 0.345355659375 0.18403096875 0.3641322109375 0.18925693906250002 0.36247229375 0.195175196875 0.3459962484375 0.2031681140625 0.3373116859375 0.2196911734375 0.33744105156250004 0.22045989375000002 0.3325875453125 0.2114689625 0.316237746875 0.20293882343749997 0.3074238171875 0.19202609531249998 0.30320778125 0.17250679687499998 0.2802151953125 0.1676651859375 0.279448359375 0.148530246875 0.25402901875 0.1291638109375 0.2509616765625 0.1260125 0.260413075 0.12078653125000001 0.2620729921875 0.11640571250000001 0.2688420265625
4 0.096270553125 0.2706281890625 0.09580242343749999 0.2735838515625 0.09807747812499999 0.276370534375 0.0981421859375 0.2763807828125 0.1016214328125 0.2773819609375 0.1115278546875 0.2780389234375 0.11571342343749999 0.2836581546875 0.1200942421875 0.2768891203125 0.12332198125 0.27740034375 0.12370634062500001 0.27497359062500004 0.1253202125 0.2752292015625 0.1316992609375 0.266289028125 0.1562916671875 0.267696453125 0.1566760265625 0.2652697 0.1602881265625 0.2633541703125 0.161056846875 0.258500665625 0.16267071718749998 0.258756278125 0.164592515625 0.24662251406250002 0.1629786453125 0.2463669015625 0.1632865765625 0.233977528125 0.1616727046875 0.23372191562500003 0.162057065625 0.2312951625 0.15882932656249998 0.2307839390625 0.15921368593750002 0.22835718593749998 0.157599815625 0.22810157343749998 0.157984175 0.225674821875 0.1547564359375 0.2251635984375 0.155140796875 0.2227368453125 0.1438437078125 0.2209475625 0.1442280671875 0.2185208109375 0.1357743578125 0.219669503125 0.135389996875 0.22209625625 0.1305483890625 0.22132942031249997 0.13016402968750002 0.223756171875 0.1184825796875 0.2243936421875 0.11809822031249999 0.2268203953125 0.11125838125000001 0.2282247 0.11087402187499999 0.230651453125 0.10326546249999999 0.2369092625 0.0985767125 0.2560676734375 0.09696284375 0.2558120609375 0.094656684375 0.2703725765625 0.096270553125 0.2706281890625
4 0.1656603328125 0.4383390953125 0.166660553125 0.4111335921875 0.1318477046875 0.3906940046875 0.10041545781250001 0.390690884375 0.0925754 0.4193006921875 0.112479059375 0.43986652812499993 0.1656603328125 0.4383390953125
2 0.3192792734375 0.606952446875 0.37123103749999997 0.6027426499999999 0.3751510671875 0.5884377453125 0.3628559671875 0.5616141015625 0.3328083 0.531978725 0.3036822125 0.5174150890625 0.27224996562500003 0.5174119687500001 0.2584916484375 0.562497821875 0.2611799578125 0.59775041875 0.3192792734375 0.606952446875
4 0.2509551046875 0.6831979859375 0.2379677140625 0.6711904671875 0.199772059375 0.682554275 0.141288384375 0.6757790015625 0.09317801249999999 0.7079611359375 0.079266834375 0.73312174375 0.0758075953125 0.75496251875 0.07318688281249999 0.93863200625 0.1663305421875 0.9459216250000001 0.176474553125 0.954991165625 0.250712565625 0.9667493125 0.29374982968749996 0.956152340625 0.305894278125 0.9108108749999999 0.30451190625 0.8882032656250001 0.2509551046875 0.6831979859375