2 0.2140522875 0.8691358031249999 0.20098039218750002 0.891358025 0.20751634062500002 0.9308641968750001 0.2173202609375 0.9432098765625 0.23366013125 0.9456790125 0.25326797343749996 0.9308641968750001 0.259803921875 0.9037037031249999 0.3267973859375 0.8888888890625 0.33823529375 0.8666666671875 0.3529411765625 0.8617283953125 0.383986928125 0.8246913578124999 0.40359477187500004 0.7876543203125 0.40196078437500005 0.77283950625 0.39379084999999997 0.767901234375 0.348039215625 0.77283950625 0.312091503125 0.8074074078125 0.2140522875 0.8691358031249999
4 0.9771241828124999 1 0.98039215625 0.95555555625 0.9754901953124999 0.923456790625 0.965686275 0.9061728390624999 0.918300653125 0.86419753125 0.8807189546874999 0.8617283953125 0.7794117640625 0.8765432093750001 0.7352941171875 0.8938271609375 0.723856209375 0.9086419749999999 0.73202614375 0.9876543203124999 0.741830065625 1 0.9771241828124999 1
5 0.6944444437499999 0.8518518515625001 0.73202614375 0.8765432093750001 0.7467320265625 0.8765432093750001 0.76960784375 0.8271604937499999 0.8186274515624999 0.77283950625 0.8186274515624999 0.75555555625 0.794117646875 0.7160493828125001 0.7450980390625 0.6987654328125 0.7026143796875 0.7629629625 0.687908496875 0.8098765437500001 0.6944444437499999 0.8518518515625001
4 0.560457515625 0.8395061734375 0.5735294125 0.8469135796874999 0.5702614374999999 0.8617283953125 0.5947712421875 0.8740740734375001 0.6176470593750001 0.8320987656250001 0.6764705875 0.8098765437500001 0.678104575 0.7802469140625 0.6633986921874999 0.730864196875 0.6388888890625 0.7259259265625 0.598039215625 0.777777778125 0.5473856203125 0.8074074078125 0.560457515625 0.8395061734375
4 0.8905228765625001 0.6740740734374999 0.90849673125 0.6790123453125 0.9264705875000001 0.7012345671875 0.954248365625 0.691358025 0.939542484375 0.6518518515625 0.8986928109375001 0.6296296296875 0.8774509796875 0.6296296296875 0.8709150328125 0.649382715625 0.8856209156249999 0.6567901234375 0.8905228765625001 0.6740740734374999
2 0.7892156859375 0.708641975 0.795751634375 0.7012345671875 0.7973856203125 0.676543209375 0.7908496734375 0.6666666671875 0.7630718953125 0.6617283953124999 0.7385620921875 0.68148148125 0.7434640515625001 0.7012345671875 0.7892156859375 0.708641975
0 0.42483660156249997 0.4839506171875 0.4052287578125 0.5061728390625 0.3888888890625 0.503703703125 0.383986928125 0.5111111109375 0.39379084999999997 0.5654320984375001 0.3905228765625 0.6 0.40196078437500005 0.622222221875 0.419934640625 0.622222221875 0.42973856250000003 0.632098765625 0.42973856250000003 0.5827160499999999 0.4509803921875 0.5530864203125 0.5147058828125 0.5283950625 0.5686274515624999 0.486419753125 0.598039215625 0.48148148125 0.581699346875 0.46419753124999996 0.544117646875 0.46666666718750005 0.5228758171875 0.4395061734375 0.5114379078125 0.4370370375 0.5032679734375 0.44197530937499996 0.48856209218749996 0.4839506171875 0.42483660156249997 0.4839506171875
0 0.48856209218749996 0.7209876546875 0.46405228750000005 0.730864196875 0.436274509375 0.8024691359375 0.44281045781249995 0.8296296296874999 0.49509803906250005 0.8123456796875 0.5359477125 0.78271605 0.5833333328125 0.7851851859375001 0.578431371875 0.7259259265625 0.58823529375 0.7012345671875 0.542483659375 0.7061728390625001 0.51960784375 0.6987654328125 0.509803921875 0.7061728390625001 0.491830065625 0.7012345671875 0.48856209218749996 0.7209876546875
0 0.41176470624999995 0.676543209375 0.4052287578125 0.696296296875 0.40849673124999997 0.7185185187500001 0.4689542484375 0.723456790625 0.4869281046875 0.7185185187500001 0.491830065625 0.703703703125 0.562091503125 0.696296296875 0.5686274515624999 0.68148148125 0.5653594765625 0.6641975312499999 0.5408496734375 0.6666666671875 0.5408496734375 0.6345679015625 0.527777778125 0.6148148140624999 0.4983660125 0.60987654375 0.454248365625 0.6345679015625 0.428104575 0.669135803125 0.41176470624999995 0.676543209375
4 0.2271241828125 0.7604938265625 0.2205882359375 0.7654320984375 0.2810457515625 0.7654320984375 0.3071895421875 0.7802469140625 0.321895425 0.7703703703125 0.3349673203125 0.7753086421875001 0.33986928125000004 0.7530864203125 0.3333333328125 0.7432098765624999 0.33986928125000004 0.7283950625 0.3267973859375 0.6716049374999999 0.2794117640625 0.6666666671875 0.223856209375 0.7012345671875 0.2205882359375 0.73580246875 0.2271241828125 0.7604938265625
4 0.2107843140625 0.491358025 0.20751634062500002 0.491358025 0.20751634062500002 0.49382716093749995 0.2026143796875 0.49382716093749995 0.2026143796875 0.49629629687500004 0.20098039218750002 0.49629629687500004 0.20098039218750002 0.5012345671875 0.1993464046875 0.5012345671875 0.1993464046875 0.5160493828125 0.19771241875 0.5160493828125 0.19771241875 0.51851851875 0.1993464046875 0.51851851875 0.1993464046875 0.5333333328125 0.20098039218750002 0.5333333328125 0.20098039218750002 0.5456790125000001 0.2026143796875 0.5456790125000001 0.2026143796875 0.550617284375 0.20424836562499998 0.550617284375 0.20424836562499998 0.5530864203125 0.2124183 0.5530864203125 0.2124183 0.550617284375 0.2173202609375 0.550617284375 0.2173202609375 0.5481481484375 0.223856209375 0.5481481484375 0.223856209375 0.5456790125000001 0.22875817031249998 0.5456790125000001 0.22875817031249998 0.5432098765625 0.23529411718749998 0.540740740625 0.23692810468749997 0.53580246875 0.23856209218750002 0.53580246875 0.23856209218750002 0.5333333328125 0.24019607812500002 0.5333333328125 0.24019607812500002 0.5259259265625 0.23692810468749997 0.523456790625 0.23692810468749997 0.5209876546875 0.23529411718749998 0.5209876546875 0.23529411718749998 0.51851851875 0.23366013125 0.51851851875 0.23366013125 0.508641975 0.23202614375000002 0.508641975 0.23202614375000002 0.503703703125 0.23039215624999998 0.503703703125 0.23039215624999998 0.4987654328125 0.22875817031249998 0.4987654328125 0.22875817031249998 0.491358025 0.2254901953125 0.4888888890625 0.2254901953125 0.486419753125 0.215686275 0.486419753125 0.215686275 0.4888888890625 0.2107843140625 0.4888888890625 0.2107843140625 0.491358025
2 0.09477124218750001 0.6197530859375 0.09640522812499999 0.6197530859375 0.09640522812499999 0.6246913578125 0.099673203125 0.62716049375 0.099673203125 0.6296296296875 0.10294117656249999 0.6296296296875 0.10294117656249999 0.632098765625 0.1094771234375 0.632098765625 0.1094771234375 0.6345679015625 0.11601307187500001 0.6345679015625 0.11601307187500001 0.6370370375000001 0.1209150328125 0.6370370375000001 0.1209150328125 0.6395061734375 0.1290849671875 0.6395061734375 0.1290849671875 0.641975309375 0.135620915625 0.641975309375 0.135620915625 0.64444444375 0.14215686249999998 0.64444444375 0.14215686249999998 0.6469135796875001 0.1470588234375 0.6469135796875001 0.1470588234375 0.6370370375000001 0.1454248359375 0.6370370375000001 0.1454248359375 0.6345679015625 0.14215686249999998 0.6345679015625 0.1405228765625 0.6296296296875 0.13888888906250002 0.6296296296875 0.13888888906250002 0.62716049375 0.135620915625 0.62716049375 0.133986928125 0.622222221875 0.132352940625 0.622222221875 0.132352940625 0.6197530859375 0.12254902031249999 0.61728395 0.12254902031249999 0.6148148140624999 0.117647059375 0.6148148140624999 0.117647059375 0.6123456796875 0.1127450984375 0.6123456796875 0.1127450984375 0.60987654375 0.1078431375 0.60987654375 0.1078431375 0.6074074078125 0.098039215625 0.6074074078125 0.09640522812499999 0.6123456796875 0.09477124218750001 0.6123456796875 0.09477124218750001 0.6197530859375
2 0.4787581703125 0.91851851875 0.4787581703125 0.9333333328125001 0.48856209218749996 0.9481481484375 0.491830065625 0.9629629625 0.49509803906250005 0.967901234375 0.5049019609375 0.9654320984375 0.5130718953125 0.97283950625 0.5228758171875 0.97283950625 0.526143790625 0.9604938265625 0.5326797390625 0.9580246906250001 0.5326797390625 0.9382716046875 0.5392156859375 0.91851851875 0.542483659375 0.8740740734375001 0.563725490625 0.8740740734375001 0.5669934640625 0.8666666671875 0.5849673203125 0.8691358031249999 0.5866013078125001 0.8617283953125 0.5849673203125 0.8370370375 0.5653594765625 0.8370370375 0.544117646875 0.804938271875 0.534313725 0.795061728125 0.5228758171875 0.7925925921875 0.508169934375 0.8197530859375 0.5016339875 0.8518518515625001 0.4787581703125 0.91851851875
4 0.6225490203125 1 0.6274509796875 0.97283950625 0.6274509796875 0.9481481484375 0.6176470593750001 0.8987654328125 0.6127450984375 0.891358025 0.60620915 0.8888888890625 0.6029411765625 0.88148148125 0.59150326875 0.8765432093750001 0.5849673203125 0.8691358031249999 0.5669934640625 0.8666666671875 0.55392156875 0.8839506171875 0.5473856203125 0.9037037031249999 0.544117646875 0.9382716046875 0.5359477125 0.97283950625 0.5359477125 0.9975308640625 0.5375816999999999 1 0.6225490203125 1
0 0.830065359375 0.6543209875 0.8088235296875 0.6617283953124999 0.8088235296875 0.6666666671875 0.8055555562500001 0.6666666671875 0.8055555562500001 0.669135803125 0.795751634375 0.6716049374999999 0.795751634375 0.6790123453125 0.7990196078125 0.6839506171874999 0.7990196078125 0.6888888890625 0.810457515625 0.6888888890625 0.812091503125 0.6938271609375 0.8186274515624999 0.6938271609375 0.8186274515624999 0.691358025 0.8235294124999999 0.691358025 0.8235294124999999 0.6888888890625 0.8333333328125001 0.6888888890625 0.8333333328125001 0.686419753125 0.84150326875 0.686419753125 0.84150326875 0.6839506171874999 0.8496732031249999 0.6839506171874999 0.8496732031249999 0.68148148125 0.8627450984375 0.68148148125 0.8627450984375 0.6790123453125 0.8692810453125001 0.6790123453125 0.8692810453125001 0.676543209375 0.87581699375 0.676543209375 0.8790849671875 0.68148148125 0.8790849671875 0.686419753125 0.8823529406249999 0.6839506171874999 0.8807189546874999 0.659259259375 0.8774509796875 0.6543209875 0.8578431375 0.649382715625 0.8578431375 0.6469135796875001 0.8513071890624999 0.6469135796875001 0.8513071890624999 0.64444444375 0.84150326875 0.64444444375 0.83823529375 0.649382715625 0.830065359375 0.6518518515625 0.830065359375 0.6543209875