3 0.519693846875 0.6487024203125 0.5107897796875001 0.640674734375 0.488636240625 0.6520551515624999 0.47480105625 0.69122274375 0.4792107453125 0.759749715625 0.511695390625 0.715264134375 0.519693846875 0.6487024203125
3 0.3984782109375 0.8197545484375001 0.41511492031249997 0.875328896875 0.4435419203125 0.9046466125 0.45346843437500006 0.90621881875 0.4678148421875 0.8638234875 0.4626806671875 0.735624996875 0.4410383515625 0.7437776734375 0.435851625 0.7925868203124999 0.41205778281249994 0.7822008265625 0.3984782109375 0.8197545484375001
3 0.514229571875 0.5386495484375 0.5274790406250001 0.5192414453125 0.5383958625 0.46637679218750006 0.5287249578125001 0.46319071718749993 0.49168164531249997 0.472212825 0.479454621875 0.4851654484375 0.492150521875 0.5334982140625 0.514229571875 0.5386495484375
3 0.55381726875 0.24051834218749998 0.5539239 0.271967971875 0.54323055 0.27523737656249997 0.52786169375 0.3240881875 0.5401953484375001 0.34258519375 0.55234788125 0.346164321875 0.5606340953125 0.3259701171875 0.576801928125 0.320259075 0.598816690625 0.2294476484375 0.5859718125 0.21417838125 0.5710820390625 0.21182007343749998 0.565096334375 0.21748945000000003 0.55381726875 0.24051834218749998
3 0.60790188125 0.252393215625 0.6033008671875 0.281442871875 0.623335021875 0.2995051625 0.651591103125 0.2014104890625 0.6442207062499999 0.1836995859375 0.6186375796875 0.18461068125 0.613088609375 0.20358406874999999 0.5899126234375001 0.2214199640625 0.60790188125 0.252393215625
3 0.6837879953125 0.1105574 0.69524818125 0.1024463859375 0.7171884562499999 0.028166709374999998 0.6998170531250001 0.025415349999999996 0.6719334203125 0.0408512734375 0.66357271875 0.077577228125 0.6696650562500001 0.10335748125 0.6837879953125 0.1105574
3 0.61018045 0.07739249687500001 0.6053238249999999 0.10805602343750001 0.586855484375 0.12829189375 0.593277925 0.135926528125 0.6056860703125 0.137891784375 0.6119273859375001 0.1306085390625 0.6307579718749999 0.140208428125 0.6457967250000001 0.1095032390625 0.64065234375 0.0937992546875 0.630725828125 0.09222705 0.641568159375 0.0558941453125 0.61018045 0.07739249687500001
3 0.723602221875 0.5337607578125 0.72863996875 0.5180151109375 0.766013384375 0.49084738281250007 0.7586429859375 0.473136478125 0.77214806875 0.45211450624999994 0.7667480765625 0.43802439375 0.7406537265625001 0.442163228125 0.7174777421874999 0.45999912500000006 0.702843578125 0.45602694687499995 0.6890828859375 0.47866278749999996 0.656054871875 0.47839472968749996 0.6386089796875 0.4921751203125 0.643753359375 0.5078791015624999 0.6290447078125 0.5204386734375 0.6262329765625 0.5381912421874999 0.63447684375 0.582510165625 0.6107896328125 0.603573803125 0.6124299359375 0.6253402125 0.6300569515625 0.6264777046875001 0.647609475 0.6441469421875 0.656332421875 0.6372567484375 0.6612635375 0.590061471875 0.6945471609375 0.5887156609375 0.7508256515625 0.5546160734375001 0.752870546875 0.541705115625 0.723602221875 0.5337607578125
3 0.8458418359375001 0.74171805625 0.822740340625 0.743022203125 0.8057433140624999 0.7730668703125 0.79562354375 0.7536165171875 0.7824485640625001 0.75649286875 0.7609873703125001 0.7795634265625 0.766280025 0.7983761375 0.7694612828125 0.8332719265625 0.7324251187499999 0.8589656140624999 0.7644067531250001 0.9025272578125 0.7902776328125001 0.9479836718750001 0.817064328125 0.9555349765625 0.8491443828125 0.9457267671875 0.8845473921875 0.914938246875 0.8908632000000001 0.89112325 0.8779861765625 0.8278726046875 0.8888285078125 0.7915397 0.8458418359375001 0.74171805625
3 0.46042250625000003 0.685636696875 0.46735617031250004 0.6900435890625001 0.468346475 0.63560673125 0.449952625 0.63931085 0.445244978125 0.6369108781249999 0.4542980265625 0.6118750640624999 0.448642421875 0.59939881875 0.43846029375000006 0.599440484375 0.4210144015625 0.6132208734375 0.41539094062500004 0.648726009375 0.40418636562500004 0.655223153125 0.399915453125 0.6661271906249999 0.40754146249999995 0.682224225 0.407722584375 0.6971421046875 0.41662665312499997 0.7051697906250001 0.4082659515625 0.7418957453125 0.417606753125 0.7632274406249999 0.4238480703125 0.75594419375 0.423155725 0.7442540531249999 0.44253988125 0.686113075 0.46042250625000003 0.685636696875
3 0.5867927296875 0.41779404062500003 0.6098197359374999 0.43302164374999996 0.6281069546875 0.39786789375 0.6228559421875 0.35071428125000004 0.5973794484375 0.38307500625 0.59223506875 0.367371025 0.582052940625 0.3674126875 0.577196315625 0.398076215625 0.5867927296875 0.41779404062500003