2 0.5950770453125 0.152718040625 0.6140503421875 0.13659893750000002 0.65088455 0.1213872203125 0.66673836875 0.0808337921875 0.69492021875 0.060911759375 0.703214696875 0.042227154687500004 0.678360325 0.0328725296875 0.59659575 0.0500724015625 0.5556989328124999 0.09137655781250001 0.51112644375 0.11675963593750001 0.4796268046875 0.1441555109375 0.489372175 0.17544496406250001 0.5186470375 0.1821020703125 0.5523520796875 0.16425884375 0.5950770453125 0.152718040625
4 0.6158106812499999 0.31898198906249997 0.6456804875000001 0.22991459375 0.6280372671875 0.1534934109375 0.5827393296875 0.15388945781250002 0.5492229156249999 0.1616273328125 0.5387230375 0.170759290625 0.5403625578125 0.210627996875 0.5259693171875 0.279352671875 0.534790928125 0.3175632625 0.549512984375 0.3376419515625 0.58449966875 0.336272509375 0.6158106812499999 0.31898198906249997
2 0.450361628125 0.1156955921875 0.441907584375 0.079077109375 0.4551690625 0.070984553125 0.43843991562499995 0.0094450484375 0.42941999218750004 0.0031426250000000005 0.3726984140625 0.0195917671875 0.3844605609375 0.07053922343749999 0.40874905000000006 0.11020990625 0.417768975 0.1165123296875 0.450361628125 0.1156955921875
2 0.5052356828125 0.11308872343750001 0.4754143125 0.0931420484375 0.44597988437499997 0.0311818546875 0.430870884375 0.053116684375 0.4520108359375 0.133761484375 0.47520631093750004 0.1468530296875 0.4847824296875 0.14464220781249998 0.5052356828125 0.11308872343750001
2 0.7990124 0 0.8006347765624999 0.016382020312500002 0.7897673296875001 0.0239218703125 0.7978634921875 0.037145432812500004 0.8295323859374999 0.0432498328125 0.8486846234375 0.038828190624999995 0.8508997125000001 0.026578024999999998 0.8621347265624999 0.02063028125 0.9008067687500001 0.0133791046875 0.897717959375 0 0.7990124 0
2 0.42526050781249997 0.2472632046875 0.3972575984375 0.278882696875 0.3954003875 0.3145277859375 0.41084789375 0.35959350625000003 0.46185764999999995 0.351170909375 0.4563635171875 0.2836836625 0.42526050781249997 0.2472632046875
4 0.5313956390625 0.499459615625 0.5356662531249999 0.41965619531250004 0.5327257171875 0.40691933125 0.5141296734374999 0.40282772656250004 0.4826397203125 0.40842078906249996 0.4752690046875 0.4201842578125 0.48019725468749996 0.5179875640625 0.4908663875 0.5423558796875 0.5275119671875 0.537249515625 0.5400383078125001 0.5259727453124999 0.5313956390625 0.499459615625
2 0.608502659375 0.6040766843750001 0.6254494921875 0.5901023953125 0.6230748375 0.5470494734375 0.5790779171875 0.520313678125 0.53874698125 0.5313017734375001 0.505220878125 0.5608424624999999 0.5030057875 0.5730926296875001 0.5179067859375001 0.6048687796875 0.5383406640625 0.6169209234374999 0.5760889453125 0.6165908828125 0.608502659375 0.6040766843750001
4 0.4807631375 0.4876715046875 0.42423018749999997 0.4940152953125 0.41667084374999996 0.5158841171875 0.4435323015625 0.5666995546875 0.46286347812499995 0.5739753750000001 0.48643620781249997 0.5668562125000001 0.4807631375 0.4876715046875
2 0.507237653125 0.5805004625 0.5203298765625 0.5389076328125 0.501733834375 0.5348160296875 0.48976368593749997 0.53757955625 0.48312810468749995 0.552527240625 0.4840228046875 0.611014546875 0.49395680156250005 0.6321986468749999 0.5166057703125 0.632000621875 0.5418373953125 0.621144540625 0.507237653125 0.5805004625
2 0.3566024125 0.60521554375 0.357337546875 0.6083997609375 0.364887203125 0.6083337515625 0.36525477031250003 0.609925859375 0.3700428296875 0.60882045 0.370410396875 0.61041255625 0.3751984546875 0.6093071453125 0.3759335890625 0.6124913624999999 0.38311567968750004 0.610833246875 0.38367187343750003 0.6023200015625 0.386065903125 0.6017672968750001 0.38772479843749996 0.598030375 0.3925128578125 0.5969249640625 0.3938041875 0.591595934375 0.396198215625 0.5910432296875 0.3864625328125 0.5379509609375 0.3840685015625 0.5385036671875 0.380571771875 0.53428005 0.3706280859375 0.5348987625 0.370995653125 0.5364908703125 0.361419534375 0.5387016921875001 0.3597606375 0.5424386125 0.35497257968749996 0.5435440234375 0.3557077125 0.5467282390625 0.353313684375 0.5472809437499999 0.3520223546875 0.5526099734375001 0.3496283265625 0.553162678125 0.3522012953125 0.5643074343750001 0.34980726562500003 0.5648601390625 0.351277534375 0.571228571875 0.348883503125 0.5717812765625 0.3490624453125 0.5834787375 0.3466684140625 0.5840314421875 0.349241384375 0.5951761984374999 0.3516354140625 0.59462349375 0.354208384375 0.6057682484375 0.3566024125 0.60521554375
2 0.3757352765625 0.6443995296875 0.3772055453125 0.6507679609375 0.3795995734375 0.65021525625 0.3829076765625 0.664544228125 0.3853017078125 0.663991521875 0.3860368421875 0.6671757375 0.39082490000000003 0.6660703265625 0.3911924671875 0.6676624359375001 0.39837455781250003 0.66600431875 0.398006990625 0.6644122109375 0.4027950484375 0.6633068 0.40205991562500004 0.660122584375 0.40445394375 0.6595698796875 0.40371880937500004 0.6563856640625 0.40611284062499997 0.655832959375 0.40537770625 0.6526487421875 0.4077717359375 0.6520960359375 0.40593389999999996 0.6441354968749999 0.40832792968750004 0.6435827921875 0.40685766093750003 0.6372143609375 0.4092516921875 0.63666165625 0.4022679171875 0.6064116046875 0.40466194531250005 0.6058589 0.40355924375 0.6010825750000001 0.401165215625 0.60163528125 0.40043008125 0.5984510656250001 0.39564202187499997 0.599556475 0.3952744546875 0.5979643671875 0.39288042500000003 0.598517071875 0.3925128578125 0.5969249640625 0.38772479843749996 0.598030375 0.38735723125 0.5964382671874999 0.37096659062500004 0.6018993109374999 0.3713341578125 0.6034914203125 0.3665461 0.6045968312500001 0.3669136671875 0.6061889390624999 0.362493175 0.60888645625 0.3694769484375 0.6391365078125 0.371870978125 0.638583803125 0.37334124687500003 0.644952234375 0.3757352765625 0.6443995296875
2 0.35571739999999996 0.524925425 0.3610519671875 0.537109584375 0.363445996875 0.5365568781250001 0.3665751609375 0.5391883890625 0.3833333671875 0.5353194515624999 0.383700934375 0.536911559375 0.386094965625 0.5363588546875 0.3857273984375 0.534766746875 0.38812142656250004 0.534214040625 0.3818727859375 0.50714820625 0.3842668171875 0.5065955 0.38316411562499997 0.5018191765625 0.38077008437500004 0.50237188125 0.377640921875 0.49974037187500003 0.35848868437500003 0.5041620140624999 0.3588562515625 0.505754121875 0.3516741625 0.5074122375 0.35204172968749997 0.5090043453125 0.3496477 0.50955705 0.350382834375 0.5127412671875 0.34798880468750004 0.5132939734375 0.349459071875 0.519662403125 0.351853103125 0.5191096984375 0.353323371875 0.52547813125 0.35571739999999996 0.524925425
4 0.8912494765625001 0.802083334375 0.8251500953124999 0.7888351328125001 0.783556890625 0.7397438171874999 0.6993982875 0.7574963953125 0.690368675 0.7729967859375 0.732648578125 0.9342863843749999 0.75215869375 0.9532596640625 0.9225023671875 0.9156096968749999 0.8912494765625001 0.802083334375
2 0.5732304765625 0.8335796203125 0.56257103125 0.7874084890625 0.5362560796875 0.7498826203125 0.48617977031250004 0.7295812640625 0.45413362343749997 0.74368756875 0.447865609375 0.7602273625 0.4968101546875 0.8411608359375 0.5430221656249999 0.8556464640625 0.5669624609375 0.8501194125 0.5732304765625 0.8335796203125
2 0.5502095312499999 1 0.5558482625 0.9985814984375001 0.5586486093749999 0.9124096453125 0.5378665375 0.8551597687499999 0.5163202703125 0.860134115625 0.49292648124999994 0.8789507375 0.4669112859375 0.9956366718749999 0.46839027343749995 1 0.5502095312499999 1
2 0.4293710078125 0.9422557312500001 0.45367887187499994 0.9383207875 0.45902312500000003 0.9287021296875 0.45129452968750006 0.9170706765625001 0.45700635 0.9090441312499999 0.45590364843750003 0.90426780625 0.4636419328125 0.8940964453125 0.46253923124999996 0.8893201218750001 0.471380215625 0.883925084375 0.47820442500000004 0.858872046875 0.49238966250000005 0.843858353125 0.48889293125 0.8396347343749999 0.4713995890625 0.8403194562499999 0.46035320312500005 0.8361618468750001 0.4542835015625 0.820793471875 0.4494954421875 0.8218988828124999 0.43770423437500006 0.8363598703124999 0.4327275484375 0.847570634375 0.43290648750000005 0.8592680953125 0.41890019062499995 0.8859792484375 0.4200028921875 0.890755571875 0.40360256406249995 0.91801943125 0.40801336875 0.9371247265625 0.41795705468750005 0.9365060125 0.42145378593749994 0.94072963125 0.4293710078125 0.9422557312500001
4 0.43856987187499996 0.9602556171875 0.44148568125 0.9595824500000001 0.44321719687499994 0.9564291453125 0.44320245937499997 0.956365309375 0.44282738750000006 0.9527643609374999 0.43972550000000005 0.9433331828125 0.44336761874999997 0.937347390625 0.43545039531249996 0.9358212921875 0.4347152625 0.9326370765625001 0.43232123125 0.93318978125 0.4319536640625 0.9315976734375001 0.42127484531250003 0.9290321703125001 0.413367309375 0.90570325625 0.41097327968749997 0.9062559625000001 0.407844115625 0.9036244515625 0.40305605624999996 0.9047298625 0.40268848906250004 0.9031377546874999 0.390718340625 0.90590128125 0.3910859078125 0.9074933890624999 0.37948332812499996 0.911849021875 0.3798508953125 0.9134411312499999 0.377456865625 0.9139938359374999 0.3781919984375 0.9171780515625001 0.37579796875000004 0.9177307578124999 0.3761655359375 0.919322865625 0.3737715078125 0.9198755703125 0.374506640625 0.9230597859375 0.37211261093750003 0.9236124921875 0.3746855796875 0.9347572468750001 0.3722915515625 0.9353099515625001 0.376523415625 0.9427177875 0.378917446875 0.9421650828124999 0.380020146875 0.9469414046875 0.3824141765625 0.9463887 0.38738117656250004 0.9569807515625 0.38977520625 0.9564280453125 0.393639503125 0.962243771875 0.39603353281250003 0.9616910656250001 0.404685890625 0.9664013828125 0.4242056953125 0.9635718484375 0.42457326249999994 0.96516395625 0.4389374390625 0.9618477234375 0.43856987187499996 0.9602556171875
4 0.5680748484375 0.8330929218750001 0.5424756578125 0.8423568953125 0.5365655234375 0.8822916109375001 0.54833735625 0.9114362515625001 0.577800846875 0.9079880031249999 0.5894131140625001 0.8818295546874999 0.5680748484375 0.8330929218750001
2 0.6668637578125 0.6274962484375 0.6434990296875001 0.580904428125 0.6287672828125 0.5826285515625 0.608502659375 0.6040766843750001 0.5922812703125 0.6430380046875 0.5896889265625 0.6754988765625 0.6014607609375 0.7046435171875001 0.6484175921875 0.7005105484375 0.680096171875 0.684812134375 0.6668637578125 0.6274962484375
4 1 0.5203787 0.95361049375 0.5260792296875 0.9331669281250001 0.5358299015625 0.763152075 0.6622832328125 0.756884059375 0.6788230265624999 0.7817287421875 0.7099804640625 0.7973551875 0.7667436453125 0.8452164062499999 0.7992951671874999 0.873756134375 0.80276805625 0.8953024031249999 0.7977937078124999 1 0.7572209234375 1 0.5203787