3 0.36047905 0.555083228125 0.366114190625 0.5445015765625 0.34971239375 0.5257592640625 0.30836121250000004 0.5218105421875 0.242936584375 0.54266741875 0.2939595015625 0.5634250953125 0.36047905 0.555083228125
3 0.165183184375 0.4788494671875 0.115284415625 0.5084366484375 0.093714675 0.5431118421875001 0.0945906125 0.5531238484375 0.13919733125 0.556787746875 0.262345709375 0.52079205625 0.2491994515625 0.5017649203125 0.20058536249999998 0.5085402640625001 0.20490659687499999 0.48294060156249996 0.165183184375 0.4788494671875
3 0.46594095312499995 0.5231570640625 0.48797788906250006 0.531317721875 0.5419132546875 0.5291211515625001 0.5426650859375 0.5189667328125 0.5249493843749999 0.48520640937500004 0.509423525 0.4764761046875 0.46559786406250003 0.5004876375 0.46594095312499995 0.5231570640625
3 0.76479351875 0.4894443703125 0.7343038734375 0.4971561890625 0.7285446296875 0.48757141718749997 0.6774268328125 0.48447716406249997 0.6624630484375 0.5009192875 0.6619302 0.5135767078125 0.6835291671875 0.5167313640625 0.6929819187499999 0.5310373171875 0.7864217109375 0.530428875 0.7981299578125001 0.514271575 0.7968160531249999 0.49925356406250004 0.7898670078125 0.49481720625000003 0.76479351875 0.4894443703125
3 0.7663556328125 0.54479523125 0.7370557890625 0.5473586359375 0.724376725 0.5711673546875 0.8263933328125 0.574852859375 0.8417950875000001 0.5634167390625 0.8347219359375 0.5388139546875 0.8149697218749999 0.538019890625 0.79205685 0.519847225 0.7663556328125 0.54479523125
3 1 0.5695922546875 0.98710450625 0.5557481328125 0.9494468328125001 0.5565205921875 0.9259062328125 0.56866876875 0.92233683125 0.5841140140625 0.9329793828125 0.5932715515625 1 0.5961458921875 1 0.5695922546875
3 0.9367093171875001 0.5046696109375 0.9057817046875 0.5073754265625 0.88167903125 0.494351175 0.8758249062499999 0.5024298265625 0.876919828125 0.5149448359375 0.8854966421875 0.51923878125 0.880737440625 0.5398324421875 0.914168759375 0.546996221875 0.928161728125 0.5382055140625 0.9272857921875 0.5281935078125 0.96516245 0.52992405 0.9367093171875001 0.5046696109375
3 0.5213363546875 0.7251277468749999 0.5378330296875 0.726206634375 0.5732352078125 0.75589743125 0.5886369609375001 0.744461309375 0.6123016671875 0.752479559375 0.624666865625 0.7438312625 0.6143381781249999 0.7195133015625 0.59142530625 0.7013406359375 0.59173916875 0.6861802124999999 0.5664466953125 0.6783043765625 0.5587165921875 0.6461925875000001 0.54112499375 0.632598690625 0.5271320265624999 0.641389396875 0.5113871828125001 0.630156090625 0.493481721875 0.631722615625 0.45247363125 0.650443321875 0.42630522031250007 0.632555478125 0.405582190625 0.639412828125 0.4087428484375 0.6567914296875 0.3958448015625 0.6780971453125 0.4046406 0.68489409375 0.45162691875 0.6782611640625 0.4609847921875 0.710230540625 0.5076864734375001 0.75658788125 0.5207086265624999 0.755448590625 0.5213363546875 0.7251277468749999
3 0.349128715625 0.8940457468749999 0.34227455 0.871945965625 0.3090103859375 0.8627222859374999 0.3254347859375 0.84819765 0.31945655624999997 0.836109875 0.2918793609375 0.8208674437499999 0.2749058765625 0.830554090625 0.241816259375 0.8420829078125 0.2079259234375 0.812362740625 0.1733953046875 0.8539329 0.13554787343750002 0.8900322062500001 0.1347011625 0.9178500484375001 0.15197889375 0.9466043671875 0.1904176265625 0.9735073390625001 0.2150531484375 0.9738741703124999 0.2733097453125 0.946077934375 0.31118640468750003 0.9478084765625001 0.349128715625 0.8940457468749999
3 0.31030284531249996 0.506507709375 0.307704259375 0.5143015375 0.3607636875 0.50209295625 0.352719721875 0.48514159062499995 0.353909521875 0.479993175 0.380391796875 0.48272059843750004 0.391129228125 0.47421471249999997 0.388625521875 0.46434511718750004 0.371033925 0.4507512203125 0.3352230046875 0.45388426875 0.326208221875 0.44458431875000004 0.314594853125 0.443078196875 0.30082086874999997 0.45437190625 0.28638993125 0.458156609375 0.280754790625 0.46873826249999995 0.2430971171875 0.469510721875 0.224658809375 0.4837346671875 0.2332356234375 0.48802861249999996 0.2444110234375 0.4845287328125 0.3055144171875 0.48927152031250004 0.31030284531249996 0.506507709375
3 0.600761153125 0.56432719375 0.5915566109375 0.590354090625 0.6300902234375 0.5995936375 0.6745728375 0.5830911109375 0.6370100421875 0.566200146875 0.6510030109375 0.5574094406250001 0.6484993046875001 0.54753984375 0.6175716921875 0.550245659375 0.600761153125 0.56432719375