0 0.7953125 0.749440715625 0.8484375 0.7606263984375 0.8578125 0.74272930625 0.8703125 0.736017896875 0.8375 0.722595078125 0.815625 0.7002237140625 0.7734375 0.7002237140625 0.7625 0.7136465328125 0.7859375 0.7315436234375 0.7953125 0.749440715625
0 1 0.7337807609375 0.93125 0.7293064874999999 0.903125 0.7449664421875 0.8859375 0.74272930625 0.9046875 0.7762863531249999 1 0.778523490625 1 0.7337807609375
0 0.6859375 0.5682326625 0.6609375 0.5771812078125 0.6515625 0.5950783000000001 0.6234375 0.60850111875 0.6171875 0.6174496640625 0.61875 0.6353467562499999 0.6546875 0.6599552578125001 0.74375 0.6711409390624999 0.7703125 0.6823266218749999 0.7984375 0.6756152125 0.809375 0.6823266218749999 0.90625 0.6778523484375001 0.91875 0.6868008953125 1 0.68903803125 0.9984375 0.545861296875 0.91875 0.5234899328125 0.875 0.5369127515625001 0.846875 0.521252796875 0.759375 0.51230425 0.7265625 0.5167785234375 0.7015625 0.534675615625 0.6859375 0.5682326625
2 0.275 0.736017896875 0.290625 0.7561521250000001 0.309375 0.7472035796875 0.328125 0.6868008953125 0.3296875 0.6532438484374999 0.3171875 0.648769575 0.303125 0.6644295296875 0.296875 0.7002237140625 0.275 0.736017896875
4 0.496875 0.7404921703125 0.546875 0.7091722593750001 0.559375 0.6823266218749999 0.5453125 0.6666666671875 0.5015625 0.7046979859375 0.484375 0.7382550328125 0.496875 0.7404921703125
4 0.4015625 0.7941834453125 0.41875 0.805369128125 0.4359375 0.791946309375 0.4890625 0.7293064874999999 0.4859375 0.7181208046875 0.4796875 0.7181208046875 0.440625 0.74272930625 0.4109375 0.7740492171875 0.4015625 0.7941834453125
4 0.390625 0.789709171875 0.421875 0.765100671875 0.409375 0.749440715625 0.3921875 0.749440715625 0.36875 0.7606263984375 0.3703125 0.789709171875 0.390625 0.789709171875
1 0.3546875 0.7069351234375 0.328125 0.6823266218749999 0.3203125 0.7203579421875 0.3359375 0.7337807609375 0.3546875 0.7069351234375
3 0.165625 0.74272930625 0.1953125 0.7382550328125 0.2078125 0.7114093953125 0.2 0.6756152125 0.1640625 0.6756152125 0.1484375 0.7203579421875 0.1625 0.7293064874999999 0.165625 0.74272930625
2 0.0640625 0.897091721875 0.0890625 0.8903803124999999 0.103125 0.9082774046875001 0.1375 0.9082774046875001 0.15 0.926174496875 0.1578125 0.926174496875 0.1625 0.9418344515625 0.1734375 0.9373601796875001 0.171875 0.9172259515625001 0.1625 0.9172259515625001 0.1640625 0.9082774046875001 0.1515625 0.8903803124999999 0.11875 0.885906040625 0.065625 0.8612975390625 0.053125 0.8747203578124999 0.053125 0.885906040625 0.0640625 0.897091721875
2 0.1171875 0.76957494375 0.1625 0.79865771875 0.19375 0.79642058125 0.196875 0.7762863531249999 0.190625 0.765100671875 0.1375 0.7203579421875 0.1203125 0.7181208046875 0.109375 0.7293064874999999 0.109375 0.7539149890625 0.1171875 0.76957494375
2 0.1390625 0.87695749375 0.1484375 0.8680089484375 0.165625 0.8747203578124999 0.1796875 0.8590604031250001 0.196875 0.856823265625 0.215625 0.8411633109375 0.2140625 0.8210290828125 0.1890625 0.8143176734375001 0.134375 0.8478747203125 0.1296875 0.863534675 0.1390625 0.87695749375
2 0.09375 0.7046979859375 0.1171875 0.68903803125 0.134375 0.6935123046875 0.153125 0.6800894859375 0.15 0.66219239375 0.1234375 0.655480984375 0.084375 0.6644295296875 0.08125 0.7002237140625 0.09375 0.7046979859375