0 0.69056920625 0.8881116828125 0.7095968734375 0.8813187140625001 0.70591361875 0.8271539765625 0.6894954484375 0.8153794203125001 0.6750344 0.78967921875 0.66022000625 0.7986421796875 0.6543486406250001 0.8404191140625 0.6734578765625 0.8651947203124999 0.6821834484375 0.8995559875 0.69056920625 0.8881116828125
0 0.71018161875 1 0.7172759390625 0.9392007375 0.6866549625 0.9159629734375001 0.6864782890625001 0.9332945546875001 0.6670564921875 0.9589664000000001 0.663988140625 1 0.71018161875 1
0 0.6200256453125 1 0.6267042265625 0.9406724140625 0.6195824296875 0.927048665625 0.6374955531250001 0.8317391453124999 0.632371665625 0.8199740406249999 0.642932003125 0.7930567984375 0.6355519640625 0.76519605625 0.6368702453124999 0.6754435609375 0.6175027656250001 0.6364309609375 0.5999973046875 0.6323928734375001 0.5902660140625 0.6373366515625001 0.57305958125 0.6633198453125 0.5540319140625 0.670112815625 0.541691128125 0.6936241203125 0.5062860765625 0.7044268203125 0.48508382968749997 0.726692728125 0.47608648281250004 0.7585632015625 0.472770296875 0.8464570546875001 0.48436360624999997 0.8764877875 0.46498259375 0.9179439203124999 0.4760458859375 0.9999694 0.47624761718749997 1 0.6200256453125 1
2 0.7827986375 0.328312109375 0.765034934375 0.3100370265625 0.7265446875 0.326717553125 0.6902290171875001 0.3279251421875 0.6727643421875 0.3396713421875 0.675455409375 0.352672390625 0.7089033390624999 0.3557953359375 0.771327684375 0.3456342375 0.7827986375 0.328312109375
4 0.7381109312499999 0.517685753125 0.7024884218749999 0.530035746875 0.658738396875 0.5680670390625 0.672288828125 0.584172128125 0.7006128703125001 0.5755299671875 0.7385866328125 0.530375453125 0.7381109312499999 0.517685753125
4 0.8137051109375 0.4620398875 0.8050203249999999 0.443462909375 0.7837772937499999 0.4499445296875 0.748630484375 0.4749842234375 0.7188250218750001 0.510241728125 0.7179551890625 0.5164309046875 0.7285970984375 0.5210822375 0.798020884375 0.477192025 0.8137051109375 0.4620398875
4 0.804938753125 0.411894334375 0.7763564703125 0.4062995 0.762017775 0.4279521625 0.7596257375000001 0.44497239375 0.773393628125 0.4595301890625 0.8021117999999999 0.432009153125 0.804938753125 0.411894334375
1 0.7044726078125 0.3551726375 0.7251448359375 0.3849014734375 0.754338709375 0.37007013906249997 0.7432211 0.35272910468749996 0.7044726078125 0.3551726375
3 0.7869030875 0.2026605046875 0.7740458140625 0.197697821875 0.7671414765625 0.1825267796875 0.7206596015625 0.191772734375 0.7156580671875 0.22736049375 0.7500166140625 0.24007855 0.7783406546875 0.23143638906250003 0.7869030875 0.2026605046875
2 0.960136459375 0.22385115625 0.9588317109375 0.23313491874999998 0.9785525359375 0.23748435625000003 0.9845054703124999 0.227275996875 0.9696502921875 0.220454671875 0.9707375812500001 0.2127182015625 0.9547543265625 0.1978490578125 0.9595384015624999 0.1638085921875 0.9437726046874999 0.1473921546875 0.9538980265625 0.1235695 0.9443434093749999 0.11118169687499999 0.933266584375 0.1096249515625 0.9182347312499999 0.12013520625 0.9352101749999999 0.1761680390625 0.9350742859375 0.2092839078125 0.951057540625 0.224153053125 0.960136459375 0.22385115625
2 0.8361575984374999 0.23798417500000002 0.8427221234375001 0.20734964687500002 0.8202286609374999 0.15843058593749998 0.8058083984375 0.148514671875 0.7814393843749999 0.14508983125 0.7688403546875 0.1543641421875 0.7686636828125 0.1716957234375 0.8055774078125 0.23053069843750001 0.8157844000000001 0.23827662031250002 0.8361575984374999 0.23798417500000002
2 0.9001449359375 0.232776309375 0.9176096109375 0.221030109375 0.9133555546875 0.20307582812499997 0.9235217609375 0.1950374625 0.91153431875 0.183885603125 0.8953743921875 0.18634804062500002 0.8545328921875001 0.2358330875 0.8576996578125 0.2615238375 0.8774204843750001 0.2658732734375 0.8955375328124999 0.2494851921875 0.9001449359375 0.232776309375
2 0.740475528125 0.1472220140625 0.7592449515624999 0.12619205 0.7565538859375 0.11319100156249999 0.7206731328125 0.1113040015625 0.706375225 0.1487409515625 0.709324534375 0.17597899374999998 0.7266125375 0.1815643765625 0.7425142218749999 0.1648649453125 0.740475528125 0.1472220140625