0 0.345016421875 0.8013929203125001 0.3300478578125 0.7926898703124999 0.3160375421875 0.8186385375 0.29982736718749997 0.8306978375 0.2970899796875 0.8849186078125 0.31623330156249996 0.8913784640625 0.3248175125 0.902674671875 0.33294206875 0.86816635625 0.35161600000000004 0.8430610218749999 0.345016421875 0.8013929203125001
0 0.344505759375 1 0.34097901875000003 0.9618120343750001 0.3211121453125 0.93648305625 0.32063302031249996 0.9191571984375001 0.29042226250000003 0.9429258328125 0.29809378125 1 0.344505759375 1
0 0.5295815984375001 1 0.5326761359375001 0.9994751953125001 0.5423062 0.9172691281249999 0.5222046296875 0.8761575546874999 0.5332720656250001 0.8459290625 0.528422425 0.758106471875 0.51887023125 0.7263978796874999 0.4972826203125 0.7045053921875 0.46169442812500006 0.694322240625 0.4489451921875 0.67102989375 0.4298018703125 0.6645700375 0.4121445890625 0.6388910937500001 0.4023285 0.634117903125 0.3848961796875 0.6384608875 0.36621251250000003 0.6778055546874999 0.369096990625 0.7675213750000001 0.36220431249999996 0.795506671875 0.3732328125 0.8222355109375 0.368315034375 0.8340882484375 0.3878888109375 0.9290706249999999 0.381005865625 0.9428165906249999 0.38845585312500003 1 0.5295815984375001 1
2 0.3067968359375 0.33127130312499997 0.270465621875 0.3306976953125 0.2316901203125 0.31469145625 0.2142480671875 0.333273775 0.2260195859375 0.3503930703125 0.288611759375 0.3594631640625 0.32200009218750003 0.3557569484375 0.32446385 0.3427109140625 0.3067968359375 0.33127130312499997
4 0.2619798296875 0.5345347375 0.3007358640625 0.5790196421875 0.3292064171875 0.5871661625 0.3424737125 0.5708270390625 0.2980666140625 0.5335650828125 0.26223399375 0.52183866875 0.2619798296875 0.5345347375
4 0.2509707984375 0.479327234375 0.21539233906250002 0.45490475 0.1940394234375 0.44879485937499997 0.18568017187500002 0.467520578125 0.2016264515625 0.4823966796875 0.2718056546875 0.525068596875 0.2823647640625 0.52023224375 0.28138705 0.5140591921875 0.2509707984375 0.479327234375
4 0.196747609375 0.43729208750000004 0.22594171406250002 0.4643077296875 0.239453440625 0.44951186875 0.23676472343750002 0.43253597499999996 0.22205032187499998 0.41113685625 0.193570034375 0.41722966718750004 0.196747609375 0.43729208750000004
1 0.2542457125 0.35699632812500004 0.2434324390625 0.37452874999999997 0.2728807078125 0.38884832343750003 0.2930309484375 0.358763234375 0.2542457125 0.35699632812500004
3 0.22072002343750002 0.2025266234375 0.2079513203125 0.207712940625 0.21701465625 0.2363350078125 0.245485209375 0.24448152812499999 0.2796165625 0.2311657703125 0.2739946984375 0.1956707203125 0.2273585375 0.1872373953125 0.22072002343750002 0.2025266234375
2 0.01080863125 0.235773321875 0.0169388203125 0.24587623125000002 0.0365807328125 0.24118328125000002 0.0351141609375 0.23192370312500002 0.0441969640625 0.23206710625000002 0.0599182828125 0.21692127968750002 0.0592044640625 0.183812825 0.07519941249999999 0.1274922640625 0.0599864203125 0.11724595156249999 0.0489384515625 0.11899577812499999 0.0396014859375 0.1315484453125 0.050141129687499994 0.1551907578125 0.034664239062500005 0.171879846875 0.0400416734375 0.20583163437500002 0.02432035625 0.2209774609375 0.025542500000000003 0.228693775 0.01080863125 0.235773321875
2 0.22516841406250002 0.1591086953125 0.21240944218750002 0.1500556796875 0.1881039125 0.15390529687500001 0.17385890312500002 0.16407136875 0.152222621875 0.2133755453125 0.15932079375 0.243890840625 0.17969599375 0.2438276796875 0.1897662453125 0.2359048015625 0.2256475359375 0.176434553125 0.22516841406250002 0.1591086953125
2 0.1381928375 0.26780287812500003 0.1409107578125 0.2420607734375 0.09921184375 0.193296046875 0.0830114015625 0.1911160140625 0.0712204140625 0.20247538281250002 0.0815253609375 0.2103351 0.077585296875 0.22836088906250002 0.0952523109375 0.2398005 0.1001506234375 0.256426428125 0.118550925 0.272495828125 0.1381928375 0.26780287812500003
2 0.272576796875 0.11521447968750001 0.236734440625 0.117727396875 0.23427068437499998 0.13077343125000002 0.253404271875 0.1514726203125 0.2516738015625 0.16914844375 0.267864509375 0.185567809375 0.2850524015625 0.1796815609375 0.287525890625 0.15239619375 0.272576796875 0.11521447968750001