5 0.302955790625 1 0.294774965625 0.8722061390625001 0.2831220859375 0.8372455328124999 0.24852211249999998 0.8162380171875 0.08902043750000001 0.8477745125 0.0755258390625 0.8643098765625 0.10935718593749999 1 0.302955790625 1
5 0.4156937421875 0.8272405734375001 0.39732495156250003 0.8713327718749999 0.4008030609375 0.8852827109374999 0.4255049046875 0.91369715 0.45463530468749996 0.92454395 0.4905130046875 0.9271230671874999 0.5264498843750001 0.918162996875 0.581855746875 0.881299896875 0.5945774312500001 0.8616645484375001 0.5734720546875 0.8241216703124999 0.5045993875 0.7951958203125 0.4868537640625 0.7946812578125 0.4156937421875 0.8272405734375001
5 0.5604089640625001 1 0.6330141796875 0.9804963078125001 0.655961275 0.966543215625 0.648082396875 0.8878366062499999 0.6391347140625 0.8637259515625001 0.6087857640625 0.8597683609375 0.5921995124999999 0.863903778125 0.556530734375 0.8974922171875 0.5098636328125 0.9222984140625 0.5022250640625 0.9505444859375001 0.5447692875000001 1 0.5604089640625001 1
5 0.6698423296875 0.951557846875 0.6783129890625 0.9148725734375001 0.6682059375 0.8861119375 0.6422263671875 0.8761258953125 0.6524239859375001 0.9641324656249999 0.6698423296875 0.951557846875
5 0.4675309296875 0.7171816 0.5000802640625001 0.753517525 0.502339825 0.7743566734375 0.489231684375 0.7924420296875 0.49669271875 0.798813521875 0.5313518703125 0.80828185 0.5621464546875 0.8022502453125 0.6104777390625 0.7605656453125 0.6030758828125 0.7426549625 0.579474234375 0.7304296906250001 0.5199948828125 0.7156253015625 0.4675309296875 0.7171816
5 0.553466871875 0.8027679609374999 0.554953521875 0.820507121875 0.5757907953125 0.8334216281250001 0.59258596875 0.8654537703124999 0.6383618 0.8606259640625 0.652302034375 0.83410140625 0.6457322703124999 0.807751521875 0.6272729140625 0.7925977859375 0.5858664625000001 0.7913971390625 0.553466871875 0.8027679609374999
5 0.41691229218750003 0.8203513656249999 0.466671046875 0.8079451140625 0.48961814062500003 0.7939920218750001 0.50471774375 0.77211744375 0.49892089375 0.748867546875 0.45570051562499997 0.7168385578125 0.4466658640625 0.786591403125 0.41691229218750003 0.8203513656249999
5 0.35930245 0.6717266937499999 0.3517230609375 0.6884335765625 0.3734516046875 0.6813696953124999 0.415185334375 0.695659521875 0.4189907234375 0.7226986421875 0.44883485937499995 0.7481846156249999 0.45602779375 0.729927740625 0.4463663765625 0.691177909375 0.415749328125 0.66259195 0.3972307921875 0.6589774015625001 0.35930245 0.6717266937499999
5 0.3388480375 0.50725274375 0.3319509953125 0.467813678125 0.2767226671875 0.4700592140625 0.2819555265625 0.5263766828125 0.23683425156250001 0.5573828515625 0.2425127453125 0.6037111265624999 0.2660552171875 0.6274755859375001 0.2761622703125 0.6562362203125 0.3218789234375 0.662947603125 0.3771664296875 0.6491628796875 0.41194393749999997 0.6355528296874999 0.42781645468749996 0.6167782374999999 0.4231197953125 0.609717509375 0.4026098 0.60989218125 0.37906732656250003 0.586127721875 0.3388480375 0.50725274375
5 0.018618950000000002 0.2709960734375 0.0541415796875 0.3428103234375 0.067517821875 0.3493533375 0.1642709578125 0.3252300703125 0.1931332578125 0.3114485 0.2030905671875 0.2925023875 0.12565307812499998 0.087906440625 0.1178055875 0.0799849546875 0.0680468328125 0.09239120625 0.08733828125000001 0.0991057421875 0.09384886718749999 0.1369948140625 0.0706650578125 0.197104659375 0.018618950000000002 0.2709960734375
5 0.24262031875 0.12130444375 0.1654859109375 0.1652314265625 0.1945293421875 0.26994172656250004 0.32231377499999997 0.193630103125 0.36074692812500003 0.159352425 0.354563621875 0.134552534375 0.3349448953125 0.11474881875000001 0.30305011875 0.1045912546875 0.24262031875 0.12130444375
5 0.32374124375 0.2229084515625 0.26530290624999997 0.2358324171875 0.2052003859375 0.26563478749999997 0.19512471874999998 0.307659278125 0.1326442796875 0.339700878125 0.1151667578125 0.363814684375 0.1406415140625 0.3953291109375 0.1451606375 0.43700740624999995 0.1856166390625 0.46972563125000005 0.2080589203125 0.47730092187500006 0.234929759375 0.467308575 0.3114409984375 0.467988353125 0.3501422515625 0.45833904687500004 0.4083124890625 0.4207867109375 0.43646105625000003 0.3923659640625 0.46202278281250003 0.33001688906250004 0.44772388437500005 0.2726671421875 0.42186267187500004 0.2396027234375 0.3821204046875 0.22152367343749998 0.32374124375 0.2229084515625
5 0.4246270484375 0.2389134875 0.45887195 0.3291561328125 0.451115025 0.38048058125 0.466364371875 0.40631275 0.46817829843750003 0.43714109375000004 0.5052745468750001 0.4328310015625 0.5574703984375 0.406646334375 0.573342915625 0.3878717421875 0.5775033734374999 0.34567573125 0.5612130140625 0.29211520625 0.529109315625 0.245790084375 0.49013996249999997 0.2308110203125 0.4246270484375 0.2389134875
5 0.41030395156250005 0.41699748750000004 0.3390847515625 0.46109599062499995 0.3373022109375 0.501052771875 0.379840240625 0.5892277078125 0.4026098 0.60989218125 0.492229178125 0.5924866046874999 0.5293846046875 0.576637325 0.5512315078125 0.546495065625 0.5510817640625 0.49878832031250003 0.52224725625 0.43024557812499997 0.4733205921875 0.4342126265625 0.456911875 0.40373047968750003 0.41030395156250005 0.41699748750000004
5 0.48316313906249997 0.5914543265625001 0.48310396093749997 0.6029935140625 0.516367028125 0.653968615625 0.5736459968750001 0.6363946687500001 0.601735384375 0.6195131125 0.556878615625 0.5220382171875 0.5385098234375 0.5661304140625 0.5238558546875 0.578015796875 0.48316313906249997 0.5914543265625001
5 0.4848900953125 0.71614616875 0.53625385625 0.6984007015625 0.5624109609375 0.6737691796874999 0.5708224421875 0.6486230953125001 0.5681172453125 0.6377731421874999 0.4432747234375 0.6787779656249999 0.45885134843750003 0.7176993140625 0.4848900953125 0.71614616875
5 0.4993351421875 0.6680932281249999 0.5143755671875 0.6577578374999999 0.47602938281249996 0.5981720140625 0.43616875781250003 0.6031713421875 0.4795980578125 0.6713678875 0.4993351421875 0.6680932281249999