5 0.249201278125 1 0.26198083125 0.9829059828125001 0.2539936109375 0.8205128203125 0.22523961718750002 0.7920227921875 0.188498403125 0.7891737890625 0.0479233234375 0.8148148140625 0.00159744375 0.8376068374999999 0 1 0.249201278125 1
5 0.087859425 0.6125356125 0.0990415328125 0.6467236468750001 0.11661341875 0.672364671875 0.15015974375000002 0.6894586890625 0.164536740625 0.6894586890625 0.2028754 0.6609686609375001 0.21725239687500003 0.584045584375 0.2124600640625 0.5669515671875 0.1677316296875 0.5071225078125 0.1261980828125 0.49572649531249996 0.1102236421875 0.5128205125 0.087859425 0.575498575 0.087859425 0.6125356125
5 0 0.575498575 0.06230031875000001 0.6068376062499999 0.087859425 0.5925925921874999 0.100638978125 0.541310540625 0.1246006390625 0.49857549843750004 0.1246006390625 0.48148148125 0.11341852968749999 0.452991453125 0.087859425 0.45014244999999997 0.009584664062500001 0.4615384609375 0.00159744375 0.4871794875 0 0.575498575
5 0.100638978125 0.452991453125 0.0846645375 0.43019942968749997 0.0543130984375 0.427350428125 0.0207667734375 0.44444444375 0.012779553125 0.46438746406250003 0.100638978125 0.452991453125
5 0.2108626203125 0.575498575 0.218849840625 0.5811965812500001 0.2332268375 0.5641025640625 0.2539936109375 0.5612535609375 0.29712459999999996 0.584045584375 0.2859424921875 0.5327635328125 0.2571884984375 0.47863247812500004 0.2396166140625 0.45868945937500005 0.220447284375 0.45584045624999997 0.191693290625 0.5128205125 0.193290734375 0.54415954375 0.2108626203125 0.575498575
5 0.158146965625 0.5071225078125 0.17571885 0.5242165234375 0.193290734375 0.521367521875 0.1964856234375 0.4871794875 0.1853035140625 0.447293446875 0.1661341859375 0.43304843281250005 0.1389776359375 0.43304843281250005 0.11661341875 0.452991453125 0.1230031953125 0.49857549843750004 0.158146965625 0.5071225078125
5 0.209265175 0.6581196578124999 0.23482428125000002 0.6210826203125001 0.3003194890625 0.5954415953125001 0.2587859421875 0.5612535609375 0.23482428125000002 0.5612535609375 0.21725239687500003 0.5811965812500001 0.209265175 0.6068376062499999 0.209265175 0.6581196578124999
5 0.33067092656249997 0.6296296296875 0.3546325875 0.6666666671875 0.35303514375 0.6894586890625 0.367412140625 0.678062678125 0.370607028125 0.6381766375 0.3626198078125 0.6210826203125001 0.3274760390625 0.5982905984375 0.2875399359375 0.5982905984375 0.2715654953125 0.609686609375 0.3035143765625 0.6324786328124999 0.33067092656249997 0.6296296296875
5 0.384984025 0.7122507125 0.4025559109375 0.7549857546875 0.4329073484375 0.7578347578125 0.4616613421875 0.774928775 0.5079872203125 0.76923076875 0.5271565500000001 0.7179487171875001 0.5830670921875 0.709401709375 0.571884984375 0.6552706546875 0.5319488812500001 0.6581196578124999 0.4456869015625 0.6381766375 0.41693290781250003 0.6210826203125001 0.412140575 0.6011396015625 0.40415335468749997 0.5982905984375 0.38977635781250003 0.6182336187499999 0.384984025 0.6552706546875 0.384984025 0.7122507125
5 1 0.76923076875 0.9904153359375 0.7635327640625 0.7731629390625 0.7378917375 0.7571884984375 0.7521367515625 0.7507987218750001 0.7834757828125001 0.7507987218750001 0.8831908828125 0.7603833859375 0.8945868953125 0.8386581468750001 0.9116809109374999 0.897763578125 0.84330484375 0.9504792328124999 0.8062678062499999 0.9888178906249999 0.803418803125 1 0.8205128203125 1 0.76923076875
5 0.9057507984375001 0.7435897437500001 0.929712459375 0.6581196578124999 0.9313099046875 0.5954415953125001 0.9137380187499999 0.5669515671875 0.8897763578125 0.5527065531249999 0.8642172531250001 0.5527065531249999 0.8402555906250001 0.5982905984375 0.7971246 0.740740740625 0.9057507984375001 0.7435897437500001
5 0.576677315625 0.6353276359375 0.576677315625 0.675213675 0.5958466453125 0.7492877499999999 0.5926517578125 0.777777778125 0.605431309375 0.7977207984375 0.64696485625 0.8290598296875 0.688498403125 0.8233618234375 0.7252396171875 0.840455840625 0.7444089453125 0.8176638171875 0.7603833859375 0.7492877499999999 0.7987220453125 0.7293447296875 0.8130990421875 0.6638176640625 0.8115015968750001 0.6039886046875 0.7987220453125 0.547008546875 0.7715654953125 0.5128205125 0.7332268375 0.49572649531249996 0.67412140625 0.49572649531249996 0.61980830625 0.5356125359374999 0.5990415328124999 0.5698005703125 0.576677315625 0.6353276359375
5 0.5638977640625 0.47863247812500004 0.5686900953125 0.515669515625 0.5990415328124999 0.509971509375 0.6277955265624999 0.51851851875 0.67571885 0.49857549843750004 0.7715654953125 0.509971509375 0.763578275 0.44444444375 0.7396166140625 0.4102564109375 0.6869009578124999 0.390313390625 0.630990415625 0.3874643875 0.5910543125000001 0.4017094015625 0.576677315625 0.421652421875 0.5638977640625 0.47863247812500004
5 0.412140575 0.5299145296875001 0.41693290781250003 0.6210826203125001 0.4424920125 0.6381766375 0.5383386578125 0.6581196578124999 0.576677315625 0.6467236468750001 0.602236421875 0.5669515671875 0.603833865625 0.51851851875 0.570287540625 0.509971509375 0.56230031875 0.4615384609375 0.48881789062500003 0.45014244999999997 0.4424920125 0.4615384609375 0.41853035156249996 0.490028490625 0.412140575 0.5299145296875001
5 0.40415335468749997 0.541310540625 0.41533546250000003 0.5384615390625 0.41853035156249996 0.49572649531249996 0.426517571875 0.47863247812500004 0.4648562296875 0.45014244999999997 0.3594249203125 0.43019942968749997 0.34984025625 0.4615384609375 0.3466453671875 0.521367521875 0.40415335468749997 0.541310540625
5 0.2939297125 0.5669515671875 0.2987220453125 0.5925925921874999 0.340255590625 0.5982905984375 0.34984025625 0.4672364671875 0.338658146875 0.4672364671875 0.3162939296875 0.48148148125 0.2987220453125 0.5128205125 0.2939297125 0.5669515671875
5 0.41533546250000003 0.5868945875 0.41054313125 0.547008546875 0.34345047968750003 0.5242165234375 0.337060703125 0.541310540625 0.338658146875 0.5612535609375 0.41533546250000003 0.5868945875