5 1 0.7935556359375 0.9729358124999999 0.782512665625 0.8309145390625 0.7667401234375 0.7944615609375 0.7721451234375001 0.7677649734374999 0.8025715296874999 0.771125184375 0.9651262703124999 0.785066025 0.981287190625 1 0.9662575421874999 1 0.7935556359375
5 0.807629425 0.639850184375 0.8478620578125 0.6655964437499999 0.8622040328124999 0.6645935546875 0.894476221875 0.6452011046874999 0.9102166765625 0.6183967859374999 0.9189867093749999 0.5835120078125 0.9164031359375 0.546565190625 0.8897211953124999 0.4855998578125 0.8725932500000001 0.4696618015625 0.8319558218750001 0.48392728749999997 0.7915098078125 0.5467307046875 0.7879215671875001 0.564117378125 0.807629425 0.639850184375
5 1 0.4944957921875 0.9962941593749999 0.4524439125 0.9865377671875001 0.42742250625 0.9076587343750001 0.4215144265625 0.8823606265624999 0.426139403125 0.8731931203125001 0.45534005625 0.8743855390625 0.47239243281250004 0.9012698765625 0.51335189375 0.9175955546875001 0.56361756875 0.94408608125 0.57604496875 1 0.5428406421874999 1 0.4944957921875
5 0.9741904781249999 0.4111501546875 0.939533453125 0.3964378515625 0.9094546843750001 0.4013971234375 0.8951090484374999 0.425247946875 0.9835493968750001 0.430487434375 0.9741904781249999 0.4111501546875
5 0.7082439296875 0.56968898125 0.7496799625 0.5439438125 0.7705948859375 0.5453372578125 0.786129278125 0.561386746875 0.7936995703124999 0.5551454609375 0.8090425515625 0.5226570171875 0.808450003125 0.49128289374999995 0.7757913249999999 0.436447415625 0.756867428125 0.4406266625 0.7407295015625001 0.4617468546875 0.71582154375 0.517751825 0.7082439296875 0.56968898125
5 0.8074526609375001 0.49992051406250004 0.8251804765624999 0.5015368234375 0.8415171390625 0.48325869531250004 0.875979090625 0.472281 0.8791735203125001 0.4263622671875 0.8554726265625 0.40802787656249995 0.828382228125 0.40992222187499994 0.810253278125 0.42546972031249997 0.8018807171875 0.46603862500000004 0.8074526609375001 0.49992051406250004
5 0.8010564796875 0.63745385 0.797479225 0.58629671875 0.78772283125 0.5612753140625 0.768802596875 0.5426066265625 0.7448993046875 0.5442781078125 0.70585176875 0.5812800953124999 0.7729760609375 0.6022899453125 0.8010564796875 0.63745385
5 0.64468590625 0.668380065625 0.6598228265625 0.6787454265624999 0.656639384375 0.6561203578125 0.6779591015624999 0.617502059375 0.7052482359375001 0.6184497765625 0.7355294015625 0.5934846328125001 0.718798928125 0.583230703125 0.67896010625 0.5860165046875 0.6454918375 0.6112045109375 0.6387164921874999 0.6288140484375 0.64468590625 0.668380065625
5 0.47915881406249994 0.659963128125 0.4391212578125 0.659906865625 0.43174237968750007 0.714686084375 0.48811293593749994 0.71931215 0.510812825 0.7691320968750001 0.557423328125 0.7715846921875 0.5849148609375 0.7525265390625 0.6149936265625 0.7475672656250001 0.6295416625 0.7037105718750001 0.6255669359375 0.6468693140624999 0.6182027031249999 0.6102567953125 0.6024695734375001 0.59136524375 0.5947005453124999 0.5947644671875 0.5913110421875001 0.6149932015624999 0.563819509375 0.63405135625 0.47915881406249994 0.659963128125
5 0.190884215625 0.934301675 0.2677758859375 0.9117891281249999 0.27654225625 0.8997522828125 0.2695864828125 0.800280084375 0.26102617031249997 0.769463121875 0.24409696093750002 0.7563671281250001 0.029162407812500003 0.79710045625 0.019998564062499998 0.8034531734374999 0.023575818749999998 0.8546103046875 0.0335382703125 0.836777903125 0.0719822734375 0.8369455953125 0.1271530890625 0.8702151546874999 0.190884215625 0.934301675
5 0.08236416875 0.6877097125 0.1122295515625 0.771300115625 0.22039240625 0.7608806718750001 0.1674296609375 0.621786196875 0.140346584375 0.5779846734375 0.114849740625 0.5797675875 0.09194013125 0.59564938125 0.0763984140625 0.6252957625 0.08236416875 0.6877097125
5 0.196511084375 0.625464546875 0.19909099375 0.685259296875 0.21800390625000002 0.7496238546875 0.2576403296875 0.766843925 0.27834552968750004 0.8339391109375001 0.2990580546875 0.855338428125 0.33451735 0.8357231140625 0.37634719687499996 0.8385100062499999 0.41559346875000003 0.80435008125 0.4269507359375 0.7835641859375 0.42177626718749994 0.755366421875 0.4357317546875 0.680135603125 0.4329494453125 0.6403467234375 0.40606876875 0.576539328125 0.3829677453125 0.543883190625 0.326004640625 0.507883 0.2670431875 0.5120059875 0.2299903390625 0.531732734375 0.20528477656250002 0.5677318328125 0.196511084375 0.625464546875
5 0.22979160156249998 0.5288906703125 0.3246098234375 0.5108364953125 0.3738075640625 0.5273879734375 0.40189530468749995 0.5168560078125 0.43257027968750006 0.520422925 0.43476736406249994 0.48314181093749997 0.418044215625 0.42719201250000005 0.4023110859375 0.4083004609375 0.3614785828125 0.3968759484375 0.30590297187500004 0.40361813281250003 0.254706884375 0.42718983125000004 0.23318842812499999 0.462966065625 0.22979160156249998 0.5288906703125
5 0.40268292656250004 0.5739201281249999 0.433744390625 0.651714975 0.47278460312500004 0.66040885625 0.567006615625 0.6338284921875 0.5913110421875001 0.6149932015624999 0.5897321359375 0.5237128953125 0.580575615625 0.48436974531250004 0.5546849593750001 0.457620596875 0.5076769828125001 0.44948387656250005 0.43516849999999996 0.4659780015625 0.430579253125 0.5148502296874999 0.3977108546875 0.5257164921874999 0.40268292656250004 0.5739201281249999
5 0.5871412406250001 0.5324619484374999 0.5984948453125 0.5345239859375 0.6544715921875001 0.51061799375 0.6471110203125 0.4511575375 0.6353636046875 0.4205634390625 0.5315802749999999 0.44781239531250006 0.57181290625 0.473558653125 0.5809730875 0.49005387031250003 0.5871412406250001 0.5324619484374999
5 0.710238615625 0.552413740625 0.701681965625 0.4987488421875 0.6819667843749999 0.468711903125 0.6586633640625 0.4560616390625 0.64750849375 0.45684166406250004 0.6662116859375 0.5869079609375001 0.707246584375 0.5783266015625 0.710238615625 0.552413740625
5 0.6654240625 0.5298438390625 0.6578574328125 0.5132371906250001 0.59251810625 0.540653840625 0.590519759375 0.5807770171875 0.6652216656250001 0.5498497109375 0.6654240625 0.5298438390625