5 0.044728434375 0.712290503125 0.05591054375 0.731843575 0.0926517578125 0.7262569828125 0.0990415328125 0.6703910609375 0.1373801921875 0.62011173125 0.11821086249999999 0.6145251390625 0.0527156546875 0.65642458125 0.038338657812499996 0.6843575421875 0.044728434375 0.712290503125
5 0.0910543125 0.7178770953125 0.10702875468749999 0.7597765359374999 0.1421725234375 0.768156425 0.1693290734375 0.7541899437499999 0.1661341859375 0.7150837984375 0.17092651718750002 0.6927374296875 0.2108626203125 0.622905028125 0.2028754 0.5977653625 0.17412140625 0.589385475 0.13418530312500002 0.6173184359375 0.09744408906249999 0.6703910609375 0.0910543125 0.7178770953125
5 0.162939296875 0.734636871875 0.1837060703125 0.787709496875 0.247603834375 0.7821229046875 0.281150159375 0.731843575 0.2859424921875 0.689944134375 0.276357828125 0.6536312843750001 0.276357828125 0.62011173125 0.23801916875 0.6173184359375 0.190095846875 0.6536312843750001 0.17092651718750002 0.6843575421875 0.162939296875 0.734636871875
5 0.1869009578125 0.56703910625 0.1693290734375 0.564245809375 0.135782746875 0.6089385468749999 0.1948881796875 0.5810055859375 0.1869009578125 0.56703910625
5 0.17412140625 0.5586592171875 0.188498403125 0.578212290625 0.20348081406250002 0.5377925921875 0.21801669375000002 0.518189625 0.218849840625 0.5 0.193290734375 0.4972067046875 0.1821086265625 0.5055865921875 0.17412140625 0.5279329609375 0.17412140625 0.5586592171875
5 0.3178913734375 0.82122905 0.32907348281250004 0.8547486031249999 0.3594249203125 0.8826815640625 0.4025559109375 0.8854748609374999 0.4424920125 0.8743016765625 0.4664536734375 0.8351955312499999 0.4648562296875 0.7067039109375 0.45527156562500004 0.6815642453125 0.4313099046875 0.6536312843750001 0.3865814703125 0.6480446921875 0.340255590625 0.675977653125 0.311501596875 0.7178770953125 0.3178913734375 0.82122905
5 0.2747603828125 0.6592178765625001 0.29073482500000003 0.7067039109375 0.3194888171875 0.7150837984375 0.35623003125 0.66480446875 0.4089456875 0.6340782125 0.41373801875 0.5949720671875001 0.40575079843750006 0.5837988828125 0.396166134375 0.52234636875 0.384984025 0.511173184375 0.3546325875 0.511173184375 0.29712459999999996 0.56703910625 0.281150159375 0.6005586593750001 0.2747603828125 0.6592178765625001
5 0.29233226874999996 0.5837988828125 0.35782747656249997 0.5055865921875 0.3482428109375 0.4916201125 0.30841409375 0.4795837203125 0.280514865625 0.5157329078124999 0.277955271875 0.586592178125 0.29233226874999996 0.5837988828125
5 0.26198083125 0.5055865921875 0.2571884984375 0.5055865921875 0.2555910546875 0.511173184375 0.252396165625 0.511173184375 0.25079872187499996 0.5167597765624999 0.247603834375 0.5167597765624999 0.2396166140625 0.53072625625 0.2396166140625 0.5363128484375 0.23482428125000002 0.5418994406250001 0.23482428125000002 0.5474860328125 0.23162939374999997 0.5502793296874999 0.23162939374999997 0.555865921875 0.22843450468749998 0.5586592171875 0.22683706093749997 0.5754189937499999 0.22523961718750002 0.5754189937499999 0.22523961718750002 0.586592178125 0.223642171875 0.586592178125 0.223642171875 0.6005586593750001 0.22204472812499998 0.6005586593750001 0.22204472812499998 0.6145251390625 0.23003194843750002 0.6145251390625 0.2332268375 0.6089385468749999 0.2412140578125 0.6061452515625 0.2412140578125 0.6033519546874999 0.2460063890625 0.6033519546874999 0.2460063890625 0.6005586593750001 0.2555910546875 0.6005586593750001 0.2587859421875 0.6061452515625 0.2699680515625 0.6061452515625 0.2699680515625 0.6033519546874999 0.2747603828125 0.6005586593750001 0.276357828125 0.5810055859375 0.277955271875 0.5810055859375 0.276357828125 0.564245809375 0.2747603828125 0.564245809375 0.276357828125 0.5614525140625 0.276357828125 0.5363128484375 0.277955271875 0.5363128484375 0.277955271875 0.5279329609375 0.281150159375 0.52234636875 0.281150159375 0.5167597765624999 0.2859424921875 0.5083798875000001 0.2859424921875 0.4972067046875 0.276357828125 0.4944134078125 0.276357828125 0.4972067046875 0.26517571875 0.5 0.26198083125 0.5055865921875
5 0.2140575078125 0.52234636875 0.2108626203125 0.52234636875 0.20447284375 0.5363128484375 0.2028754 0.5363128484375 0.1996805109375 0.553072625 0.1980830671875 0.553072625 0.1980830671875 0.5586592171875 0.1964856234375 0.5586592171875 0.1964856234375 0.56703910625 0.1948881796875 0.56703910625 0.193290734375 0.5921787703125 0.1964856234375 0.5949720671875001 0.1964856234375 0.5977653625 0.1996805109375 0.5977653625 0.2028754 0.6061452515625 0.20447284375 0.6061452515625 0.20447284375 0.61173184375 0.2060702875 0.61173184375 0.2060702875 0.6256983234375 0.20447284375 0.6256983234375 0.20447284375 0.631284915625 0.2028754 0.631284915625 0.2028754 0.6396648046875 0.20766773125000001 0.6396648046875 0.20766773125000001 0.6368715078125 0.2108626203125 0.6368715078125 0.2108626203125 0.6340782125 0.2140575078125 0.6340782125 0.2140575078125 0.631284915625 0.218849840625 0.6284916203125 0.220447284375 0.6173184359375 0.22204472812499998 0.6173184359375 0.22204472812499998 0.6089385468749999 0.223642171875 0.6089385468749999 0.223642171875 0.589385475 0.22523961718750002 0.589385475 0.22523961718750002 0.5754189937499999 0.22683706093749997 0.5754189937499999 0.22683706093749997 0.5698324015625 0.22843450468749998 0.5698324015625 0.22843450468749998 0.5614525140625 0.23003194843750002 0.5614525140625 0.23003194843750002 0.555865921875 0.23162939374999997 0.555865921875 0.23162939374999997 0.5502793296874999 0.23482428125000002 0.5474860328125 0.23482428125000002 0.5418994406250001 0.2396166140625 0.5363128484375 0.2396166140625 0.53072625625 0.24440894531250001 0.5251396640625 0.24440894531250001 0.5167597765624999 0.2396166140625 0.5167597765624999 0.2396166140625 0.519553071875 0.2140575078125 0.519553071875 0.2140575078125 0.52234636875
5 0.394568690625 0.5167597765624999 0.397763578125 0.5391061453125 0.4089456875 0.5754189937499999 0.41693290781250003 0.589385475 0.42012779531250005 0.589385475 0.42012779531250005 0.5949720671875001 0.4600638984375 0.5921787703125 0.485623003125 0.578212290625 0.4952076671875 0.5502793296874999 0.49361022343750005 0.5055865921875 0.48881789062500003 0.4972067046875 0.48881789062500003 0.4916201125 0.47284344999999994 0.4748603359375 0.4648562296875 0.4748603359375 0.4648562296875 0.4720670390625 0.429712459375 0.4720670390625 0.40575079843750006 0.48882681562499997 0.399361021875 0.5 0.394568690625 0.5167597765624999
5 0.4616613421875 0.3715083796875 0.4600638984375 0.3715083796875 0.4600638984375 0.3854748609375 0.45846645312499995 0.3854748609375 0.45846645312499995 0.4022346375 0.4632587859375 0.4050279328125 0.4632587859375 0.4078212296875 0.4664536734375 0.4078212296875 0.4664536734375 0.410614525 0.46964856250000003 0.410614525 0.46964856250000003 0.413407821875 0.47284344999999994 0.413407821875 0.47284344999999994 0.4162011171875 0.4760383390625 0.4162011171875 0.47763578281249996 0.42178770937500004 0.4952076671875 0.41899441406250004 0.4952076671875 0.4162011171875 0.49840255625 0.4162011171875 0.49840255625 0.413407821875 0.5031948875000001 0.413407821875 0.5031948875000001 0.410614525 0.5063897765625 0.410614525 0.5063897765625 0.4078212296875 0.5095846640625 0.4078212296875 0.5095846640625 0.4050279328125 0.512779553125 0.4050279328125 0.512779553125 0.4022346375 0.5207667734375 0.39944134062500003 0.5207667734375 0.3966480453125 0.5335463265625 0.39944134062500003 0.5335463265625 0.3966480453125 0.5351437703124999 0.3966480453125 0.5351437703124999 0.37709497187499996 0.5335463265625 0.37709497187499996 0.5335463265625 0.3715083796875 0.5303514375 0.368715084375 0.5303514375 0.3659217875 0.5239616609375 0.3659217875 0.5239616609375 0.3631284921875 0.5079872203125 0.3631284921875 0.5079872203125 0.36033519531249997 0.4632587859375 0.36033519531249997 0.4632587859375 0.3631284921875 0.4616613421875 0.3631284921875 0.4616613421875 0.3715083796875
5 0.3881789140625 0.4413407828125 0.369009584375 0.4497206703125 0.369009584375 0.45251396718750003 0.364217253125 0.45251396718750003 0.364217253125 0.45530726250000003 0.3594249203125 0.45530726250000003 0.3594249203125 0.45810055937499994 0.3546325875 0.45810055937499994 0.3546325875 0.4608938546875 0.34984025625 0.4608938546875 0.34984025625 0.46368715156249996 0.3450479234375 0.46368715156249996 0.34185303437500003 0.46927374374999997 0.338658146875 0.46927374374999997 0.338658146875 0.4720670390625 0.335463259375 0.4720670390625 0.335463259375 0.4748603359375 0.3322683703125 0.4748603359375 0.3322683703125 0.47765363125000004 0.32907348281250004 0.47765363125000004 0.32587859375 0.48603352031249997 0.33067092656249997 0.4944134078125 0.33386581406250004 0.4944134078125 0.335463259375 0.5 0.34185303437500003 0.5027932953125 0.34185303437500003 0.5055865921875 0.3546325875 0.5083798875000001 0.3546325875 0.5055865921875 0.3594249203125 0.5027932953125 0.3594249203125 0.4972067046875 0.365814696875 0.48603352031249997 0.3785942484375 0.480446928125 0.3785942484375 0.47765363125000004 0.38338658125 0.47765363125000004 0.38338658125 0.4748603359375 0.3881789140625 0.4748603359375 0.3881789140625 0.4720670390625 0.3929712453125 0.4720670390625 0.3929712453125 0.46927374374999997 0.397763578125 0.46927374374999997 0.397763578125 0.466480446875 0.4025559109375 0.466480446875 0.4025559109375 0.46368715156249996 0.4073482421875 0.46368715156249996 0.412140575 0.45530726250000003 0.41054313125 0.444134078125 0.4073482421875 0.4385474859375 0.394568690625 0.435754190625 0.394568690625 0.4385474859375 0.3881789140625 0.4385474859375 0.3881789140625 0.4413407828125
5 0.412140575 0.45810055937499994 0.40095846718750006 0.4608938546875 0.40095846718750006 0.46368715156249996 0.396166134375 0.46368715156249996 0.396166134375 0.466480446875 0.3913738015625 0.466480446875 0.3913738015625 0.46927374374999997 0.3865814703125 0.46927374374999997 0.3865814703125 0.4720670390625 0.3817891375 0.4720670390625 0.3738019171875 0.480446928125 0.365814696875 0.48324022343750006 0.3594249203125 0.4944134078125 0.35623003125 0.5083798875000001 0.3610223640625 0.5139664796875001 0.38019169375 0.511173184375 0.38019169375 0.5139664796875001 0.38977635781250003 0.5167597765624999 0.38977635781250003 0.519553071875 0.396166134375 0.519553071875 0.40575079843750006 0.5 0.426517571875 0.48603352031249997 0.4313099046875 0.47765363125000004 0.43929712500000007 0.47765363125000004 0.43929712500000007 0.4748603359375 0.45686900937499997 0.46927374374999997 0.45686900937499997 0.45810055937499994 0.4456869015625 0.4385474859375 0.4361022359375 0.4385474859375 0.4329073484375 0.444134078125 0.41533546250000003 0.45251396718750003 0.412140575 0.45810055937499994
5 0.514376996875 0.4050279328125 0.5095846640625 0.4050279328125 0.5095846640625 0.4078212296875 0.5047923328125 0.4078212296875 0.5015974437499999 0.413407821875 0.4904153359375 0.4162011171875 0.4904153359375 0.41899441406250004 0.4744408953125 0.42737430156249995 0.46805111874999994 0.4385474859375 0.4664536734375 0.4748603359375 0.4792332265625 0.480446928125 0.482428115625 0.48603352031249997 0.487220446875 0.48603352031249997 0.4904153359375 0.4916201125 0.4952076671875 0.4916201125 0.5095846640625 0.5083798875000001 0.515974440625 0.5083798875000001 0.5191693296875 0.5027932953125 0.5303514375 0.5055865921875 0.5351437703124999 0.4944134078125 0.5383386578125 0.4944134078125 0.541533546875 0.48603352031249997 0.544728434375 0.48603352031249997 0.5527156546875001 0.4720670390625 0.5527156546875001 0.466480446875 0.55591054375 0.46368715156249996 0.5575079875 0.45251396718750003 0.55910543125 0.45251396718750003 0.55591054375 0.42458100625000006 0.546325878125 0.39944134062500003 0.5239616609375 0.3966480453125 0.5191693296875 0.4022346375 0.514376996875 0.4022346375 0.514376996875 0.4050279328125
5 0.423322684375 0.6173184359375 0.42172523906250003 0.6368715078125 0.423322684375 0.6368715078125 0.423322684375 0.6536312843750001 0.4456869015625 0.6731843578125 0.45846645312499995 0.6927374296875 0.4808306703125 0.689944134375 0.4904153359375 0.675977653125 0.49361022343750005 0.675977653125 0.4952076671875 0.6703910609375 0.49840255625 0.6703910609375 0.5 0.66480446875 0.5207667734375 0.6480446921875 0.515974440625 0.6256983234375 0.512779553125 0.622905028125 0.5047923328125 0.622905028125 0.49840255625 0.6173184359375 0.47124600625 0.6089385468749999 0.4616613421875 0.6005586593750001 0.45686900937499997 0.6005586593750001 0.45367412187499995 0.5949720671875001 0.44408945624999996 0.5921787703125 0.44408945624999996 0.589385475 0.4329073484375 0.589385475 0.428115015625 0.5977653625 0.426517571875 0.61173184375 0.423322684375 0.6173184359375
5 0.47124600625 0.7234636875 0.4744408953125 0.810055865625 0.49361022343750005 0.8407821234374999 0.5255591046875 0.8603351953124999 0.5782747609375 0.8631284921875 0.5974440890625 0.8463687156249999 0.6086261984375 0.8268156421875 0.615015975 0.7960893859375 0.615015975 0.7486033515625 0.5990415328124999 0.7011173187499999 0.5846645374999999 0.67877095 0.55910543125 0.65642458125 0.5399361015624999 0.6480446921875 0.517571884375 0.6480446921875 0.48881789062500003 0.6731843578125 0.4760383390625 0.6955307265624999 0.47124600625 0.7234636875
5 0.5782747609375 0.5921787703125 0.5798722046875 0.6089385468749999 0.5830670921875 0.61173184375 0.587859425 0.6284916203125 0.5942492015624999 0.6340782125 0.5958466453125 0.6424581 0.64376996875 0.65642458125 0.67412140625 0.65642458125 0.6837060703125 0.645251396875 0.6869009578124999 0.586592178125 0.6805111828125 0.564245809375 0.67731629375 0.564245809375 0.67412140625 0.555865921875 0.6677316296875 0.5502793296874999 0.6373801921875 0.5418994406250001 0.5910543125000001 0.5418994406250001 0.5846645374999999 0.5502793296874999 0.5814696484375 0.5614525140625 0.5782747609375 0.5921787703125
5 0.48881789062500003 0.5698324015625 0.4808306703125 0.5810055859375 0.47124600625 0.5810055859375 0.4664536734375 0.586592178125 0.4616613421875 0.586592178125 0.45846645312499995 0.5921787703125 0.45846645312499995 0.5977653625 0.46805111874999994 0.6089385468749999 0.484025559375 0.6145251390625 0.484025559375 0.6173184359375 0.49201277968749996 0.6173184359375 0.49201277968749996 0.62011173125 0.5 0.62011173125 0.5 0.622905028125 0.5207667734375 0.6256983234375 0.5207667734375 0.622905028125 0.52875399375 0.62011173125 0.541533546875 0.5977653625 0.541533546875 0.5754189937499999 0.5399361015624999 0.5754189937499999 0.5367412140625001 0.555865921875 0.5303514375 0.5474860328125 0.5303514375 0.5418994406250001 0.5255591046875 0.5363128484375 0.5255591046875 0.53072625625 0.5223642171875 0.5279329609375 0.5223642171875 0.52234636875 0.517571884375 0.5139664796875001 0.514376996875 0.5139664796875001 0.5079872203125 0.5027932953125 0.4952076671875 0.4944134078125 0.4952076671875 0.4916201125 0.48881789062500003 0.4916201125 0.4952076671875 0.5418994406250001 0.49361022343750005 0.5418994406250001 0.48881789062500003 0.5698324015625
5 0.546325878125 0.48324022343750006 0.543130990625 0.48324022343750006 0.5383386578125 0.4944134078125 0.5351437703124999 0.4944134078125 0.5319488812500001 0.5 0.5303514375 0.511173184375 0.5399361015624999 0.52234636875 0.543130990625 0.52234636875 0.5479233234375 0.53072625625 0.5607028749999999 0.533519553125 0.5686900953125 0.5418994406250001 0.5734824281249999 0.5418994406250001 0.5734824281249999 0.5446927374999999 0.5942492015624999 0.5446927374999999 0.5942492015624999 0.5418994406250001 0.605431309375 0.5418994406250001 0.605431309375 0.5391061453125 0.630990415625 0.5418994406250001 0.630990415625 0.5391061453125 0.635782746875 0.5391061453125 0.6373801921875 0.5 0.635782746875 0.5 0.634185303125 0.48603352031249997 0.6230031953124999 0.480446928125 0.6230031953124999 0.47765363125000004 0.6134185296875 0.47765363125000004 0.6134185296875 0.4748603359375 0.5654952078125 0.4748603359375 0.5654952078125 0.47765363125000004 0.5495207671875 0.47765363125000004 0.546325878125 0.48324022343750006
5 0.570287540625 0.43296089374999996 0.570287540625 0.4385474859375 0.56230031875 0.45251396718750003 0.56230031875 0.4748603359375 0.5638977640625 0.47765363125000004 0.6118210859375 0.4748603359375 0.6118210859375 0.47765363125000004 0.6214057515625 0.47765363125000004 0.6214057515625 0.480446928125 0.6277955265624999 0.480446928125 0.630990415625 0.48603352031249997 0.634185303125 0.48603352031249997 0.6373801921875 0.5 0.6405750796875 0.5 0.64696485625 0.48882681562499997 0.64696485625 0.47765363125000004 0.64376996875 0.47765363125000004 0.632587859375 0.45530726250000003 0.61661341875 0.444134078125 0.61661341875 0.4413407828125 0.6134185296875 0.4413407828125 0.6134185296875 0.4385474859375 0.6102236421875 0.4385474859375 0.6102236421875 0.435754190625 0.6070287546875 0.435754190625 0.605431309375 0.43016759843749997 0.5990415328124999 0.42737430156249995 0.5990415328124999 0.42458100625000006 0.5894568687499999 0.42178770937500004 0.5894568687499999 0.41899441406250004 0.5798722046875 0.41899441406250004 0.5782747609375 0.42458100625000006 0.575079871875 0.42458100625000006 0.570287540625 0.43296089374999996
5 0.664536740625 0.4748603359375 0.65015974375 0.480446928125 0.64696485625 0.48882681562499997 0.64376996875 0.48882681562499997 0.6389776359375 0.5055865921875 0.6581469656250001 0.511173184375 0.664536740625 0.5167597765624999 0.6677316296875 0.5279329609375 0.6837060703125 0.5251396640625 0.6869009578124999 0.5279329609375 0.688498403125 0.5502793296874999 0.7060702875 0.555865921875 0.70447284375 0.564245809375 0.6964856234375 0.5754189937499999 0.6964856234375 0.5810055859375 0.709265175 0.589385475 0.7108626203124999 0.5810055859375 0.718849840625 0.56703910625 0.723642171875 0.564245809375 0.723642171875 0.5586592171875 0.7284345046875 0.553072625 0.73162939375 0.5418994406250001 0.73162939375 0.511173184375 0.7268370609375 0.5 0.7268370609375 0.4916201125 0.723642171875 0.48603352031249997 0.717252396875 0.48603352031249997 0.70766773125 0.47765363125000004 0.7028754 0.47765363125000004 0.7028754 0.4748603359375 0.6964856234375 0.4748603359375 0.6964856234375 0.4720670390625 0.67571885 0.46927374374999997 0.67571885 0.4720670390625 0.664536740625 0.4720670390625 0.664536740625 0.4748603359375
5 0.615015975 0.7541899437499999 0.6230031953124999 0.801675978125 0.6373801921875 0.8128491625 0.67731629375 0.8184357546875001 0.6962149453124999 0.803015553125 0.7088945140625 0.78037781875 0.7204472843749999 0.70949720625 0.7140575078125 0.6815642453125 0.7012779546875 0.65642458125 0.6869009578124999 0.645251396875 0.6549520765625 0.6480446921875 0.6070287546875 0.6396648046875 0.5974440890625 0.6536312843750001 0.5926517578125 0.6927374296875 0.615015975 0.7541899437499999
5 0.7156549515624999 0.743016759375 0.717252396875 0.7988826812500001 0.7332268375 0.8240223468749999 0.7715654953125 0.8519553078125 0.8210862625 0.868715084375 0.8578274765625 0.8659217874999999 0.8865814703125 0.8463687156249999 0.884984025 0.7765363125 0.8722044734375001 0.7402234640625001 0.8594249203125001 0.7262569828125 0.8178913734375 0.7039106140625 0.7603833859375 0.698324021875 0.73162939375 0.7039106140625 0.718849840625 0.7234636875 0.7156549515624999 0.743016759375
5 0.7875399359374999 0.6815642453125 0.7939297125 0.698324021875 0.8642172531250001 0.734636871875 0.8817891375 0.768156425 0.8865814703125 0.7960893859375 0.9161064 0.7845265718750001 0.9239676015624999 0.7720722484375 0.9333027578124999 0.7342797562500001 0.926517571875 0.6871508375000001 0.9185303515625 0.6731843578125 0.8913738015625 0.6424581 0.8594249203125001 0.6173184359375 0.8178913734375 0.6089385468749999 0.8035143765624999 0.6173184359375 0.79233226875 0.6424581 0.7875399359374999 0.6815642453125
5 0.6853035140625 0.645251396875 0.688498403125 0.645251396875 0.691693290625 0.6536312843750001 0.6948881796874999 0.6536312843750001 0.7060702875 0.6703910609375 0.7108626203124999 0.6871508375000001 0.722044728125 0.7067039109375 0.73482428125 0.7067039109375 0.782747603125 0.6927374296875 0.782747603125 0.67877095 0.7859424921875 0.667597765625 0.7843450484375001 0.65642458125 0.76198083125 0.6536312843750001 0.7444089453125 0.645251396875 0.723642171875 0.6173184359375 0.717252396875 0.6145251390625 0.709265175 0.6005586593750001 0.7060702875 0.6005586593750001 0.7028754 0.5921787703125 0.6996805109374999 0.5921787703125 0.693290734375 0.5754189937499999 0.6821086265625 0.5726256984375 0.6821086265625 0.6368715078125 0.6853035140625 0.6396648046875 0.6853035140625 0.645251396875
5 0.7124600640625001 0.5754189937499999 0.7108626203124999 0.5921787703125 0.7252396171875 0.622905028125 0.7284345046875 0.622905028125 0.73162939375 0.631284915625 0.73482428125 0.631284915625 0.73801916875 0.6396648046875 0.7492012781249999 0.6424581 0.7492012781249999 0.645251396875 0.7587859421875 0.645251396875 0.7587859421875 0.6480446921875 0.76517571875 0.6480446921875 0.76517571875 0.6508379890625 0.7747603828125 0.6480446921875 0.7795527156250001 0.6536312843750001 0.7875399359374999 0.6536312843750001 0.79233226875 0.645251396875 0.7939297125 0.6340782125 0.8051118203125001 0.6173184359375 0.8051118203125001 0.6061452515625 0.7987220453125 0.5949720671875001 0.79233226875 0.5921787703125 0.781150159375 0.5754189937499999 0.76837060625 0.56703910625 0.76837060625 0.564245809375 0.7539936109375 0.5586592171875 0.7507987218750001 0.553072625 0.73482428125 0.5474860328125 0.73482428125 0.5502793296874999 0.7252396171875 0.553072625 0.7124600640625001 0.5754189937499999
5 0.7412140578125 0.5502793296874999 0.7412140578125 0.553072625 0.747603834375 0.553072625 0.747603834375 0.555865921875 0.752396165625 0.555865921875 0.752396165625 0.5586592171875 0.76837060625 0.5586592171875 0.76837060625 0.555865921875 0.7699680515625 0.555865921875 0.7699680515625 0.5474860328125 0.7715654953125 0.5474860328125 0.7715654953125 0.5446927374999999 0.7699680515625 0.5446927374999999 0.7699680515625 0.5363128484375 0.76837060625 0.5363128484375 0.76837060625 0.53072625625 0.7667731625 0.53072625625 0.7667731625 0.5279329609375 0.76517571875 0.5279329609375 0.76517571875 0.5251396640625 0.763578275 0.5251396640625 0.76198083125 0.519553071875 0.7587859421875 0.519553071875 0.7587859421875 0.5167597765624999 0.7555910546875 0.5167597765624999 0.7555910546875 0.5139664796875001 0.747603834375 0.5139664796875001 0.747603834375 0.511173184375 0.736421725 0.511173184375 0.736421725 0.5083798875000001 0.7300319484375 0.5083798875000001 0.7300319484375 0.5474860328125 0.73162939375 0.5474860328125 0.73162939375 0.5502793296874999 0.7412140578125 0.5502793296874999
5 0.777955271875 0.5698324015625 0.777955271875 0.5726256984375 0.7795527156250001 0.5726256984375 0.7795527156250001 0.5754189937499999 0.782747603125 0.5754189937499999 0.7843450484375001 0.5810055859375 0.790734825 0.5837988828125 0.79233226875 0.589385475 0.79552715625 0.589385475 0.79552715625 0.5921787703125 0.8003194890625001 0.5921787703125 0.8003194890625001 0.5949720671875001 0.8067092656250001 0.5977653625 0.8067092656250001 0.6005586593750001 0.8083067093749999 0.6005586593750001 0.8115015968750001 0.6089385468749999 0.8146964859375 0.6089385468749999 0.8146964859375 0.61173184375 0.8194888171875 0.61173184375 0.8194888171875 0.6089385468749999 0.8258785937500001 0.6089385468749999 0.8258785937500001 0.61173184375 0.8370607031249999 0.61173184375 0.8370607031249999 0.6089385468749999 0.8386581468750001 0.6089385468749999 0.8386581468750001 0.6005586593750001 0.8370607031249999 0.6005586593750001 0.8370607031249999 0.5949720671875001 0.8354632593750001 0.5949720671875001 0.8354632593750001 0.5921787703125 0.8322683703125 0.5921787703125 0.8290734828125 0.5837988828125 0.8258785937500001 0.5837988828125 0.8258785937500001 0.5810055859375 0.82268370625 0.5810055859375 0.82268370625 0.578212290625 0.8178913734375 0.578212290625 0.8178913734375 0.5754189937499999 0.8146964859375 0.5754189937499999 0.8146964859375 0.5726256984375 0.8035143765624999 0.5698324015625 0.8035143765624999 0.56703910625 0.7987220453125 0.56703910625 0.7987220453125 0.564245809375 0.782747603125 0.5614525140625 0.782747603125 0.5586592171875 0.76517571875 0.5586592171875 0.76517571875 0.5614525140625 0.7715654953125 0.564245809375 0.7731629390625 0.5698324015625 0.777955271875 0.5698324015625
5 0.9201277953125 0.6815642453125 0.9217252390624999 0.6815642453125 0.9217252390624999 0.6843575421875 0.923322684375 0.6843575421875 0.923322684375 0.6871508375000001 0.924920128125 0.6871508375000001 0.926517571875 0.698324021875 0.929712459375 0.7011173187499999 0.929712459375 0.70949720625 0.9313099046875 0.70949720625 0.9313099046875 0.7486033515625 0.929712459375 0.7486033515625 0.928115015625 0.7625698328125 0.923322684375 0.768156425 0.9217252390624999 0.7793296093750001 0.9313099046875 0.7793296093750001 0.9313099046875 0.7765363125 0.9345047921875 0.7765363125 0.9345047921875 0.7737430171875 0.9408945687499999 0.7737430171875 0.9424920125 0.768156425 0.9440894562500001 0.768156425 0.9440894562500001 0.7486033515625 0.9456869015624999 0.7486033515625 0.9456869015624999 0.7402234640625001 0.9472843453124999 0.7402234640625001 0.9472843453124999 0.7262569828125 0.9488817890625001 0.7262569828125 0.9472843453124999 0.698324021875 0.9456869015624999 0.698324021875 0.9456869015624999 0.6927374296875 0.9440894562500001 0.6927374296875 0.9440894562500001 0.6871508375000001 0.9361022359375 0.675977653125 0.9361022359375 0.6731843578125 0.926517571875 0.667597765625 0.926517571875 0.66480446875 0.923322684375 0.66480446875 0.923322684375 0.6620111734374999 0.9169329078124999 0.6620111734374999 0.9169329078124999 0.6592178765625001 0.9137380187499999 0.6592178765625001 0.9137380187499999 0.65642458125 0.9057507984375001 0.65642458125 0.9089456874999999 0.66480446875 0.9121405749999999 0.66480446875 0.9201277953125 0.6815642453125