5 0.028159379687500003 0.5435702265625 0.007451846874999999 0.5671953484375 0.0068942249999999995 0.5958444078125 0.0130138609375 0.6175218671875 0.0500152234375 0.620989725 0.069730384375 0.5683290859375 0.1190938921875 0.528818228125 0.10184549218750001 0.5187601015625 0.028159379687500003 0.5435702265625
5 0.18971781875 0.5493055609375 0.1880496890625 0.5229803671875 0.1621770890625 0.5078931765625 0.11666966406249998 0.5253349921875 0.06818039218750001 0.5679426296875 0.0504925078125 0.6124722984375001 0.05585604843750001 0.6569917140625 0.08792861874999999 0.67362473125 0.1176573 0.666642878125 0.124017946875 0.6279254390625 0.1340740015625 0.6074022234374999 0.18971781875 0.5493055609375
5 0.25394329843749996 0.5624399609374999 0.2174192203125 0.550454678125 0.162134553125 0.574095178125 0.13610127968750002 0.5992712546875001 0.11618764374999999 0.6461247890624999 0.12349812499999999 0.70264486875 0.186849371875 0.712682490625 0.2315628984375 0.6720122609375 0.2463492703125 0.632516784375 0.245834184375 0.594963840625 0.25394329843749996 0.5624399609374999
5 0.1202469359375 0.517590478125 0.1843542796875 0.50478614375 0.179983109375 0.48930224375 0.1636089453125 0.482340896875 0.1202469359375 0.517590478125
5 0.190199840625 0.4285157625 0.1770437984375 0.44826606562500004 0.16961044375 0.4780796203125 0.17883006562499998 0.5005299953125 0.2031458453125 0.4649355078125 0.22199233437500002 0.44943137968749997 0.2272012015625 0.4319836203125 0.2030770703125 0.423089990625 0.190199840625 0.4285157625
5 0.4158939484375 0.6920618734375 0.412675825 0.6653502234374999 0.396183521875 0.6324501406249999 0.3541352328125 0.61620870625 0.302427834375 0.63210469375 0.264391565625 0.6658033234375 0.2455884375 0.7676311109375 0.24832927656249998 0.8028601859375 0.27102155156249996 0.837306096875 0.3121956078125 0.8504507515625 0.353648475 0.849270875 0.3863590046875 0.8171231999999999 0.4158939484375 0.6920618734375
5 0.3882776171875 0.558508753125 0.39384436875 0.4965629 0.38569745312500003 0.4830164109375 0.3562475828125 0.4756737328125 0.2869326390625 0.51596775625 0.26332359375 0.54462706875 0.242932671875 0.5999980296875 0.24694469375 0.64993809375 0.27281729062500004 0.6650252828125 0.3206308046875 0.62512796875 0.379213934375 0.608067484375 0.3933245453125 0.571282328125 0.3882776171875 0.558508753125
5 0.278228103125 0.5310703265625001 0.36069908906250003 0.471026 0.3547779265625 0.45515564375000006 0.319044159375 0.43384134531249996 0.2832283765625 0.4621673140625 0.26360240468749996 0.5303025390625 0.278228103125 0.5310703265625001
5 0.239917759375 0.4668211125 0.23856624062499998 0.472241759375 0.232564740625 0.47650303593750004 0.23121322187499999 0.4819236828125 0.22743747656250002 0.48386109218750006 0.2260859578125 0.4892817390625 0.2223102109375 0.4912191484375 0.2167056609375 0.50709463125 0.21515566874999997 0.506708175 0.21245263125 0.5175494671875 0.2109026359375 0.5171630109375001 0.2075238390625 0.5307146281249999 0.205973846875 0.530328171875 0.2025950484375 0.5438797875 0.2103450140625 0.5458120703125 0.21479652031250002 0.5411643374999999 0.22322224531249998 0.5403862984375001 0.22389800625 0.537675975 0.228547984375 0.53883534375 0.22922374375 0.536125021875 0.238523703125 0.5384437625 0.2402721703125 0.544637321875 0.2511221234375 0.5473425187500001 0.2517978828125 0.5446321953125 0.25712362031249997 0.5430812421875 0.26340393125 0.5244954359375 0.26495392500000003 0.5248818921875 0.26745848906249997 0.508233496875 0.26590849375 0.5078470390625001 0.2681342484375 0.5055231734375 0.2742160828125 0.4811302640625 0.27576607656249996 0.48151672031250004 0.2777933546875 0.4733857515625 0.282244859375 0.46873801718749997 0.283596378125 0.463317371875 0.2902736375 0.45634577031249995 0.292976675 0.44550447968749995 0.284352475 0.44047541562500003 0.283676715625 0.4431857390625 0.27215100312499996 0.4431908640625 0.26769949843749996 0.44783859843749996 0.26304951875000004 0.446679228125 0.26014800625 0.4517134171875 0.25704802031249996 0.4509405046875 0.2541465078125 0.45597469375 0.251046521875 0.45520178125 0.239917759375 0.4668211125
5 0.192860340625 0.48387647031250003 0.1913103484375 0.4834900140625 0.1892830703125 0.491620984375 0.1877330765625 0.491234528125 0.180101246875 0.5152409796875 0.182525475 0.5187242171875 0.18184971562500002 0.5214345406249999 0.18494970156249999 0.5222074531249999 0.186022409375 0.5311113375 0.187572403125 0.5314977937500001 0.186220884375 0.5369184406249999 0.1877708765625 0.537304896875 0.1843920796875 0.5508565125 0.1828420859375 0.55047005625 0.1814905671875 0.555890703125 0.179940575 0.555504246875 0.177913296875 0.5636352171875 0.182563275 0.5647945859375 0.183239034375 0.5620842625 0.186339021875 0.5628571765625 0.18701478124999998 0.560146853125 0.1901147671875 0.5609197671875 0.1907905265625 0.5582094421875 0.196116265625 0.5566584906250001 0.200369296875 0.5462036546875 0.20191928906249998 0.5465901109375 0.20394656718749998 0.538459140625 0.2054965609375 0.538845596875 0.2102268765625 0.5198733343749999 0.211776871875 0.5202597921875001 0.21515566874999997 0.506708175 0.2167056609375 0.50709463125 0.21805718125 0.501673984375 0.21960717343749997 0.502060440625 0.2216344515625 0.493929471875 0.22318444531249998 0.4943159296875 0.22453596406249998 0.48889528281250005 0.2260859578125 0.4892817390625 0.22743747656250002 0.48386109218750006 0.23121322187499999 0.4819236828125 0.232564740625 0.47650303593750004 0.23856624062499998 0.472241759375 0.239917759375 0.4668211125 0.24591925625000002 0.4625598359375 0.24794653437499997 0.4544288671875 0.24329655625000002 0.45326949687500007 0.242620796875 0.4559798203125 0.21782090625 0.4497965125 0.2171451453125 0.4525068359375 0.21404516093749998 0.4517339234375 0.204466390625 0.46373971249999996 0.202916396875 0.4633532546875 0.195761853125 0.47884228125000006 0.1942118609375 0.478455825 0.192860340625 0.48387647031250003
5 0.4389501078125 0.57977925 0.46712879531249996 0.572410940625 0.48318634843749997 0.5476264484375 0.49244850781249994 0.5038748203125001 0.48982580625 0.49458447968749997 0.49117732500000005 0.48916383437500005 0.47973195 0.46903732812500004 0.471981984375 0.46710504375 0.47265774531250004 0.4643947203125 0.4385578953125 0.45589267187500004 0.411253440625 0.46635776093750003 0.4023504296875 0.475653228125 0.39364589375 0.490755796875 0.39133980468749996 0.513211296875 0.393404884375 0.5511506953125 0.3977760515625 0.5666345953125 0.40087603749999995 0.567407509375 0.39952451875 0.57282815625 0.4389501078125 0.57977925
5 0.4866502203125 0.40167082968749995 0.48975020625 0.40244374218749995 0.489074446875 0.40515406406250004 0.49217443281250006 0.405926978125 0.4914986734375 0.4086373015625 0.49459865937499997 0.409410215625 0.4939229 0.4121205375 0.4970228875 0.41289345156249996 0.4972213609375 0.41870055468749995 0.5149470453125 0.42024125625000003 0.5156228046875 0.41753093124999996 0.5187227921875001 0.4183038453125 0.5193985515625 0.4155935234375 0.5240485296874999 0.4167528921875 0.5247242890625 0.41404256874999995 0.5278242765625001 0.41481548281249997 0.5285000359375001 0.412105159375 0.531600021875 0.4128780734375 0.53227578125 0.41016774843750003 0.53537576875 0.4109406625 0.536051528125 0.408230340625 0.544477253125 0.4074523 0.5451530124999999 0.40474197656250005 0.5568771984375 0.410543953125 0.5575529578125 0.40783363125000005 0.5591029515625 0.4082200875 0.5638332671875 0.3892478234375 0.562283275 0.3888613671875 0.56363479375 0.3834407203125 0.5612105656249999 0.379957484375 0.561886325 0.3772471609375 0.555686353125 0.37570133437500003 0.5563621125 0.3729910109375 0.5408621796874999 0.36912644375000003 0.5415379406249999 0.3664161203125 0.49813813125 0.3555953328125 0.49746237187500003 0.35830565625 0.495912378125 0.3579192 0.49388509999999997 0.36605016875 0.4923351078125 0.3656637125 0.48895630937499995 0.3792153296875 0.48740631562500003 0.37882887187500003 0.48335175937499997 0.3950908125 0.48732597968749997 0.3989605046875 0.4866502203125 0.40167082968749995
5 0.37373699375 0.4253369625 0.3690870125 0.4241775921875 0.368411253125 0.4268879140625 0.363761275 0.42572854375 0.363085515625 0.42843886875 0.3584355359375 0.4272794984375 0.3539840296875 0.43192723125 0.35088404375 0.43115431718749997 0.35020828437499996 0.43386464062499996 0.3471082984375 0.43309172656249995 0.3464325390625 0.4358020515625 0.3433325515625 0.43502913750000005 0.3426567921875 0.43773945937500003 0.33955680625 0.43696654687500003 0.334429540625 0.444324603125 0.3370522421875 0.45361494375 0.340152228125 0.45438785625 0.34035070312500004 0.460194959375 0.345874915625 0.464451109375 0.34519915624999997 0.4671614328125 0.3569233421875 0.472963409375 0.3575991015625 0.4702530859375 0.3629248421875 0.46870213281249995 0.36427636093750004 0.46328148750000003 0.37317937031250004 0.45398602187500003 0.38693083437500003 0.45165702812499997 0.38760659375 0.44894670468750003 0.3922565734375 0.450106075 0.3929323328125 0.4473957515625 0.3975823140625 0.448555121875 0.39825807343749997 0.44584479843749997 0.4029080515625 0.44700416875000004 0.40358381093749995 0.44429384531249994 0.40823379062500004 0.445453215625 0.40890955 0.4427428921875 0.41355953124999995 0.4439022625 0.41423529062500003 0.4411919390625 0.41888526875 0.44235130937499995 0.42556252656250004 0.435379709375 0.426715571875 0.42415195937499994 0.4249671046875 0.4179584 0.41324291874999997 0.4121564234375 0.412567159375 0.4148667453125 0.4063671875 0.41332091875000004 0.4056914265625 0.41603124375 0.3850642296875 0.41952473125 0.3843884703125 0.42223505625 0.3797384921875 0.42107568593750005 0.37906273281249997 0.42378600781250003 0.374412753125 0.42262663749999996 0.37373699375 0.4253369625
5 0.40203381875 0.4439073890625 0.3973838390625 0.44274801874999997 0.3967080796875 0.4454583421875 0.39205809999999996 0.444298971875 0.38228085625 0.45049765781250006 0.37385513125 0.45127569687499997 0.3649521203125 0.4605711640625 0.35847333593749997 0.47334986562500003 0.361771796875 0.4799298828125 0.381047475 0.481857040625 0.380371715625 0.4845673625 0.3889959140625 0.4895964265625 0.38832015468750003 0.49230675 0.39452012812500004 0.49385257656250003 0.408550403125 0.4771990546875 0.43207911093750007 0.4686713765625 0.43875637031250003 0.46169977656250005 0.4465063359375 0.46363205937499996 0.4471820953125 0.4609217375 0.46558353906249994 0.4597521140625 0.46828657656250006 0.4489108203125 0.46216694062499997 0.4272333609375 0.45286698124999997 0.4249146203125 0.4484154765625 0.429562353125 0.429338271875 0.4334423 0.42488676718749996 0.4380900328125 0.41336105625 0.438095159375 0.412685296875 0.4408054828125 0.4080353171875 0.4396461125 0.40735955781250005 0.44235643593749996 0.40270957812499997 0.44119706562500005 0.40203381875 0.4439073890625
5 0.510297065625 0.41908188593749995 0.49276985624999997 0.4233482875 0.4838668453125 0.4326437546875 0.47353197812500003 0.46749150000000006 0.4845804046875 0.4760038 0.4863288734375 0.4821973609375 0.49097885156250004 0.48335673124999995 0.4927273203125 0.489550290625 0.49737729843749995 0.4907096609375 0.5072726796875 0.510449709375 0.513472653125 0.5119955359375 0.5179241593749999 0.5073478031249999 0.5280983515625 0.5127633234375 0.53545136875 0.5030814015625 0.5385513546875 0.5038543140625 0.5436786203125 0.496496259375 0.54677860625 0.497269171875 0.55790736875 0.48564983906250003 0.5592588890625 0.4802291921875 0.563034634375 0.4782917828125 0.567287665625 0.467836946875 0.5688376578125001 0.468223403125 0.5724952671875 0.4403472578125 0.56927714375 0.41363560625 0.5482529984375 0.405514890625 0.5422515 0.40977616718750004 0.5376015203125 0.40861679687499997 0.5369257609375 0.41132711874999994 0.53227578125 0.41016774843750003 0.531600021875 0.4128780734375 0.5269500421875 0.41171870312500003 0.5224985375 0.4163664359375 0.5109728265625 0.4163715625 0.510297065625 0.41908188593749995
5 0.43544843593750004 0.6796645015625 0.44812719375 0.668431625 0.4512271796875 0.6692045375 0.45412869218749996 0.6641703484375 0.457228678125 0.6649432609375 0.460130190625 0.659909071875 0.484334659375 0.6486710687499999 0.48509075468749996 0.6258291125000001 0.48266652812500005 0.6223458765625 0.4749165625 0.62041359375 0.470068109375 0.6134471203125 0.44574550312500005 0.5987463859375 0.43847282343750005 0.5882966765625001 0.4338228421875 0.58713730625 0.43207437656250003 0.5809437468749999 0.423450175 0.5759146828125 0.424125934375 0.573204359375 0.4132759828125 0.5704991625 0.406598725 0.5774707625 0.401669934375 0.5906359218749999 0.3972184296875 0.5952836546875 0.39093811875 0.6138694609375 0.3924881140625 0.6142559171875 0.38843355625 0.6305178578125 0.4054031453125 0.6549005140624999 0.413072771875 0.6769644296874999 0.43544843593750004 0.6796645015625
5 0.5263356765625 0.8433868765625 0.539969003125 0.8151191484375 0.551456915625 0.7690436515625 0.54744489375 0.719103590625 0.53890103125 0.69394289375 0.519507215625 0.666077 0.5029345765625 0.65330855 0.48123467187499996 0.6478981562499999 0.447252959375 0.6653348453125 0.42944693906250003 0.683925778125 0.4180393640625 0.709869640625 0.4001908078125 0.794662575 0.41135737031249997 0.8291136109374999 0.4376269171875 0.8558150078125 0.4881009328125 0.8712784031249999 0.51075540625 0.85965394375 0.5263356765625 0.8433868765625
5 0.6016568546875 0.68655920625 0.631106725 0.6939018828125 0.6431097218749999 0.6853793296874999 0.66040065625 0.6292354546875 0.6596067609375 0.6060070421875 0.6565067734375 0.605234128125 0.6554340671875 0.5963302453125 0.6505856125 0.589363771875 0.6231630218750001 0.5738901249999999 0.57821321875 0.5626828796875001 0.56998596875 0.5692680234374999 0.56418294375 0.579336403125 0.553649603125 0.6083770453125 0.5511450390625 0.6250254421875 0.553569265625 0.628508678125 0.5541646874999999 0.6459299890625 0.5590131421875 0.6528964625 0.55853585625 0.6614138875 0.6016568546875 0.68655920625
5 0.4360485953125 0.5848134390624999 0.4426455171875 0.5979734718749999 0.4567939296875 0.6072586859375 0.4561181703125 0.609969009375 0.4638681359375 0.61190129375 0.4631923765625 0.614611615625 0.4709423421875 0.6165439 0.4702665828125 0.6192542234375 0.48974073437500004 0.6269884828125 0.49041649375 0.6242781609375 0.49884222031250003 0.6235001203125 0.516648240625 0.6049091875 0.5220543171875 0.5832266015625 0.5205043234375 0.5828401453125001 0.522134653125 0.56309496875 0.517961959375 0.553418171875 0.5193134781250001 0.547997525 0.5160150171875 0.541417509375 0.5173665359374999 0.5359968625 0.5149423093750001 0.5325136265625 0.516293828125 0.5270929796875 0.5136711265625 0.5178026390625 0.510571140625 0.5170297265625 0.50707420625 0.50464260625 0.4967015390625 0.4934199828125 0.49737729843749995 0.4907096609375 0.49117732500000005 0.48916383437500005 0.485213628125 0.539495478125 0.48366363437500004 0.539109021875 0.472256059375 0.565052884375 0.46180305625000007 0.5739618937500001 0.45250309843750003 0.5716431531249999 0.44650159843750004 0.5759044296875 0.44185162031249997 0.574745059375 0.4374001140625 0.5793927921875001 0.4360485953125 0.5848134390624999
5 0.533343753125 0.531344003125 0.536443740625 0.5321169171875 0.5390664421875 0.5414072562500001 0.5507906265625 0.547209234375 0.5565133140625 0.5572724859375 0.56116329375 0.55843185625 0.560487534375 0.5611421812499999 0.5806374453125 0.5661661171875 0.5813132046875 0.56345579375 0.59216315625 0.566160990625 0.592838915625 0.5634506671875 0.6169630484375 0.5723442984375 0.6176388078125 0.569633975 0.6222887859374999 0.5707933453125 0.6332994140625 0.5332352765625 0.63174941875 0.53284881875 0.6335782234375 0.5189107468749999 0.624079790625 0.5107849046874999 0.6247555499999999 0.5080745796875 0.615455590625 0.5057558390625 0.6161313500000001 0.5030455171875 0.5696315546874999 0.49145181562499995 0.568955796875 0.49416213906250006 0.5534558640625 0.49029757187499995 0.5490043578125 0.4949453046875 0.5459043734375 0.4941723921875 0.5385513546875 0.5038543140625 0.53545136875 0.5030814015625 0.5309998625000001 0.507729134375 0.5267468328125 0.5181839703125 0.533343753125 0.531344003125
5 0.6139055984375 0.5053693828125 0.6232055578125 0.5076881234374999 0.6225297984375 0.510398446875 0.62872976875 0.5119442734375 0.6304782375 0.5181378343749999 0.6335782234375 0.5189107468749999 0.6332994140625 0.5332352765625 0.6363993984375 0.5340081890625 0.6453024093749999 0.5247127234375 0.6480054484375 0.51387143125 0.6449054624999999 0.5130985171875 0.639461584375 0.488710734375 0.6266646921875 0.4740048734375 0.6273404515625 0.4712945515625 0.6242404640625 0.4705216375 0.6249162234375001 0.46781131406250004 0.6218162375 0.4670384 0.622491996875 0.464328078125 0.6193920109375 0.463555165625 0.6191935359375 0.4577480609375 0.613669321875 0.4534919109375 0.61434508125 0.4507815875 0.6057208828125 0.4457525234375 0.6063966421875 0.4430422015625 0.5970966843750001 0.44072346093750003 0.594195171875 0.4457576515625 0.5910951843750001 0.4449847375 0.5844179281249999 0.45195633749999997 0.583066409375 0.4573769828125 0.57193764375 0.4689963171875 0.56653156875 0.49067890312499995 0.567405803125 0.4937756828125 0.61458135625 0.5026590609375 0.6139055984375 0.5053693828125
5 0.6555947390625 0.5560669796875 0.6559916890624999 0.5676811859375 0.6721673796875 0.5688354296875 0.67459160625 0.5723186671875 0.6707355234375 0.5943877093750001 0.6864339296875 0.6040593796875 0.6828566578124999 0.6118038921875 0.6724036546875001 0.6207129015625 0.6710521359375 0.6261335484375 0.6814248015625 0.637356171875 0.685002075 0.629611659375 0.6961308374999999 0.6179923265625 0.701456575 0.6164413718749999 0.7028080953125 0.6110207265625001 0.7088095937500001 0.60675945 0.71461261875 0.5966910703125 0.7220459734375 0.566877515625 0.72009903125 0.5548768515625 0.722126309375 0.5467458828125 0.720377840625 0.540552321875 0.71417786875 0.539006496875 0.7069051875000001 0.528556784375 0.702255209375 0.5273974156250001 0.7029309687499999 0.5246870921875 0.6967309953124999 0.523141265625 0.69740675625 0.5204309421875 0.677932603125 0.5126966828125 0.6772568437500001 0.5154070046875 0.666406890625 0.5127018078125001 0.66573113125 0.51541213125 0.6504296734375 0.5173546671875 0.6453024093749999 0.5247127234375 0.6422024234375 0.5239398109375 0.6334978875 0.5390423796875 0.6507462875 0.5491005062500001 0.6555947390625 0.5560669796875
5 0.663217096875 0.75660526875 0.6637747187499999 0.727956209375 0.6574566078124999 0.700471646875 0.6462097078125 0.68615224375 0.614534084375 0.6811334328124999 0.57006156875 0.6614087625 0.5573828109375001 0.6726416375000001 0.5432722 0.70942679375 0.5501053953125 0.7744642984375 0.54636745 0.8224720781249999 0.5576143515624999 0.83679148125 0.5950126609375 0.8518735453125 0.6170804265625 0.8414833875 0.6348599203124999 0.82258555625 0.663217096875 0.75660526875
5 0.791304171875 0.9296026062499999 0.806648165625 0.8614580671875001 0.8030330937500001 0.8231322125 0.7940119453125 0.8064889421875 0.7591181984375 0.77475848125 0.7046699624999999 0.7554253937500001 0.67541856875 0.75388981875 0.65828830625 0.7697704296875 0.650458003125 0.787969778125 0.6384928078125001 0.8425627 0.647910903125 0.8708201765625001 0.67835314375 0.9071983703125 0.7223483765625 0.9354404671875001 0.758673978125 0.9416186484375 0.791304171875 0.9296026062499999
5 0.8455537171874999 0.8665575859375 0.8637544109374999 0.8321460703125 0.8685722921875 0.784775596875 0.8642011234375 0.7692916984375 0.84528459375 0.732908378125 0.8203665656249999 0.700786334375 0.782094021875 0.6826074906249999 0.7661168046875 0.6872603500000001 0.7491850171875 0.7089480625 0.7350744046875 0.7457332171875 0.7372198203125 0.763540984375 0.7966346468750001 0.8157792828125 0.8055754578125001 0.852554184375 0.80346784375 0.8808167875 0.8349130546874999 0.876740165625 0.8455537171874999 0.8665575859375
5 0.6654428484375 0.754281403125 0.6778427953125 0.75737305625 0.7277213859375 0.755415140625 0.731100184375 0.7418635250000001 0.736903209375 0.7317951453125 0.7380562546875 0.7205673953125 0.7170321093750001 0.712446678125 0.7020094625 0.700064684375 0.6886171453125 0.667937515625 0.6830929328125 0.6636813640625 0.6787217640625001 0.648197465625 0.675621778125 0.6474245515625 0.6745490703125 0.63852066875 0.6714490828125 0.6377477546875 0.6693036671875 0.6199399875 0.6591294750000001 0.61452446875 0.6435870078125 0.676861903125 0.6460112328125 0.680345140625 0.6446597140625 0.6857657875000001 0.6477597015625001 0.6865387000000001 0.648832409375 0.6954425828125 0.651932396875 0.6962154968750001 0.658727790625 0.7151826328124999 0.6593232140625 0.7326039421874999 0.6654428484375 0.754281403125
5 0.6971610078125 0.6930982109375 0.7073352015625 0.69851373125 0.7066594421875 0.7012240546874999 0.7159594 0.7035427953125 0.7152836406249999 0.7062531171875001 0.7214836140625 0.7077989453125 0.7208078546875 0.71050926875 0.730783571875 0.710117684375 0.734082034375 0.7166977015625 0.7418319999999999 0.7186299843749999 0.7485092578125 0.7116583859375 0.7527622890625 0.70120355 0.7676667968750001 0.68764680625 0.7703698343750001 0.6768055140625 0.7668729015625 0.66441839375 0.7613486875000001 0.66016224375 0.7545532921875 0.64119510625 0.744180625 0.629972484375 0.744856384375 0.6272621593750001 0.732257965625 0.618363403125 0.7305094984375 0.61216984375 0.7163610859375 0.6028846296875 0.715685325 0.6055949546875 0.7057096078125 0.6059865359375001 0.6879035859375 0.62457746875 0.6822990359375 0.6404529515624999 0.6888156203125 0.67374461875 0.69191560625 0.67451753125 0.692988315625 0.6834214140625 0.6960883015625 0.684194328125 0.6971610078125 0.6930982109375
5 0.746207903125 0.6218415140625 0.7468836624999999 0.619131190625 0.74843365625 0.6195176484375 0.7504609359375001 0.6113866781249999 0.752010928125 0.611773134375 0.7526866875 0.6090628109375 0.7511366953125 0.6086763546875 0.7531639734375 0.6005453843749999 0.7516139796875 0.600158928125 0.7529654984375 0.59473828125 0.7514155046875 0.5943518250000001 0.7520912640625 0.5916415015625 0.750541271875 0.5912550453125001 0.7512170312500001 0.5885447218750001 0.7496670390625 0.5881582640625 0.7494685640625 0.5823511609375001 0.746368578125 0.5815782484375001 0.7470443375 0.5788679250000001 0.7439443515625 0.5780950125000001 0.7446201109375 0.5753846874999999 0.7368701453125001 0.5734524046875 0.7375459046875 0.5707420812499999 0.7266959515625 0.568036884375 0.7273717109375 0.5653265609375 0.7211717375 0.563780734375 0.7117111046875 0.601725259375 0.7132611 0.6021117171875 0.712585340625 0.604822040625 0.7218852984375 0.60714078125 0.7212095390625 0.609851103125 0.7274095125 0.6113969296875 0.726733753125 0.6141072546874999 0.73138373125 0.6152666234375 0.730707971875 0.617976946875 0.746207903125 0.6218415140625
5 0.7618259734375 0.6516448171875 0.762024446875 0.6574519203125 0.7651244328125 0.658224834375 0.7644486734375 0.66093515625 0.7690986546875 0.6620945265625 0.7684228937500001 0.6648048515625 0.7739471078125 0.669061 0.7732713484375 0.671771325 0.774821340625 0.6721577812499999 0.7758940484375 0.6810616625 0.7789940359374999 0.6818345765625 0.7783182765625 0.6845449015625 0.7829682546875001 0.6857042703125 0.7836440140625001 0.682993946875 0.7898439875000001 0.6845397734375 0.789168228125 0.6872500968749999 0.8000181796874999 0.6899552953125 0.800693940625 0.6872449703125 0.8022439328125 0.6876314265625 0.8042712109375 0.6795004578125 0.80272121875 0.6791140015625 0.8040727375 0.6736933546875 0.80252274375 0.6733068984374999 0.8031985046875001 0.670596575 0.8000985171874999 0.6698236609375 0.799025809375 0.660919778125 0.7959258218749999 0.660146865625 0.79660158125 0.657436540625 0.793501596875 0.656663628125 0.79417735625 0.6539533046875 0.789527375 0.652793934375 0.790203134375 0.6500836109375 0.78710315 0.6493106984375 0.787778909375 0.646600375 0.777604715625 0.6411848546875001 0.7782804750000001 0.63847453125 0.773630496875 0.6373151625 0.7743062562499999 0.6346048375 0.7594820828125 0.6280299484375 0.7601578421874999 0.6253196234375 0.7431079171875 0.6210686 0.7424321578125 0.623778925 0.747956371875 0.6280350734375 0.7481548453125 0.6338421765625 0.752804825 0.635001546875 0.7521290656249999 0.6377118703125 0.753679059375 0.638098328125 0.7530033 0.64080865 0.756103284375 0.6415815640625 0.7563017609375 0.6473886671875 0.7618259734375 0.6516448171875
5 0.8658692531250001 0.7956168906250001 0.8682934796874999 0.799100128125 0.8662662015624999 0.8072310968749999 0.8678161953125001 0.8076175531249999 0.8583555625000001 0.8455620796875 0.8568055687499999 0.8451756218750001 0.8518767781250001 0.8583407828125 0.84587528125 0.8626020593750001 0.8416222484375 0.8730568953125 0.850922209375 0.8753756359375 0.8515979687499999 0.8726653125 0.8546979546875001 0.8734382249999999 0.8553737124999999 0.8707279031249999 0.8615736859375 0.8722737296874999 0.8644751984375001 0.8672395390625001 0.866025190625 0.867625996875 0.8707555078125001 0.8486537328124999 0.8723055015625001 0.8490401890625 0.8743327796875 0.8409092203125 0.8758827734375 0.8412956765624999 0.8792615703125 0.8277440593750001 0.8808115640624999 0.8281305171875 0.886019165625 0.8006408281249999 0.884469171875 0.8002543703124999 0.8858206921875 0.7948337249999999 0.884270696875 0.7944472671875 0.885622215625 0.7890266203125 0.8805752890624999 0.7762530437499999 0.881251046875 0.773542721875 0.8733026078125 0.7658033359374999 0.8739783671874999 0.7630930109375 0.87087838125 0.7623200984375 0.871554140625 0.759609775 0.86535416875 0.7580639484375 0.8660299281249999 0.7553536249999999 0.8629299406250001 0.7545807109375 0.8636056999999999 0.7518703890625 0.855855734375 0.7499381046875 0.85692844375 0.7588419875 0.8600284296874999 0.7596149015625 0.8637238375 0.7778091234375 0.86527383125 0.77819558125 0.8645980703125 0.7809059046875 0.8661480656249999 0.7812923609375 0.86547230625 0.784002684375 0.8670222984375 0.784389140625 0.8658692531250001 0.7956168906250001