5 0.1038444421875 0.7599859796875 0.0966520984375 0.790567321875 0.10960966718750001 0.816124728125 0.1251899359375 0.8323917937499999 0.159488259375 0.8180826421875 0.15217304062499998 0.7623303499999999 0.1772092078125 0.7042695703125 0.1572577703125 0.7034864046875 0.1038444421875 0.7599859796875
5 0.24918465312500002 0.6892028859375 0.2353528515625 0.666742259375 0.20542569687499998 0.6655675109375 0.1734334609375 0.7023321625000001 0.15062304843750002 0.7627168078125 0.15591098750000001 0.8103381296875 0.1815473125 0.8471284109375 0.2176744390625 0.8467573343750001 0.2406455265625 0.826635953125 0.22808490781250002 0.789464340625 0.22732881093750001 0.766622384375 0.24918465312500002 0.6892028859375
5 0.3120586140625 0.6706478375 0.27418301718750004 0.6772124765624999 0.236468096875 0.724040378125 0.2253015328125 0.758491415625 0.2297152375 0.80920951875 0.26270457812500003 0.855681721875 0.3233527875 0.8348028078124999 0.343738971875 0.7779013984375001 0.338252559375 0.7360871796875 0.320167728125 0.7031717171875 0.3120586140625 0.6706478375
5 0.172956175 0.693814734375 0.2235483296875 0.6524126031249999 0.212419565625 0.640793271875 0.19469388125 0.6423339718750001 0.172956175 0.693814734375
5 0.192902878125 0.5823255296875 0.1905589875 0.6059403999999999 0.1979923421875 0.6357539546875 0.21667259687499998 0.6512481078125 0.22143155625 0.6084044750000001 0.230793271875 0.5858672515625 0.2272012015625 0.5680163796875 0.2017255515625 0.5714893640625001 0.192902878125 0.5823255296875
5 0.5159063515625 0.7090659687499999 0.5005245578124999 0.6869917984375 0.470517065625 0.6656854171875 0.4257657375 0.6710855578125 0.3875735296875 0.709396034375 0.3698100453125 0.7570071046875 0.40101311875 0.8557432390624999 0.41997218593749996 0.8855619203125 0.45617965 0.9053224765625 0.49870522656249994 0.89759846875 0.5347520171875 0.8770957578124999 0.54854128125 0.8333543828125001 0.5159063515625 0.7090659687499999
5 0.42882318750000004 0.60411064375 0.4046565203125 0.5468022718750001 0.3911035296875 0.538666175 0.361653659375 0.546008853125 0.31936909375 0.614127759375 0.3119782765625 0.6505162062500001 0.319969253125 0.7089788203125 0.346957096875 0.7511897484375 0.3768842515625 0.7523644984375 0.4003704234375 0.6946901750000001 0.4440868453125 0.6521235484375 0.43927619062499995 0.6130196531250001 0.42882318750000004 0.60411064375
5 0.318773671875 0.6315490687499999 0.3634021265625 0.5398152921875 0.3507233703125 0.5285824171875 0.30916586874999996 0.526538996875 0.290840646875 0.5683638328125 0.30549949375 0.6377375015625 0.318773671875 0.6315490687499999
5 0.25478446718750003 0.592805996875 0.2561359859375 0.59822664375 0.252837525 0.6048066609375 0.25418904375 0.6102273078125 0.25176481875 0.61371054375 0.2531163375 0.619131190625 0.25069210937499997 0.6226144265625 0.2531966734375 0.6392628234375 0.25164668125 0.6396492796875 0.25434971875 0.6504905734374999 0.252799725 0.6508770296875 0.256178521875 0.664428646875 0.2546285296875 0.664815103125 0.2580073265625 0.67836671875 0.2657572921875 0.6764344359375001 0.2675057609375 0.670240875 0.2745799671875 0.6655982703125 0.27390420781249997 0.6628879453125001 0.2785541859375 0.6617285749999999 0.2778784265625 0.659018253125 0.2871783859375 0.6566995125 0.291629890625 0.6613472453125 0.30247984375 0.6586420484375 0.301804084375 0.6559317250000001 0.305778303125 0.6520620328125 0.30259798125000004 0.6327033125 0.3041479734375 0.6323168546875 0.298543425 0.6164413718749999 0.2969934296875 0.6168278296875 0.297867665625 0.61373105 0.2917858296875 0.5893381390625 0.293335821875 0.5889516828125 0.29130854375 0.5808207140625 0.29305701093750003 0.5746271546874999 0.2917054921875 0.5692065078125 0.29432819375 0.5599161671874999 0.29162515624999996 0.549074875 0.2816494375 0.5486832921875 0.282325196875 0.551393615625 0.27215100312499996 0.5568091359375 0.2704025375 0.5630026953125 0.26575255625 0.5641620656249999 0.2655540828125 0.5699691687499999 0.26245409531249997 0.5707420812499999 0.26225562187499996 0.5765491859375 0.2591556359375 0.5773220984375 0.25478446718750003 0.592805996875
5 0.2212422390625 0.6299571046875 0.219692246875 0.6303435609375 0.221719525 0.63847453125 0.2201695328125 0.6388609875 0.2247013734375 0.663640353125 0.2284771203125 0.6655777640625 0.22915287968750003 0.6682880875 0.23225286562499997 0.6675151734375 0.23738013125 0.6748732296875 0.2389301234375 0.6744867734375 0.24028164218749998 0.6799074203125001 0.24183163593749998 0.6795209640625 0.2452104328125 0.6930725796874999 0.24366044062499997 0.6934590359375 0.24501195937500003 0.6988796828125 0.24346196562500003 0.6992661390625 0.2454892453125 0.707397109375 0.2501392234375 0.7062377390625 0.24946346406250003 0.703527415625 0.25256345156250004 0.7027545015625 0.2518876921875 0.7000441796875 0.2549876765625 0.699271265625 0.2543119171875 0.6965609421875001 0.25828613749999996 0.69269125 0.25713309375 0.6814635 0.2586830859375 0.68107704375 0.25665580781249997 0.6729460734375 0.2582058 0.672559615625 0.253475484375 0.6535873546875 0.255025478125 0.6532008968749999 0.25164668125 0.6396492796875 0.2531966734375 0.6392628234375 0.2518451546875 0.6338421765625 0.25339514687500003 0.6334557203125 0.25136786875 0.6253247515625 0.25291786250000003 0.6249382953125 0.25156634375000003 0.6195176484375 0.2531163375 0.619131190625 0.25176481875 0.61371054375 0.25418904375 0.6102273078125 0.252837525 0.6048066609375 0.2561359859375 0.59822664375 0.25478446718750003 0.592805996875 0.2580829265625 0.5862259812499999 0.2560556484375 0.5780950125000001 0.2514056703125 0.57925438125 0.25208142968749997 0.5819647046875 0.2272815375 0.5881480125 0.2279572984375 0.5908583359375 0.22485731250000002 0.5916312484375 0.2220361359375 0.6067286921874999 0.22048614375 0.6071151484375 0.22144071406250002 0.6241500015625 0.2198907203125 0.6245364578125 0.2212422390625 0.6299571046875
5 0.483550234375 0.599102084375 0.5049713265625 0.5793671609375 0.507513690625 0.5499451890625 0.49515154531250005 0.5069664734375 0.4884742875 0.49999487499999995 0.48712276875000005 0.494574228125 0.4675682796875 0.4821768546875 0.4598183140625 0.4841091390625 0.4591425546875 0.481398815625 0.4250427046875 0.4899008625 0.40584736406250005 0.511959653125 0.4023504296875 0.524346771875 0.40175500781249995 0.5417680812500001 0.41026107031250003 0.5626777546875 0.4298958953125 0.595206759375 0.441024659375 0.6068260921874999 0.4441246453125 0.6060531796874999 0.44547616406249996 0.6114738265625 0.483550234375 0.599102084375
5 0.44205009375 0.41944783750000003 0.4451500796875 0.4186749234375 0.44582583906249995 0.421385246875 0.44892582656249996 0.4206123328125 0.44960158593750005 0.42332265625 0.45270157187500004 0.42254974375 0.45337733125 0.425260065625 0.45647731875 0.424487153125 0.4593788296875 0.42952134218750004 0.47575299531250004 0.422559996875 0.47507723593750006 0.41984967187500005 0.47817722187499995 0.41907675937500005 0.4775014625 0.4163664359375 0.48215144218750006 0.41520706562500004 0.48147568281249997 0.4124967421875 0.48457566874999997 0.41172382812499997 0.483899909375 0.40901350625 0.4869998953125 0.40824059375 0.4863241359375 0.40553026875000003 0.4894241234375 0.4047573546875 0.4887483640625 0.4020470328125 0.4958225703125 0.397404425 0.4951468109375 0.39469410312500003 0.508222515625 0.394312771875 0.50754675625 0.3916024484375 0.50909675 0.3912159921875 0.5043664328124999 0.37224372968749997 0.502816440625 0.37263018593749997 0.5014649203125 0.3672095390625 0.497689175 0.3652721296875 0.49701341406250005 0.36256180625 0.4908134421875 0.3641076328125 0.4901376828125 0.3613973109375 0.47463775156250004 0.365261878125 0.47396199218749996 0.362551553125 0.4305621828125 0.373372340625 0.4312379421875 0.376082665625 0.42968795000000004 0.376469121875 0.431715228125 0.384600090625 0.430165234375 0.384986546875 0.43354403281250004 0.3985381640625 0.4319940375 0.398924621875 0.4360485953125 0.4151865609375 0.441374334375 0.4167375125 0.44205009375 0.41944783750000003
5 0.353464209375 0.49335334218750004 0.348814228125 0.4945127125 0.34948998750000004 0.497223034375 0.34484000937500003 0.4983824046875 0.34551576875 0.5010927281249999 0.3408657890625 0.5022520984375001 0.3391173203125 0.5084456578125 0.3360173359375 0.509218571875 0.33669309531249997 0.5119288937500001 0.33359310937500003 0.5127018078125001 0.33426886875 0.51541213125 0.33116888125 0.5161850453125 0.331844640625 0.5188953671875 0.3287446546875 0.51966828125 0.327671946875 0.528572165625 0.33434920468749996 0.5355437640625 0.337449190625 0.53477085 0.34035070312500004 0.539805040625 0.347226434375 0.5409695359375 0.34790219375000003 0.5436798609375 0.3609778984375 0.5432985296874999 0.360302140625 0.54058820625 0.36427636093750004 0.5367185125 0.3629248421875 0.5312978671875 0.3664217765625 0.5189107468749999 0.3774702015625 0.510398446875 0.37679444218749997 0.5076881234374999 0.381444421875 0.506528753125 0.3807686625 0.50381843125 0.38541864375 0.5026590609375 0.3847428828125 0.4999487359375 0.3893928625 0.4987893671875 0.38871710312499996 0.49607904375 0.3933670828125 0.4949196734375 0.3926913234375 0.49220935 0.397341303125 0.4910499796875 0.39666554375 0.4883396578125 0.40131552187499997 0.48718028750000003 0.4039382234375 0.47788994687499997 0.3996851921875 0.46743510937500005 0.39523368593749997 0.4627873765625 0.3821579828125 0.4631687078125 0.3828337421875 0.4658790296875 0.37663376875 0.4674248578125 0.3773095296875 0.47013518125 0.3607368890625 0.48290363125 0.3614126484375 0.4856139546875 0.35676267031250003 0.486773325 0.3574384296875 0.489483646875 0.3527884484375 0.4906430171875 0.353464209375 0.49335334218750004
5 0.387167109375 0.49646549999999995 0.38251713125000003 0.4976248703125 0.383192890625 0.50033519375 0.3785429109375 0.5014945640625 0.3728202234375 0.5115578171874999 0.3657460171875 0.5162004234375 0.36224908125 0.5285875437499999 0.36252789218750003 0.542912071875 0.368529390625 0.5471733484375 0.38645355000000003 0.5398255453125 0.387129309375 0.54253586875 0.39710502812500004 0.5429274515625 0.3977807875 0.545637775 0.403980759375 0.5440919484375 0.408550403125 0.5228009453125 0.42532151718750005 0.5042253921875 0.42794421875 0.49493505156250006 0.43569418437499996 0.49300276875 0.435018425 0.49029244531250005 0.45071682968750004 0.4806207765625 0.44801379218750004 0.4697794828125 0.43243352343749997 0.453512415625 0.42313356406249997 0.45583115625000004 0.42138509687500003 0.46202471562499997 0.40636245000000004 0.4744067109375 0.4046139828125 0.4806002703125 0.394439790625 0.4860157890625 0.3951155515625 0.4887261140625 0.3904655703125 0.48988548437499996 0.39114132968750004 0.49259580625000005 0.38649135 0.4937551765625 0.387167109375 0.49646549999999995
5 0.4711030171875 0.42371936562499996 0.4576303640625 0.4357149015625 0.454133428125 0.44810202187500003 0.4613683078125 0.48372268281249997 0.47511977187500004 0.486051675 0.479571278125 0.4906994078125 0.48422125625 0.4895400375 0.48867276249999997 0.4941877703125 0.49332274218750005 0.49302840156250005 0.5113272375 0.5058122296875001 0.5175272093750001 0.5042664015625 0.519275678125 0.4980728421875 0.5308013890625001 0.49807796875 0.53274833125 0.48607730625 0.5358483171875 0.4853043921875 0.5369210265625 0.476400509375 0.5400210109375 0.475627596875 0.5443921796875 0.460143696875 0.5430406609375 0.45472305 0.5454648890625 0.45123981406249997 0.54431184375 0.44001206406250004 0.5458618359375 0.4396256078125 0.53600425625 0.4132952875 0.520622459375 0.39122111875 0.498246796875 0.3939211890625 0.4949483375 0.40050120624999996 0.49029835625 0.4016605765625 0.490974115625 0.40437089843749996 0.4863241359375 0.40553026875000003 0.4869998953125 0.40824059375 0.48234991718750003 0.40939996250000005 0.48060144843749997 0.4155935234375 0.47042725625 0.4210090421875 0.4711030171875 0.42371936562499996
5 0.5273517265625001 0.6889394625 0.5332728890625 0.6730691046875 0.536372875 0.6722961921875 0.5365713484375 0.6664890890625 0.5396713359375 0.665716175 0.5398698093750001 0.659909071875 0.5559651640625 0.6386231953125 0.5459091078125 0.6180999796875 0.5421333625 0.6161625703125 0.534383396875 0.618094853125 0.52683190625 0.614220034375 0.49845474218749997 0.6126588265625 0.48712750624999995 0.6068465984375 0.482477525 0.60800596875 0.47802602031249997 0.6033582359375 0.4680503015625 0.6029666515625001 0.4673745421875 0.6002563296875 0.45652459062500006 0.6029615265625 0.4539018890625 0.612251865625 0.45573069374999997 0.6261899390625 0.45398222656250004 0.6323834984375 0.4571625484375 0.6517422171875 0.45871254375000003 0.6513557609375 0.46276710000000004 0.6676177 0.48919732031249996 0.6811795703125 0.50632758125 0.697060178125 0.5273517265625001 0.6889394625
5 0.6844633953125 0.7908287656249999 0.6832300140625 0.7594693828125 0.6717421031249999 0.7133938875 0.644754259375 0.671182959375 0.6253982453125 0.6529784828125 0.5951922781250001 0.6374792046875 0.57456508125 0.6339857140625 0.5528651765625 0.6393961078125 0.5310471359375 0.6707452390624999 0.5240532671875 0.695519478125 0.5261608812499999 0.72378208125 0.5502094125 0.8070291890625001 0.576242684375 0.8322052640625 0.6119728640625001 0.8434483937499999 0.6637983984375 0.8334056453124999 0.678343759375 0.8125062249999999 0.6844633953125 0.7908287656249999
5 0.6773419171875 0.616997 0.7067917875 0.609654321875 0.7133887078125001 0.5964942890625 0.70229774375 0.5388045859374999 0.690691696875 0.5186678265625 0.687591709375 0.519440740625 0.6824644453125 0.5120826843749999 0.6749129546875 0.508207865625 0.6434358046875001 0.5074195718750001 0.598486003125 0.518626815625 0.594313309375 0.5283036140624999 0.5939163609375 0.5399178203125 0.598249728125 0.5705042890625001 0.603854278125 0.586379771875 0.6076300234375 0.5883171828125 0.6163345609374999 0.6034197515625 0.623886053125 0.6072945703125 0.6274633234375 0.6150390828125001 0.6773419171875 0.616997
5 0.48335175937499997 0.6049091875 0.49535475625 0.613431740625 0.5122062078125 0.6149878203125 0.5128819671875 0.61769814375 0.5206319328125 0.6157658609375 0.5213076921875001 0.6184761828124999 0.5290576578125 0.6165439 0.5297334171875 0.6192542234375 0.5505590875 0.6169406093750001 0.549883328125 0.6142302859375001 0.5569575343750001 0.609587678125 0.5639514046875 0.5848134390624999 0.5585453296875 0.563130853125 0.556995334375 0.563517309375 0.5491650328125 0.5453179609375 0.54093778125 0.5387328171875 0.5395862625000001 0.5333121703125 0.5335847625000001 0.5290508953125 0.53223324375 0.5236302484375 0.5284574984375 0.5216928390625 0.5271059796875 0.5162721921875 0.520428721875 0.5093005921875 0.5173287359375001 0.5100735046875 0.508425725 0.5007780390625001 0.4939985015625 0.49573872343750003 0.49332274218750005 0.49302840156250005 0.48712276875000005 0.494574228125 0.5054864125 0.54181421875 0.5039364187500001 0.542200675 0.506044034375 0.570463278125 0.50099710625 0.5832368546875 0.491697146875 0.58555559375 0.48839868593749997 0.5921356109375 0.4837487078125 0.59329498125 0.48200023906249995 0.599488540625 0.48335175937499997 0.6049091875
5 0.5441559046875 0.51202116875 0.5472558921874999 0.5112482546875 0.55393315 0.518219853125 0.5670088546875001 0.5178385249999999 0.5767860984375 0.524037209375 0.5814360781250001 0.522877840625 0.5821118375000001 0.5255881640625 0.60226175 0.5205642265625 0.6015859890625 0.517853903125 0.612435940625 0.51514870625 0.61176018125 0.5124383828125 0.6372358328125001 0.5089653984375 0.6365600734375 0.5062550765625 0.6412100515625 0.50509570625 0.6332994140625 0.4667647234375 0.63174941875 0.46715118125000005 0.6268206296875001 0.45398602187500003 0.6146191578125 0.451270571875 0.6139433984375 0.4485602484375 0.6046434390625001 0.4508789875 0.6039676796875 0.448168665625 0.5574678843750001 0.45976236718749997 0.55814364375 0.46247268906250005 0.5426437125 0.46633725625 0.5408952453125 0.472530815625 0.537795259375 0.47330372968749995 0.5358483171875 0.4853043921875 0.53274833125 0.48607730625 0.5309998625000001 0.492270865625 0.5321529078125 0.503498615625 0.5441559046875 0.51202116875
5 0.6030934453125 0.4512654453125 0.61239340625 0.44894670468750003 0.613069165625 0.45165702812499997 0.6192691375 0.4501112015625 0.62372064375 0.45475893437500003 0.6268206296875001 0.45398602187500003 0.6332994140625 0.4667647234375 0.6363993984375 0.4659918109375 0.639896334375 0.45360469062500003 0.6371932953125 0.44276339687500005 0.6340933109375 0.4435363109375 0.61783728125 0.424558921875 0.5996343125 0.4175821953125 0.598958553125 0.4148718734375 0.5958585656250001 0.4156447859375 0.59518280625 0.4129344625 0.5920828203124999 0.413707375 0.5914070609375 0.410997053125 0.588307075 0.41176996718750003 0.5854055625 0.40673577656250004 0.5785298296875 0.40557127968750006 0.5778540703124999 0.4028609578125 0.5678783515625 0.4024693734375 0.5672025921875 0.39975905156249997 0.557902634375 0.40207779062500004 0.557704159375 0.40788489375000003 0.5546041734375 0.4086578078125 0.551981471875 0.417948146875 0.5533329921875 0.42336879375 0.548961821875 0.43885269375 0.5543678984375 0.46053527968749997 0.5565936515625001 0.4628591453125 0.6024176859375 0.448555121875 0.6030934453125 0.4512654453125
5 0.663703853125 0.47645689999999996 0.669506878125 0.48652527812499996 0.68433105 0.4799503875 0.6881067953125 0.48188779843749996 0.695062865625 0.503183928125 0.713464309375 0.50435355 0.71394159375 0.5128709765624999 0.7088946671875 0.525644553125 0.7102461859375 0.5310652 0.7246734078125 0.5361045171875001 0.724196125 0.5275870890625 0.7285672921875 0.512103190625 0.7325415109375 0.508233496875 0.7311899921875 0.50281285 0.734488453125 0.4962328328125 0.7348854031250001 0.4846186265625 0.7274520484375 0.4548050703125 0.72009903125 0.44512314843749995 0.718071753125 0.43699217968750004 0.7136202468749999 0.432344446875 0.707420275 0.4338902734375 0.6960930359375 0.4280780421875 0.6914430578124999 0.4292374125 0.6907672984375 0.42652709062499994 0.684567325 0.42807291718749996 0.683891565625 0.4253625921875 0.6630658953124999 0.42767620781250004 0.6637416546875 0.4303865296875 0.6528917015625 0.43309172656249995 0.6535674609375001 0.4358020515625 0.6409690421875001 0.4447008078125 0.639896334375 0.45360469062500003 0.6367963484375 0.45437760312500003 0.636200925 0.47179891406249996 0.6561523625000001 0.47258207968750005 0.663703853125 0.47645689999999996
5 0.7645810187500001 0.64994321875 0.7516234515625 0.6243858125 0.7331416703125 0.6030845578124999 0.71648869375 0.595721375 0.686164590625 0.6061608328125 0.6376375171875 0.6096235640625001 0.6317163546875 0.6254939203125 0.6365270093750001 0.664597815625 0.673093621875 0.7188145328125 0.6923314984375 0.762957746875 0.7089844765625 0.7703209281250001 0.7490858234375 0.7660801578124999 0.7636926203125001 0.7465460046875 0.7705189875 0.7215132421875 0.7645810187500001 0.64994321875
5 0.9588925250000001 0.7425575624999999 0.94044854375 0.6751859375 0.9192637250000001 0.6430433890625 0.9034849828124999 0.632583425 0.8577790828125 0.6209487140625 0.800627809375 0.6294405078125 0.7740794531249999 0.641817375 0.7664098234375001 0.6638812921875 0.7680401531250001 0.68362646875 0.7831053375 0.7374464765625001 0.8046871046874999 0.7579748203125 0.8486445343750001 0.7758030921875 0.9007488796875001 0.7800848734375 0.9357229640625 0.7684860453125 0.9588925250000001 0.7425575624999999
5 0.9771941859375 0.66142349375 0.9771092171875001 0.6224952218750001 0.9591240624999999 0.5784077187500001 0.9479953 0.5667883859375 0.9142120609375001 0.54354459375 0.8771303625 0.52688081875 0.8348032609375 0.5287977234375 0.8228806015625001 0.540406803125 0.8181124843750001 0.567504909375 0.8229231374999999 0.6066088046875 0.8331776671875 0.6213249171874999 0.910162240625 0.639555025 0.9353212796875001 0.66782788125 0.9467288546875 0.69377174375 0.97257946875 0.6754096671875 0.9771941859375 0.66142349375
5 0.7654552531250001 0.646846440625 0.7778551984375001 0.6437547859375 0.8209761953125 0.61860946875 0.8175973984375 0.605057853125 0.8179943468750001 0.5934436453124999 0.8137413171875 0.582988809375 0.791365653125 0.5856888796875 0.7722884484375 0.5818089343749999 0.7453809421875001 0.5597296390625 0.7385052109375 0.5585651406250001 0.7273764468749999 0.546945809375 0.7242764609375001 0.5477187234375 0.719149196875 0.540360665625 0.716049209375 0.5411335796875 0.7057946796875 0.5264174671874999 0.69426896875 0.5264123406250001 0.7098114359375 0.5887497749999999 0.7135871828125 0.5906871859375 0.7149387015625 0.5961078328125 0.7180386875 0.59533491875 0.7231659515625 0.602692975 0.7262659390625 0.6019200609375 0.7411704484375 0.615476803125 0.749874984375 0.6305793734375 0.7654552531250001 0.646846440625
5 0.7647369562499999 0.5779341140625001 0.77626266875 0.577939240625 0.776938428125 0.5806495640625 0.7862383875 0.5783308234375 0.7869141468749999 0.581041146875 0.7931141187499999 0.5794953203125 0.793789878125 0.58220564375 0.8024140781250001 0.5771765796875 0.8084155765625001 0.58143785625 0.8161655421875 0.579505571875 0.81878824375 0.5702152328125 0.8176351984375 0.5589874828125 0.82443059375 0.540020346875 0.8217275562499999 0.5291790546875 0.812824546875 0.5198835875000001 0.8059488140625 0.518719090625 0.7910443046875 0.5051623484375 0.7766170796874999 0.5001230328124999 0.7759413203125 0.4974127078125 0.7606398640625 0.495470171875 0.7561883578125 0.49082243906249995 0.7393369078124999 0.489266359375 0.7400126671875 0.49197668281249995 0.73138846875 0.4970057453125 0.7243945984375 0.5217799859375 0.7268991625 0.5384283828124999 0.7482824546875 0.564763828125 0.751382440625 0.563990915625 0.7565097062499999 0.5713489703125 0.7596096921875 0.5705760578125 0.7647369562499999 0.5779341140625001
5 0.7745898015625 0.49199206249999994 0.7739140421874999 0.4892817390625 0.7754640359375 0.48889528281250005 0.7734367578125 0.4807643125 0.77498675 0.4803778546875 0.774310990625 0.4776675328125 0.7727609984375 0.47805398906249996 0.7707337203125 0.46992301875000003 0.769183725 0.4703094765625 0.76783220625 0.46488882968749995 0.7662822140625 0.4652752859375 0.7656064546875 0.46256496406250003 0.7640564609375 0.4629514203125 0.7633807015625 0.4602410953125 0.7618307093750001 0.460627553125 0.7589291968749999 0.4555933625 0.7558292093750001 0.45636627656249995 0.75515345 0.453655953125 0.752053465625 0.4544288671875 0.7513777046875 0.45171854375000003 0.7436277390625 0.4536508265625 0.7429519796874999 0.4509405046875 0.7321020265625 0.45364570156250006 0.7314262671875 0.4509353765625 0.7252262953125 0.45248120468749997 0.734686928125 0.4904257296875 0.736236921875 0.4900392734375 0.73691268125 0.492749596875 0.746212640625 0.49043085625 0.7468884 0.49314117968750004 0.753088371875 0.49159535156249995 0.75376413125 0.4943056765625 0.7584141109375 0.49314630625 0.7590898703125 0.49585662968750005 0.7745898015625 0.49199206249999994
5 0.8023715421875 0.510974578125 0.8052730546875001 0.5160087671875 0.808373040625 0.5152358546875 0.8090488 0.5179461765625 0.8136987796874999 0.5167868062500001 0.8143745390625 0.51949713125 0.8212502718750001 0.5206616265624999 0.82192603125 0.52337195 0.8234760234375 0.52298549375 0.8286032875 0.53034355 0.831703275 0.5295706359375 0.8323790343749999 0.532280959375 0.8370290140625001 0.531121590625 0.836353253125 0.528411265625 0.8425532265625 0.5268654390624999 0.8432289859375001 0.5295757640625001 0.8540789390624999 0.526870565625 0.8534031796875 0.5241602421875 0.854953171875 0.5237737859375 0.8529258937499999 0.5156428171874999 0.8513759015625 0.5160292734375 0.8500243828125 0.5106086265625 0.8484743890625 0.5109950828125001 0.8477986296875001 0.5082847593750001 0.8446986421875 0.5090576734375001 0.839571378125 0.5016996171875 0.836471390625 0.50247253125 0.8357956312500001 0.49976220624999995 0.8326956453125 0.5005351203124999 0.8320198875000001 0.497824796875 0.8273699062500001 0.49898416718750005 0.826694146875 0.49627384374999994 0.8235941609375 0.49704675624999994 0.8229184015625 0.49433643437499997 0.8113926890625001 0.49433130781249995 0.8107169296875 0.491620984375 0.8060669515625 0.49278035468750003 0.8053911921875001 0.49007003125 0.7892155 0.491224275 0.788539740625 0.4885139515625 0.7714898156250001 0.49276497499999994 0.772165575 0.49547529843750004 0.7790413078125 0.4966397953125 0.7819428187499999 0.501673984375 0.7865928 0.5005146140625001 0.787268559375 0.5032249390625 0.7888185515624999 0.50283848125 0.7894943109375 0.5055488046875001 0.792594296875 0.5047758906250001 0.7954958109375 0.50981008125 0.8023715421875 0.510974578125
5 0.9618271 0.5892490109375 0.9656028453125 0.591186421875 0.9676301234375 0.599317390625 0.96918011875 0.598930934375 0.9786407515625 0.636875459375 0.97709075625 0.6372619171875 0.9789195609375 0.651199990625 0.9756211015625 0.65778000625 0.9767741453125 0.66900775625 0.98607410625 0.6666890171875 0.985398346875 0.6639786921875 0.98849833125 0.6632057796875 0.987822571875 0.66049545625 0.9940225453125 0.6589496296874999 0.99422101875 0.6531425265624999 0.9957710125 0.6527560703125 0.9910406953124999 0.6337838062500001 0.992590690625 0.63339735 0.9905634109375001 0.6252663796875 0.9921134046875 0.6248799234375 0.9887346062500001 0.61132830625 0.9902846000000001 0.61094185 0.9819770125 0.5842250734375 0.98042701875 0.58461153125 0.9790755000000001 0.579190884375 0.9775255062499999 0.579577340625 0.9761739875 0.5741566953125 0.9657209828125 0.565247684375 0.9650452234375001 0.5625373625 0.954393746875 0.55943545625 0.9537179859375 0.5567251328125 0.9506180015625001 0.5574980453125 0.9499422421875 0.5547877234375 0.94374226875 0.55633355 0.9430665093749999 0.553623225 0.939966521875 0.5543961390625001 0.9392907625 0.5516858171875 0.931540796875 0.5536181 0.9366680625000001 0.56097615625 0.9397680484375 0.5602032421875001 0.9515725703125 0.5745328984375 0.9531225640625 0.5741464421875 0.9537983234375 0.576856765625 0.9553483171874999 0.576470309375 0.9560240765625 0.5791806312500001 0.9575740703125 0.578794175 0.9618271 0.5892490109375