2 0.709701328125 0.6399689828125 0.7725079874999999 0.6787583671874999 0.8143752453124999 0.689056909375 0.8215791578125 0.6797327937500001 0.8248276203125 0.6332776046874999 0.8129843703124999 0.6152506859375 0.8317693015625001 0.6042794296875 0.8385400109375001 0.5777262640624999 0.808607265625 0.6075737125 0.8004572328125 0.60700380625 0.7331024968750001 0.5629824578125 0.7005023640625 0.560702834375 0.6913265 0.5748029875 0.6967409859375 0.6144930515625 0.709701328125 0.6399689828125
2 1 0.510650175 0.9345278796875001 0.5402130109375001 0.9230381218750001 0.5639792234375001 0.9206445171875 0.5982093625 0.9423475203124999 0.5923560875 0.9579636984375 0.6032759390625 0.9695447156249999 0.6016287984375001 0.9738305609375001 0.5871867 0.994849675 0.5911134640625 1 0.5174603796875 1 0.510650175
2 0.859388153125 0.5840980390625 0.87183558125 0.6169089984375 0.8946556734375 0.618504734375 0.9088925281250001 0.6023015140625 0.9124713859375 0.504273153125 0.9003659015625001 0.46657217500000003 0.8856958421875 0.4655463453125 0.8742060859375 0.48931255625 0.8697608203125 0.5528828156250001 0.859388153125 0.5840980390625
2 0.7367264140625001 0.3003405640625 0.7520803609375 0.29158635624999996 0.7711159750000001 0.2536060078125 0.8039667890625 0.228876540625 0.8006155156249999 0.2065295078125 0.7759944453125 0.2072648015625 0.7207567421875 0.2476275828125 0.7140772921874999 0.29629981875 0.7367264140625001 0.3003405640625
2 0.756754346875 0.45898684218749997 0.7932983796874999 0.45171438750000004 0.7970713078125 0.44460732031249994 0.7877129234375 0.414469334375 0.748831896875 0.33804154375 0.7301266765625 0.3244487203125 0.7134846671874999 0.3281989296875 0.714351075 0.3626570296875 0.7492882015625 0.44863689687499997 0.756754346875 0.45898684218749997
2 0.6761885859375 0.416498653125 0.7031235515625001 0.406097303125 0.70809328125 0.3818751671875 0.7103043640625 0.3034068859375 0.693742065625 0.28259301406250004 0.6722100359375001 0.2860012796875 0.66483515 0.2977704046875 0.6585091953125 0.3882357703125 0.6761885859375 0.416498653125
2 0.575287596875 0.3603036609375 0.6015386765625 0.35968235000000004 0.5996464359375 0.33989430781249996 0.588236390625 0.33909643906250003 0.5793112093749999 0.326187503125 0.5110219015624999 0.318955284375 0.4858879171875 0.32702560625 0.480667503125 0.378256834375 0.5673997984375 0.379407815625 0.575287596875 0.3603036609375
2 0.483311790625 0.3170176046875 0.56953116875 0.325503615625 0.5717538015625 0.29371848749999996 0.56428765625 0.283368540625 0.4874151125 0.2583373671875 0.4622811265625 0.2664076890625 0.45765333906250005 0.28573980468750004 0.461517528125 0.300751809375 0.483311790625 0.3170176046875
2 0.635165778125 0.6986380515625 0.66003753125 0.6708936671875 0.6597752984375 0.6512196078125 0.6479320484375 0.6331926890624999 0.5382086890625 0.6328909796875 0.528269228125 0.6813352546875 0.537194409375 0.694244190625 0.635165778125 0.6986380515625
2 0.464881490625 0.7211281296875 0.5232428859375 0.8234877734375001 0.5457210359375 0.8299735296874999 0.5494142531249999 0.8474305421875 0.5593652640625 0.8456694203125 0.5675950078125 0.82167524375 0.556002440625 0.7766392359375 0.48725682968750006 0.6588116640624999 0.4701019046875 0.6698969031249999 0.470535109375 0.687125953125 0.4611882734375 0.7036711171875 0.464881490625 0.7211281296875
2 0.526627671875 0.634538121875 0.5528787484375 0.6339168109375 0.581352459375 0.6015103703125 0.60888005 0.5592099078125 0.6125617171875 0.5299837703125 0.604753628125 0.5245238453125001 0.57490059375 0.529807215625 0.5236980499999999 0.5827369890625 0.5154683078125 0.6067311625 0.526627671875 0.634538121875
2 0.44349733437500005 0.62872508125 0.45208057031250004 0.6465240390625 0.493263940625 0.66660261875 0.5129949921875 0.6655253828125 0.5304918609375 0.649550125 0.5329767249999999 0.6374390562500001 0.514351215625 0.5992821515625 0.44957260468750004 0.56526880625 0.4311296171875 0.5713500421875 0.4245298796875 0.595458196875 0.42556726093749997 0.6274712890624999 0.44349733437500005 0.62872508125
2 0.30735192499999997 0.6314896953125 0.3686995515625 0.6677200890625 0.4386188640625 0.6750662890625 0.43921148906249996 0.6431671796875 0.42943145156250007 0.6424832921875 0.4164711078125 0.6170073640625 0.3671377046875 0.5963588765625001 0.360184475 0.5786739015625 0.34663150625 0.5850970828125 0.317804303125 0.5757103906250001 0.3072606640625 0.609370625 0.30735192499999997 0.6314896953125
2 0.3262962796875 0.5713902765625 0.3853184609375 0.5706035796875 0.42451832968750003 0.548775046875 0.41987899375 0.5214240140624999 0.37689464375 0.5036764625 0.3048324109375 0.5035513109374999 0.2954058640625 0.5446605546875001 0.3007290890625 0.5622315484375 0.3262962796875 0.5713902765625
2 0.17875237500000002 0.6200401734375001 0.1710355453125 0.6366993171875001 0.1789348953125 0.6642783140625 0.1958391390625 0.6802021671875 0.24292680781249998 0.6392694796875 0.2904476828125 0.6155658421875 0.305539396875 0.587137571875 0.3009000609375 0.5597865390625001 0.29223711093750004 0.5665516625 0.2664989484375 0.5598379437500001 0.23493619687499998 0.5895714125 0.17875237500000002 0.6200401734375001
2 0.26554127968749996 0.5032607734375001 0.2963404328125 0.507871425 0.3231044265625 0.49991508281249997 0.3293622203125 0.4806969484375 0.3429151890625 0.47427376718750003 0.34333684375 0.44481966718750005 0.31845353906249996 0.4258809 0.28782535781249996 0.4188252375 0.2239131546875 0.41926999218749994 0.2143953484375 0.4382601640625 0.21328980625 0.47749430625 0.26554127968749996 0.5032607734375001
2 0.4231956171875 0.40372159218750003 0.41119294531249995 0.43482283437499997 0.41651616875 0.45239382812500006 0.42938525 0.45575068906249994 0.49843815312500006 0.4286387875 0.5281999265625 0.4012363484375 0.53394480625 0.3893532421875 0.5297386734375 0.3792312578125 0.5094947078125001 0.3876435234375 0.479037496875 0.378142853125 0.45141864375 0.39832424375 0.4231956171875 0.40372159218750003
1 0.44326861093750003 0.3977543375 0.4759484546875 0.3754698796875 0.47877526406250004 0.3584687921875 0.46367200000000003 0.34021391093750003 0.38878295625 0.357089846875 0.38320905 0.36652794375000003 0.3839044859375 0.40343105625 0.44326861093750003 0.3977543375
2 1 0.17947944531249999 0.96009393125 0.198025603125 0.9487751453125 0.2193468046875 0.9488664078125 0.241465875 0.9770097234374999 0.26063260625 1 0.2524328515625 1 0.17947944531249999