2 0.43393317500000006 0.8089958734374999 0.461952340625 0.8154837046875001 0.46624674062500004 0.8081796499999999 0.47339269531249994 0.821102678125 0.4819814953125 0.80649456875 0.4932677703125 0.7217560828125 0.4872282078125 0.70638133125 0.380552340625 0.670674225 0.35486005781249996 0.6944248 0.339125303125 0.6961098828125001 0.33417506406249997 0.7159280921875 0.334945003125 0.7385557890625 0.34527896406249997 0.7466264859375 0.36521693125 0.7953557859375 0.3917362015625 0.8118038328124999 0.412928796875 0.8179339000000001 0.43393317500000006 0.8089958734374999
2 0.2684074046875 0.795301625 0.26810508906249997 0.7450916796875 0.2431427640625 0.7362543421875001 0.22395766562500002 0.7477974203125 0.1255170765625 0.760206303125 0.065937215625 0.814807071875 0.058962409375000004 0.854596821875 0.06890286875 0.870176009375 0.131186046875 0.8759498375 0.2241687953125 0.85572580625 0.2395841640625 0.8414754609375 0.2684074046875 0.795301625
2 0 0.8077404312500001 0.0028099812500000003 0.8064793046875 0.052112928125 0.7613787656250001 0.095958034375 0.7084630765625 0.10045772187499999 0.678582434375 0.09831905625000001 0.6634121203125 0.089296771875 0.6303131171875 0.0778564171875 0.6246941421875001 0.0134004359375 0.679039365625 0 0.697739790625 0 0.8077404312500001
2 0.15181937343750002 0.5382209921875 0.159712353125 0.48091142812500004 0.152885784375 0.48055366250000003 0.10963946718749999 0.5033842703125 0.053264684375 0.5154880234375 0.021384603125000002 0.5640113625 0.018835365625 0.5939942234375 0.024162039062499998 0.604312203125 0.0408720171875 0.60267823125 0.0452805171875 0.630516028125 0.072136240625 0.6218846546875 0.15181937343750002 0.5382209921875
2 0.2981888015625 0.78682358125 0.297869415625 0.7742583171875 0.3011885921875 0.766903153125 0.3067776015625 0.7722154703124999 0.31290835 0.72987178125 0.3214913078125 0.5847586984375 0.31402596875 0.55927040625 0.3055112859375 0.553804759375 0.296340765625 0.5608532687500001 0.28364578281249997 0.597833528125 0.2663999078125 0.7776284796875 0.2685385734375 0.7927987937500001 0.2860926078125 0.7937187609375 0.29908990625 0.806948446875 0.30722815312499996 0.782277903125 0.3035895921875 0.7770678046875 0.2981888015625 0.78682358125
2 0.3057111890625 0.8298827984375 0.2964265703125 0.8017894562500001 0.2766027015625 0.7882020062499999 0.2380272203125 0.8338647484375 0.17608633906249999 0.9335164734375001 0.1549337234375 0.9826020156249999 0.27488629375 0.9888884640625 0.2985140296875 0.9298938171875 0.30509533125 0.8976125625 0.3074563515625 0.8525616062499999 0.3057111890625 0.8298827984375
2 0.4337678703125 0.8867880687499999 0.44295545937499997 0.8420948765625 0.4419231859375 0.8244728421874999 0.42112409375000004 0.8108342828125 0.4037582765625 0.824982409375 0.3419485625 0.9221313046875 0.278787190625 0.9890929015625 0.3821609515625 0.994510490625 0.41756549375 0.9160553984375 0.41809016562499995 0.906044075 0.42907996718749997 0.9016006171875001 0.4337678703125 0.8867880687499999
2 0.5868247453125 1 0.5853610984375 0.9424171296875 0.57660115 0.9043124640625001 0.5621780734375 0.8809692374999999 0.545148709375 0.8700379453125 0.5300127453125001 0.8416379453125 0.525473078125 0.81630298125 0.4949217453125 0.8021533281250001 0.4735238625 0.8185998484375 0.4712369609375 0.843577046875 0.46622967187500003 0.84582433125 0.4681630515625 0.8835712328125 0.46932649218750006 0.8986904375 0.48082389687499993 0.9218803359375001 0.48270022656249995 0.9420563109375 0.48757634687499996 0.9423118578125 0.50664180625 1 0.5868247453125 1
2 0.5555680171875 0.689885228125 0.532556140625 0.6811501125 0.5220168921874999 0.6956560031250001 0.5158861421875 0.7379996921875 0.52929985625 0.8365811750000001 0.5416413171875 0.862325015625 0.5575642890625 0.8757080281249999 0.572717321875 0.8664633453125001 0.5843059125 0.8319348046874999 0.5819960984375 0.7640517140624999 0.5555680171875 0.689885228125
2 0.5210416671875 0.6956048953125 0.51755134375 0.65024728125 0.502472428125 0.6394182078124999 0.4919502484375 0.61627941875 0.497425159375 0.5864498859375 0.5175113625 0.5950316734375 0.517904865625 0.58752318125 0.5118082546875 0.5545775046875 0.4984174515625 0.5488563109375 0.4863783078125 0.57332241875 0.4882205 0.668787759375 0.48456487031249995 0.7012223421875 0.49411182656249997 0.724310021875 0.49130025312500003 0.759298546875 0.49518407968749995 0.7971476656250001 0.5102629953125 0.8079767390624999 0.5175571859375 0.7807522546875 0.5210416671875 0.6956048953125
2 0.5418349171875 0.57873848125 0.5384016421875 0.55095179375 0.504342915625 0.5290892109375 0.49089506250000003 0.50579709375 0.4667767953125 0.4995136984375 0.455245253125 0.5516131640624999 0.4592032 0.5693885265625 0.4851407484375 0.578276971875 0.493016659375 0.5586120890624999 0.5070633015625 0.551819128125 0.5158973687499999 0.5698500375 0.5186177546875 0.592579953125 0.5331149484375 0.5958494234375 0.5418349171875 0.57873848125
2 0.6705420531249999 0.9217842234375 0.674123565625 0.9094233968750001 0.688301375 0.9001276046875001 0.6898012703124999 0.890167390625 0.6957096640625 0.908044971875 0.70461785 0.906002125 0.7163946578125 0.88654168125 0.71399365625 0.8763770296875 0.7240823515625 0.8518087031249999 0.7503392859375 0.8732624124999999 0.7809647375 0.8673383093749999 0.7853332562500001 0.8399604953124999 0.7797042671875001 0.7794325703125 0.7648306375 0.746026909375 0.7485141625 0.7401523890624999 0.6497541874999999 0.7399960078125 0.6249059609375001 0.766300525 0.60928530625 0.8031274578125001 0.5901002078124999 0.814670534375 0.5863134109375 0.8496079484375001 0.5909842453125 0.8724400843750001 0.6245353703125 0.866669309375 0.6357704375 0.8948648703125001 0.6705420531249999 0.9217842234375
2 0.8072270546875 0.5901373890625 0.8187415281250001 0.57568260625 0.81920915 0.54810035625 0.8073182421875 0.5324189500000001 0.74775545 0.5493750375 0.71947395 0.547892865625 0.7118603734375 0.5625520875000001 0.7094423046875 0.5900321171875 0.712162690625 0.6127620328125001 0.7218408140625 0.6333468828125 0.7488277046875 0.6222126796875 0.7947944078125 0.6221119875000001 0.8072270546875 0.5901373890625
2 0.8168822671875 0.5178619484375 0.8148576999999999 0.5378334859375 0.8226424234374999 0.57588704375 0.8294689937499999 0.576244809375 0.84235219375 0.5543326421875 0.8648735359374999 0.49778971875 0.8667098859375001 0.462750084375 0.8492299687499999 0.4417563609375 0.8168822671875 0.5178619484375
2 0.9132699953125 0.731218940625 0.9185566890624999 0.6863213125 0.918254371875 0.6361113656249999 0.9107890328125 0.6106230734375 0.8966853421875 0.599845109375 0.8875148203125001 0.60689361875 0.8828269171875001 0.621706165625 0.8868419125000001 0.6570524546875001 0.8798100578125 0.679271278125 0.8783672125 0.7068024171875 0.8899957828125 0.7274894859375001 0.9009285359374999 0.7054751015625 0.9040424249999999 0.7206965234375 0.9132699953125 0.731218940625
2 0.8068564640625 0.690506171875 0.80790580625 0.6704835250000001 0.786000321875 0.6592966859375 0.7659711671875 0.668285825 0.7439744953125 0.714817425 0.7251829015625 0.718852009375 0.709374028125 0.740610846875 0.761904965625 0.7458735812499999 0.774771096875 0.761606096875 0.8015697703125 0.7354038 0.8110767453125 0.7032758734375 0.8068564640625 0.690506171875
4 0.62328028125 0.4801089421875 0.614315046875 0.4645808640625 0.5724545265625001 0.44230940468749996 0.5509995953125 0.44118500000000005 0.5331832249999999 0.44527069375000006 0.5299210984375 0.470196784375 0.559366040625 0.486798159375 0.5814597421875 0.5130530921875 0.5925807109375001 0.5061068015625 0.597907384375 0.51642478125 0.6115605234375 0.5171403125 0.6261318359375 0.5003360265625 0.62328028125 0.4801089421875
2 0.3969941390625 0.543540940625 0.3782937328125 0.4898570875 0.3667222109375 0.48674094375 0.36119025 0.4989995515625 0.371974765625 0.5171326796875 0.381316434375 0.56279695 0.3785789796875 0.577711715625 0.373571690625 0.579959 0.37571035625000004 0.5951293140625 0.40320485 0.61162846875 0.4042541921875 0.591605821875 0.3969941390625 0.543540940625
2 0.1702403765625 0.6345551921875 0.186385703125 0.587716934375 0.18413293749999998 0.5374047703125 0.18855850624999998 0.52759788125 0.1927388078125 0.48515197499999996 0.18780563749999998 0.467325503125 0.176234115625 0.46420936093750004 0.166670090625 0.47876636250000004 0.155532053125 0.523357334375 0.1592276625 0.546138359375 0.13970611093750002 0.5827608546875 0.1299368015625 0.61989444375 0.1273875625 0.64987730625 0.133427125 0.6652520562500001 0.1740671546875 0.654833384375 0.1702403765625 0.6345551921875
2 0.1639838421875 0.38074708125 0.14877375937499998 0.3724208390625 0.0856865046875 0.419308678125 0.081637371875 0.45925175625000003 0.0896273828125 0.474728725 0.10146124062499999 0.47283920625000003 0.12006461718749999 0.45373652656249996 0.12137629531250001 0.4287082171875 0.127301759375 0.40894111562499996 0.1669665640625 0.3984713359375 0.1639838421875 0.38074708125
2 0.08290906875000001 0.3790078375 0.10449516875 0.37762941250000004 0.1046263359375 0.37512658125 0.13277666875 0.3791115828125 0.1329078375 0.3766087515625 0.135833509375 0.37676207968750003 0.14318475 0.367108521875 0.1437094203125 0.3570971984375 0.1420213078125 0.35198931875 0.13909563593750002 0.35183599062500004 0.1374075234375 0.346728109375 0.13168734531249998 0.3439186234375 0.1318185140625 0.34141579218749996 0.1088066375 0.332680675 0.1089378046875 0.33017784375 0.10321762812499999 0.32736835625 0.1033487953125 0.324865525 0.1004231234375 0.324712196875 0.10055429062500001 0.322209365625 0.0870323203125 0.3189910046875 0.0837131453125 0.32634616875 0.0831884734375 0.33635749375 0.0788940734375 0.34366155 0.079082290625 0.35872964375 0.08005751562499999 0.358780753125 0.0790081734375 0.3788034 0.0819338453125 0.37895672812500003 0.081802678125 0.381459559375 0.08290906875000001 0.3790078375
2 0.10698735625 0.3300756265625 0.10991302968750001 0.330228953125 0.1097818609375 0.332731784375 0.11563320625 0.333038440625 0.1155020390625 0.335541271875 0.12232860781249999 0.3358990375 0.122197440625 0.3384018671875 0.1270735609375 0.3386574140625 0.1269423921875 0.3411602453125 0.1318185140625 0.34141579218749996 0.13168734531249998 0.3439186234375 0.144365259375 0.34458304375000004 0.14449642812500002 0.3420802125 0.1532734453125 0.34254019687500004 0.15340461249999998 0.34003736562500003 0.1543798375 0.340088475 0.1546421734375 0.3350828140625 0.152691725 0.3349805953125 0.1528228921875 0.33247776406249996 0.1489219953125 0.3322733265625 0.1490531640625 0.32977049531249997 0.146127490625 0.3296171671875 0.146258659375 0.3271143359375 0.1385880328125 0.3242026296875 0.1387192015625 0.3216998 0.1339742484375 0.318941421875 0.134105415625 0.316438590625 0.1321549671875 0.31633637187499997 0.1322861359375 0.3138335421875 0.1265659578125 0.3110240546875 0.1266971265625 0.3085212234375 0.124746678125 0.3084190046875 0.12487784531249999 0.3059161734375 0.12292739687500001 0.30581395625 0.12305856562499999 0.303311125 0.114412715625 0.300348309375 0.11317515625 0.3053028625 0.11219993125000001 0.30525175312499997 0.111937596875 0.31025741406249996 0.110962371875 0.3102063046875 0.1107000359375 0.3152119671875 0.10861842031249999 0.3176125796875 0.108356084375 0.322618240625 0.10738086093749999 0.32256713124999997 0.10698735625 0.3300756265625
2 0.069706484375 0.388354740625 0.06944414843749999 0.39336040156249996 0.07210748593750001 0.3985193921875 0.07105814218749999 0.4185420390625 0.0719022 0.421095978125 0.0845801125 0.4217604 0.086792896875 0.4168569578125 0.0887433453125 0.41695917656250003 0.08887451406249999 0.41445634531250003 0.0908249609375 0.41455856406249997 0.0909561296875 0.41205573281249996 0.10682205156249999 0.4078678203125 0.1090348359375 0.4029643765625 0.1150173484375 0.4007682015625 0.11723013281250001 0.395864759375 0.1191805796875 0.39596697812500004 0.1193117484375 0.39346414687500003 0.12126219687499999 0.393566365625 0.12139336406250001 0.391063534375 0.1273758765625 0.388867359375 0.12763821250000001 0.3838616984375 0.1286134375 0.3839128078125 0.12874460468749999 0.3814099765625 0.1258189328125 0.3812566484375 0.1259501 0.3787538171875 0.1103465140625 0.37793606875 0.11021534531249999 0.3804389 0.094611759375 0.37962115 0.0944805921875 0.38212398125 0.0848595171875 0.37911005625 0.08472835 0.3816128875 0.07400088437499999 0.381050684375 0.073869715625 0.383553515625 0.07191926875 0.383451296875 0.069706484375 0.388354740625
2 0.2052455734375 0.43310361875 0.19288704375000001 0.44500446250000003 0.191518315625 0.452461846875 0.19626326875 0.45522022343749996 0.19639443750000002 0.45271739375 0.20335217343749998 0.450572328125 0.20348334218750003 0.448069496875 0.21141630312499998 0.445975540625 0.21362908749999998 0.441072096875 0.2399601390625 0.44245205 0.24549209843750003 0.430193440625 0.253425059375 0.428099484375 0.25381856406250003 0.42059099062499994 0.2519992828125 0.4179859421875 0.2515487296875 0.40792350937500005 0.2490165609375 0.4002616875 0.2470661125 0.40015946874999997 0.2471972796875 0.3976566390625 0.23549459062500003 0.3970433265625 0.2353634234375 0.3995461578125 0.22840568593750002 0.40169122343749997 0.2241112859375 0.40899527812500003 0.2221608375 0.408893059375 0.22202967031249998 0.411395890625 0.220079221875 0.41129367187500004 0.2188416609375 0.416248225 0.2064831328125 0.4281490671875 0.2052455734375 0.43310361875
2 0.295713221875 0.36757308593750004 0.2976636703125 0.367675303125 0.2983765578125 0.372732075 0.30130223125 0.372885403125 0.30117106250000003 0.375388234375 0.3060471828125 0.37564378125000003 0.3061783515625 0.37314094999999997 0.3081288 0.37324316875 0.30825996718750004 0.3707403375 0.317036984375 0.371200321875 0.317168153125 0.368697490625 0.3191186015625 0.368799709375 0.31924976875 0.366296878125 0.3301084015625 0.36435625 0.3302395703125 0.36185341875 0.3341404671875 0.36205785625 0.33427163437499996 0.35955502500000003 0.3449991 0.360117228125 0.345392603125 0.3526087359375 0.34064765 0.34985035781249996 0.34077881875 0.3473475265625 0.3264127921875 0.34157522500000004 0.326543959375 0.33907239375 0.3206926140625 0.3387657375 0.3208237828125 0.33626290625 0.312046765625 0.335802921875 0.3121779328125 0.333300090625 0.3092522609375 0.3331467640625 0.30938342812499997 0.33064393281250004 0.300737578125 0.3276811171875 0.3006064109375 0.3301839484375 0.2976807390625 0.33003062031249997 0.2975495703125 0.33253345156249997 0.296574346875 0.3324823421875 0.2957873390625 0.347499328125 0.2937057234375 0.34989994062499996 0.2931810515625 0.3599112640625 0.2958443890625 0.3650702546875 0.295713221875 0.36757308593750004
2 0.33249233437500003 0.41216558281250004 0.3305418859375 0.4120633640625 0.3293043265625 0.4170179171875 0.328329103125 0.41696680781250006 0.328197934375 0.4194696390625 0.3272227109375 0.41941852968750004 0.3268292078125 0.426927021875 0.3297548796875 0.42708035000000005 0.3288367046875 0.4446001671875 0.32786148125 0.4445490578125 0.32746797656250004 0.45205755156249994 0.32649275312500003 0.4520064421875 0.32596808125 0.462017765625 0.3357203234375 0.46252885781249997 0.33585149062499997 0.460026028125 0.33975238750000003 0.46023046562500003 0.33988355625 0.457727634375 0.3476853484375 0.45813650937499995 0.3478165171875 0.455633678125 0.349766965625 0.455735896875 0.34989813281250004 0.453233065625 0.35184858124999996 0.45333528437500004 0.3519797484375 0.45083245312500003 0.35295497343750004 0.45088356249999995 0.353217309375 0.44587790156249996 0.3541925328125 0.4459290109375 0.3543237 0.4434261796875 0.3533484765625 0.4433750703125 0.35413548281249996 0.42835808281250004 0.353160259375 0.4283069734375 0.3535537625 0.42079848125 0.3525785390625 0.420747371875 0.35284087343750004 0.4157417109375 0.35186565000000003 0.41569060156250004 0.3521279859375 0.41068493906250003 0.3503087046875 0.40807988906250003 0.3504398734375 0.405577059375 0.348489425 0.405474840625 0.34862059218749997 0.402972009375 0.342900415625 0.400162521875 0.342769246875 0.402665353125 0.3388683515625 0.402460915625 0.3387371828125 0.40496374687500003 0.336786734375 0.404861528125 0.3366555671875 0.407364359375 0.33470511875 0.407262140625 0.3345739515625 0.40976497187499994 0.332623503125 0.409662753125 0.33249233437500003 0.41216558281250004
4 0.4245627515625 0.539966340625 0.43009471093749996 0.5277077328125 0.4417974015625 0.5283210453125 0.44628001875 0.536085084375 0.45492586875 0.5390478984375 0.45700748437499994 0.5366472859375 0.45961377187499997 0.5242353515625 0.46026961093749996 0.5117211968750001 0.45760627343750004 0.50656220625 0.414958746875 0.499307734375 0.40260021718749994 0.5112085765625001 0.389078246875 0.507990215625 0.38699663125 0.510390828125 0.38673429531250003 0.5153964890625 0.399395140625 0.55370559375 0.406221709375 0.554063359375 0.41181071874999997 0.5593756765625 0.4215629609375 0.5598867703125 0.4245627515625 0.539966340625
2 0.4536541703125 0.619291815625 0.4497362046875 0.6567320624999999 0.4507114296875 0.656783171875 0.45044909375 0.6617888328125 0.45213720625000003 0.6668967140625 0.45603810312500004 0.6671011515624999 0.4559069359375 0.6696039828125 0.4616271125 0.6724134687500001 0.463315225 0.67752135 0.46305288906250003 0.6825270109375 0.46402811406250005 0.6825781203125 0.4636346109375 0.6900866125 0.4653227234375 0.6951944937500001 0.4721492921875 0.695552259375 0.4735180203125 0.688094875 0.47449324375 0.688145984375 0.47612430781250004 0.6756829390625 0.47820592343749996 0.673282328125 0.47970581875 0.6633221140625001 0.4806810421875 0.6633732234374999 0.48467312656250006 0.6058592203125001 0.48369790312500005 0.6058081109375 0.484484909375 0.5907911265625 0.48279679687500004 0.5856832453124999 0.4830591328125 0.5806775843749999 0.479289403125 0.577970315625 0.479420571875 0.5754674843750001 0.46966832968750005 0.5749563906249999 0.4695371625 0.577459221875 0.465505096875 0.579757615625 0.462185921875 0.5871127796875 0.46192358593750005 0.5921184421875 0.45984197031249996 0.5945190546875 0.45586695468749994 0.6143883734375 0.45489173125000004 0.6143372640625 0.45462939531249996 0.619342925 0.4536541703125 0.619291815625
4 0.61803356875 0.5802221796875 0.6194022968749999 0.5727647953125 0.62232796875 0.5729181234375 0.6230979078125001 0.5955458203124999 0.6264741328125 0.60576158125 0.6353252687500001 0.586147809375 0.6488472390625 0.5893661703124999 0.6590500328125 0.599939696875 0.6638691046874999 0.5826243171875001 0.66531195 0.5550931765625 0.661935725 0.544877415625 0.6056350593750001 0.5369074125 0.602184715625 0.5467654078125 0.597046259375 0.5515155234375 0.5714280953124999 0.55519234375 0.5671336953125 0.5624963984375 0.5662155203125 0.5800162156249999 0.5708293062500001 0.5852774234375 0.5874081171875 0.5861462828125 0.6015859265625 0.5768504890624999 0.61803356875 0.5802221796875
4 0.7417500265625 0.45871092031250005 0.744823934375 0.4187167359375 0.7428164374999999 0.40104359218749996 0.7369080421875001 0.3831660109375 0.7065619953125 0.34643976875 0.681468503125 0.3401052640625 0.6438111953125001 0.368248190625 0.640098515625 0.3831118484375 0.6405490687500001 0.39317428125 0.6475638546875 0.40860014062500005 0.6636179953125 0.41948032343749997 0.6721897265625 0.44251689531249994 0.6896696421875 0.4635106203125 0.732054834375 0.4757707546875 0.7417500265625 0.45871092031250005
2 0.9744822828125 1 0.9772129906250001 0.9478949875 0.9677972031250001 0.922304475 0.9213970171874999 0.8746980531249999 0.8960411890625 0.8733692109375 0.8763484874999999 0.857278928125 0.8694478 0.8769949203125 0.8720370187500001 0.902227665625 0.8928931609375 0.9334371515625 0.9073732874999999 0.97435130625 0.9366870609375001 0.9934555109375 0.9392578890625 1 0.9744822828125 1
2 0.4004103453125 0.6089723109375 0.381299365625 0.60044163125 0.3339639359375 0.60799970625 0.31665516718750003 0.639718759375 0.314237096875 0.667198790625 0.3287342921875 0.6704682609375 0.3371748546875 0.6960076640625 0.3430262 0.6963143203125 0.3786018921875 0.67057200625 0.4042200546875 0.6668951875 0.4004103453125 0.6089723109375
2 0 0.5628906421875 0.0165084828125 0.563755815625 0.0450693875 0.5225876406250001 0.07524428749999999 0.5066011046875001 0.07336795625 0.48642512968749996 0.040472671875 0.47968175156250004 0.000807865625 0.49015153125 0 0.5055665296875 0 0.5628906421875