2 0.8257785765625 1 0.8269248125 0.9579794406250001 0.798035946875 0.9255501640625001 0.742455728125 0.9224991421875 0.71288351875 0.9293577546874999 0.7070816546875001 0.9807020484375 0.71364525625 1 0.8257785765625 1
2 0.9046338015625001 0.6765577359375 0.839202871875 0.659728990625 0.82505545625 0.6421169984375 0.7568821406249999 0.6261658265625 0.741685128125 0.6375404671875 0.70361783125 0.75651134375 0.6684715390625 0.8016182859375001 0.6728374796875001 0.8171511609375001 0.7152104921875 0.8582885265625 0.7156459796875 0.8802883921875001 0.7498811453124999 0.8875653015625 0.7595241515625 0.8662471984375 0.7905814437500001 0.85240181875 0.8110354453124999 0.8523679921875 0.817045015625 0.836119525 0.7622173765625 0.8054792265625 0.7642272578125 0.783999140625 0.818411703125 0.75754375 0.902554684375 0.6863392125 0.9046338015625001 0.6765577359375
2 1 0.36815360468749997 0.9810162546875001 0.3773282296875 0.9212085671875 0.382141553125 0.8882999390625 0.39267244687499997 0.7682089249999999 0.47668280625000004 0.7283304421875 0.4959556171875 0.717202353125 0.5242604859375 0.74721005 0.539401740625 0.7644661046875 0.5664374125 0.8243430265624999 0.5733226984375001 0.8548062859375 0.5622720265625001 0.8891307625 0.5330557546875 0.9156635703125 0.5284720703125 0.9408698390625 0.5060805828125 0.9951927546875 0.503022409375 1 0.49549280937500007 1 0.36815360468749997
2 1 0.19725338750000002 0.9888681500000001 0.2081202734375 0.960374621875 0.294074440625 0.980006809375 0.309931284375 1 0.3152786203125 1 0.19725338750000002
2 0.7760608203125 0.30747485 0.8338586265625001 0.3241416125 0.8676583046875 0.3094186578125 0.9318028484375 0.212056021875 0.9382679796875 0.16961563125 0.9290113015625 0.1530431984375 0.899963890625 0.14540849375 0.8838065921875 0.1492765875 0.7860209171875 0.2365676046875 0.7564286328125001 0.29161800625 0.7760608203125 0.30747485
2 0.6906113765625 0.3126797953125 0.7214408875 0.3119303765625 0.7387862515625 0.30247286875 0.7383507640625 0.2804730046875 0.7040463640625 0.2614974859375 0.6380214 0.24746344687500002 0.6122210984375 0.2726496421875 0.6282198484375 0.2935761203125 0.6493371203125 0.30244619375 0.6906113765625 0.3126797953125
2 0.8331863484375001 0.158963734375 0.8810842828125001 0.10196237187499999 0.8736789390625 0.088704425 0.8513736015625 0.08542376562500001 0.825870315625 0.10921260625 0.7819028343750001 0.159746978125 0.787159825 0.1710877921875 0.808871128125 0.177163159375 0.8331863484375001 0.158963734375
2 0.520949715625 0.37739066875 0.5119007437499999 0.3959140625 0.5361266515625001 0.41420781562500003 0.5679164484375 0.420964946875 0.5895585171875 0.4153417046875 0.60379524375 0.396460515625 0.6467131296875 0.3749127765625 0.6729689953125 0.3235346578125 0.6570394796875 0.31430678749999996 0.6362884609374999 0.31573796875000004 0.6204974156249999 0.329907315625 0.5811437296874999 0.3346868125 0.520949715625 0.37739066875
2 0.5699373953125 0.1950190953125 0.6231414796875 0.2092489453125 0.641744146875 0.20590063125000002 0.650199084375 0.19017194531249998 0.6155976671875 0.17259378125 0.5787786609375 0.1413998734375 0.543583209375 0.1266164171875 0.5066056578125 0.12021708281250001 0.48258745625 0.1370191546875 0.48791368124999995 0.1600585765625 0.5699373953125 0.1950190953125
2 0.36414908281249997 0.3455221515625 0.3889690234375 0.36102120000000004 0.42535254218749996 0.370215240625 0.531622240625 0.375277725 0.5694216078125 0.3657863890625 0.592113271875 0.3311765140625 0.540394271875 0.3099598953125 0.480814365625 0.3016772546875 0.4121162515625 0.3002193984375 0.38254404218750004 0.3070780109375 0.361268225 0.3230025078125 0.36414908281249997 0.3455221515625
2 0.441985478125 0.2919634328125 0.46125141249999996 0.2975190203125 0.4798540796875 0.29417070624999997 0.48490336406249995 0.27041569375 0.509584834375 0.2625175234375 0.5337615828125 0.22092087968750002 0.51198104375 0.2031469046875 0.47804289375 0.194472640625 0.45884619375 0.2006156625 0.42050195468749996 0.272792103125 0.441985478125 0.2919634328125
2 0.581233040625 0.29819363125 0.6258437156250001 0.3047549484375 0.6349619234375 0.297930165625 0.607261125 0.2599114734375 0.5760653609374999 0.2503596375 0.540206640625 0.226672278125 0.51952485625 0.23980206874999999 0.5187030421875 0.2556927390625 0.5674518765625 0.2908828953125 0.581233040625 0.29819363125
2 0.6467733546875001 0.2303374078125 0.6275074203125001 0.2247818203125 0.5870549781250001 0.19865755000000002 0.5271088203125001 0.1800736546875 0.518356865625 0.19719969375 0.5233168390625 0.2099378609375 0.582807434375 0.25471368125 0.6252697578124999 0.2593578671875 0.6467733546875001 0.2303374078125
2 0.73147923125 0.40899571874999996 0.6311789515624999 0.48406835 0.6064974796875 0.4919665203125 0.5974485078125 0.5104899140625 0.5599461578125 0.5185838953124999 0.5597876125 0.5433784671875 0.571489659375 0.5604706796875 0.6208325265625 0.5928661281250001 0.6449892 0.599461275 0.668779621875 0.5957551640625 0.7472792859374999 0.5511003484375 0.722687125 0.5225053374999999 0.726251325 0.50573709375 0.8408575671875 0.42348188281250004 0.852364165625 0.39905337812499997 0.8144775921875 0.3819834796875 0.7967260421875 0.39909151249999997 0.73147923125 0.40899571874999996
2 0.8122345781250001 0.642312809375 0.8308372437499999 0.638964496875 0.8450047359375 0.608384696875 0.839906290625 0.5722493125 0.72778556875 0.5586407234374999 0.6611464984375 0.59559318125 0.621198778125 0.6031673843750001 0.5642719484375001 0.6305003484375 0.554034909375 0.6546131578125001 0.5584008500000001 0.6701460328125 0.5743303656250001 0.6793739015625 0.5957446531249999 0.686846621875 0.6179115203125 0.6667300640625 0.6499290984375 0.66039123125 0.6817188953125 0.6671483609375 0.6924606578125 0.676734025 0.709578240625 0.6803724796874999 0.7332994265624999 0.6649677609375 0.7508033359375 0.6307156828125 0.75903049375 0.628082959375 0.8122345781250001 0.642312809375
2 0.674541334375 0.640794453125 0.65904730625 0.653566446875 0.6300691296875 0.6576303515624999 0.60634794375 0.6730350703125 0.5740825093749999 0.7406616546875 0.565469025 0.7811849125 0.5919125203125 0.8130944093749999 0.6402258671875 0.8262847015625001 0.6695010609375001 0.8208234421875 0.6732930421875001 0.790959234375 0.7123697859375 0.7393853046875 0.7269928390625 0.6826135812499999 0.72329016875 0.6759846078125 0.7064696015624999 0.6709488 0.7097367859375 0.6555779078125 0.6965496546875001 0.6454724656249999 0.674541334375 0.640794453125
2 0.6847735078125 1 0.7140515109375001 0.9719601296875 0.7171802234375 0.9331920203124999 0.7268924640625001 0.9235725296874999 0.7479405 0.92074399375 0.7489900953124999 0.8917573624999999 0.68504425 0.8679418468750001 0.6365723562500001 0.8795461250000001 0.6068416015625 0.9111993093749999 0.578872871875 0.9826601609375001 0.575187175 1 0.6847735078125 1
2 0.4590006296875 0.8973005796875 0.4554364296875 0.9140688234375001 0.4689205765625 0.9227769140625 0.5276094328125 0.9352516156249999 0.5219861906250001 0.913609546875 0.5483805265624999 0.8856286453125 0.5483112921875 0.8739300359375 0.5366784796874999 0.8685364328125 0.537866546875 0.8629470187500001 0.5534298109375 0.8618736312499999 0.5496579046875001 0.8435460499999999 0.49889918906249997 0.829835978125 0.4590006296875 0.8973005796875
2 0.57401328125 1 0.5807242078125 0.985974646875 0.5780610937499999 0.974454934375 0.56591705625 0.972590234375 0.5620523046875 0.9776243515624999 0.47587035625 0.9622267875 0.459119025 0.9688895875 0.45043630625000003 0.9977142359375 0.4600137328125 1 0.57401328125 1
2 0.44239883437499994 0.72289483125 0.4755643296875 0.8073501625 0.5108290171875 0.8338322281250001 0.574705628125 0.8459491343750001 0.5930112765625 0.843998175 0.5877542874999999 0.8326573609375 0.60450561875 0.8259945609375 0.5694687125 0.78641653125 0.572300409375 0.7490457765625 0.5467479625 0.7129442187499999 0.48495046875 0.6910458359375 0.45478422656250006 0.70069915625 0.44239883437499994 0.72289483125
2 0.3007640734375 0.9323092296875 0.32462373125 0.9403017296874999 0.3627893484375 0.9411116500000001 0.40652904999999995 0.9036732390625 0.436398275 0.8954172734375 0.4295869671875 0.8793646203125001 0.3916491296875 0.8654587375 0.33666294531249996 0.8596130093750001 0.2808549453125 0.8696579515625 0.270390125 0.9068667234375001 0.3007640734375 0.9323092296875
2 0.1753579015625 0.7888143999999999 0.18306025937499998 0.8006749921875 0.19624739062500002 0.8107804375000001 0.2464120734375 0.8272852140625 0.2839836578125 0.8308898421875 0.301764509375 0.8434322 0.35652291406250003 0.8623738890625001 0.3940944984375 0.8659785171875001 0.4015891515625 0.8427432828124999 0.42501332031250005 0.82873591875 0.43161692343749997 0.8096927468749999 0.195604196875 0.753684746875 0.1798131515625 0.76785409375 0.1753579015625 0.7888143999999999
1 0.2464120734375 0.8272852140625 0.1989897765625 0.8099028625000001 0.16802179374999998 0.7872550625 0.13874660156250002 0.7927163203125 0.12784629375 0.8079252265625 0.1359149046875 0.830087075 0.1677739375 0.8485428140625 0.2114935625 0.8592961953125 0.2464120734375 0.8272852140625
2 0.1945836859375 0.8907535671875 0.20443439687499998 0.9045312921875001 0.22310629999999998 0.9128815875 0.267122940625 0.9222376140625 0.276538165625 0.914015475 0.2694298390625 0.899360175 0.275736425 0.88171435625 0.29123045468750003 0.8689423609375 0.3095361046875 0.8669914000000001 0.3213274609375 0.8475904328125001 0.23692761406249999 0.8238087453125 0.23276937968750003 0.843371696875 0.1945836859375 0.8907535671875
2 0 0.903667809375 0.024348065625000002 0.9100673578125 0.036208659375 0.9023649984375 0.10193660625 0.9177963921875 0.1616750578125 0.901284459375 0.208751178125 0.86017376875 0.1824461515625 0.8516614890625 0.122569228125 0.8447762031250001 0.025625443749999997 0.8679847625000001 0.0085078609375 0.8643463078125 0 0.8707142609374999 0 0.903667809375
2 0 0.8699831328125001 0.018586353125 0.8650280718750001 0.02386341875 0.8281770953125 0.037872364062500004 0.8223918687499999 0.0325461390625 0.799352446875 0.0147652859375 0.786810090625 0 0.7871298265625 0 0.8699831328125001
2 0.0372291703125 0.7652961781250001 0.050782553125 0.7857028765625 0.06515775 0.79021890625 0.1066597875 0.78735654375 0.1450531875 0.7750705 0.173298859375 0.7504040859375001 0.17478394218749999 0.74341731875 0.1242530078125 0.716611284375 0.11165991093750001 0.7037111328125001 0.093651278125 0.7042647390625 0.048357259375 0.736991309375 0.0372291703125 0.7652961781250001
2 0.3635239078125 0.600974415625 0.3506337953125 0.5894716171875001 0.3166956453125 0.58079735625 0.3027559359375 0.5982811906250001 0.26273898125 0.594156784375 0.230721403125 0.600495615625 0.124273084375 0.66841949375 0.11136289375 0.7051084859375 0.1264013609375 0.7185284171874999 0.1913074921875 0.7498504796875001 0.23991785625 0.7616434187500001 0.24681847499999998 0.741202890625 0.2952211328125 0.717900003125 0.2552934890625 0.6772824156249999 0.25737260625 0.6675009390625 0.2866477984375 0.66203968125 0.3214769984375 0.6665218828125 0.34245579843749996 0.651994740625 0.3552766765625 0.6517989281250001 0.3635239078125 0.600974415625
2 0.21734664218750002 0.50710255625 0.2107921984375 0.5860361265625 0.23316677187499998 0.6010153953125 0.2780052296875 0.5944807515625 0.2997366078125 0.552364328125 0.336644925 0.5470650546875 0.3504461640625 0.5061840015625 0.33602180625 0.441777575 0.272739228125 0.42686596093749996 0.2639180390625 0.43229339062500005 0.24499827968750001 0.48523084843750003 0.21734664218750002 0.50710255625
2 0.497583715625 0.6075624093750001 0.468170053125 0.5896264484375 0.44357789218750004 0.5610314390625 0.41704508437500004 0.5656151234375 0.406144778125 0.5808240296875 0.3896904625 0.5860894765625 0.3967987890625 0.6007447765625 0.4960986328125 0.6145491765625 0.497583715625 0.6075624093750001
2 0.44787459687500003 0.5648657046875 0.477060478125 0.5958976265625 0.5058108734375 0.6049296859375 0.55953975625 0.60466621875 0.56445056875 0.5575139874999999 0.5500061359374999 0.54129935 0.5336612078125 0.46187982656250004 0.50513859375 0.43975180625 0.4687550765625 0.43055776406249996 0.43429212812499995 0.43637681875 0.4213127046875 0.46136720000000003 0.44787459687500003 0.5648657046875
2 0.4570509734375 0.7742052968750001 0.454467134375 0.7502882984375 0.435725996875 0.7302393953124999 0.3843732484375 0.71932403125 0.32982255 0.7354781671875 0.330188803125 0.7457794234375 0.3807197375 0.7725854562500001 0.4171032546875 0.7817794984375 0.4570509734375 0.7742052968750001
2 0.1659938921875 0.49618719218749996 0.103106653125 0.599659021875 0.10050273750000001 0.6239338140624999 0.111977003125 0.6541219890625001 0.130054871875 0.6652669906249999 0.1419154640625 0.6575646328125 0.133846853125 0.635402784375 0.17002266562499999 0.6095010000000001 0.1827050734375 0.5859079703125001 0.21369313124999997 0.56036398125 0.224316496875 0.4983606390625 0.2178714390625 0.49260924062500006 0.1836362734375 0.48533233124999997 0.1659938921875 0.49618719218749996
2 0.2579777046875 0.460240465625 0.28585712343749997 0.42527279531250006 0.3057338421875 0.35954715 0.28719439375 0.33396828125 0.27276791718750004 0.3157551078125 0.2427716828125 0.315341128125 0.2083779703125 0.33285879218750003 0.1823298109375 0.4193327390625 0.1931408078125 0.4406170109375 0.2579777046875 0.460240465625
2 0.331240453125 0.35605304531250004 0.32219148125 0.37457643906250004 0.33611111718750003 0.40528439374999997 0.3442288875 0.487336640625 0.37467207187499996 0.52447775625 0.38415653125000004 0.527954228125 0.39023533593750004 0.5234043703125 0.4085610609375 0.47326162031249996 0.4219759734375 0.470271103125 0.42377814843749995 0.41369519062500004 0.44779635156250003 0.39689311875 0.43616353906249994 0.39149951562499996 0.4357280515625 0.36949965156250003 0.3635550484375 0.348316859375 0.331240453125 0.35605304531250004
4 0.5835288734375 0.479781959375 0.6005772203124999 0.47172180625 0.5903602578125 0.44764282343749995 0.5634611984375 0.441925253125 0.5579071921875001 0.4319817921875 0.5318991828125 0.42207216093750005 0.5151478515625 0.4287349609375 0.51188066875 0.44410584999999997 0.5444029687499999 0.471465490625 0.5835288734375 0.479781959375
2 0.8626651359374999 0.910077790625 0.9017910406249999 0.9183942593750001 0.9231360921875 0.9141683703125001 0.9564019625 0.7576647546874999 0.8698828484375 0.840048121875 0.8715756375 0.8681571796875 0.856517096875 0.9029290390625 0.8626651359374999 0.910077790625
2 0.8571111296874999 0.90013433125 0.8716448734375 0.8798557890625001 0.867872965625 0.86152820625 0.8843473562499999 0.8080709703125001 0.8594581781249999 0.7808733140624999 0.834479690625 0.7901688375 0.8125205296875 0.8453812218750001 0.8191732921874999 0.8862284484374999 0.8299150546874999 0.8958141124999999 0.8571111296874999 0.90013433125
2 0.9161080671875 0.7067459125 0.8794967671875 0.7106478328125 0.8156693171875 0.758421325 0.7675636765625 0.780326859375 0.7582176890625 0.8002476062499999 0.783997915625 0.823253203125 0.8173420312499999 0.8347221734374999 0.8257969703124999 0.8189934859375001 0.8341412984375 0.790697928125 0.8567084375 0.781826778125 0.8607247859375 0.769012571875 0.8956994890625 0.7564988828125 0.9436424234375 0.7437864249999999 0.9530851218749999 0.7084837875 0.93345343125 0.697288403125 0.9161080671875 0.7067459125