2 0 0.8822473000000001 0.012085051562500001 0.8794531671874999 0.0255074265625 0.871166553125 0.036177512499999995 0.8521523500000001 0.0743467140625 0.7978263421875 0.0970808765625 0.7736049984375 0.10440974375 0.760727928125 0.1043086171875 0.745715253125 0.098651353125 0.7286324109375 0.0865515875 0.7169530203125001 0.0723380296875 0.7120790046875001 0.054761440625000005 0.713966740625 0.0439466046875 0.7192175078124999 0.029506990625 0.73872545625 0.007484696875 0.760470134375 0 0.76996311875 0 0.8822473000000001
2 0.0464648765625 0.9694578328125001 0.04058155625 0.9767569546875 0.040363434375 0.9830031484375 0.152126659375 0.9881567671875 0.166465146875 0.95363614375 0.167526009375 0.9411655718749999 0.16533290312499999 0.9323336531249999 0.15769272031249998 0.9183084703125 0.149834415625 0.91052948125 0.1387875796875 0.9045152875 0.1257360109375 0.9021833750000001 0.099436565625 0.9031411203124999 0.0821137890625 0.9156691953125 0.058667759374999996 0.9423672046875 0.0464648765625 0.9694578328125001
2 0 0.9825844328125 0.024101521875 0.98306065 0.0374148359375 0.9778971328124999 0.050278028125 0.9677148484375 0.06396215 0.951932803125 0.079331753125 0.9237019984374999 0.0823100984375 0.910047621875 0.0755483484375 0.9066845921875 0.0617631 0.9074539625 0.0345991 0.9152607078124999 0.0166953296875 0.9265177328125 0 0.9431602031249999 0 0.9825844328125
2 0 0.9493859312499999 0.006628050000000001 0.9461783671875 0.015206157812500001 0.9333449203124999 0.037765821875 0.91412053125 0.049161653124999996 0.910140815625 0.07358724062500001 0.9091176328125 0.07623840312499999 0.904832546875 0.0900018390625 0.9046877953125 0.0876501046875 0.8645812890625001 0.0797699875 0.8574269187500001 0.06551280468750001 0.8538021421875 0.0461277953125 0.8537505843750001 0.035937578125 0.8590231625 0.0140679703125 0.87639550625 0 0.88164955 0 0.9493859312499999
2 0.1944758671875 0.83203963125 0.19743834375 0.8546567984375001 0.1967046640625 0.8577580812500001 0.1949180546875 0.85519416875 0.19362519218750002 0.8563997828125001 0.1931235109375 0.870766025 0.1993260796875 0.8722333859375 0.1998198265625 0.8760029140625001 0.2035021046875 0.8780076453125 0.2043805359375 0.8886697968749999 0.20853475000000002 0.8950686749999999 0.2271642671875 0.8988461359375 0.2295754953125 0.9014318625 0.23860372343749997 0.8936171828124999 0.24325961562499998 0.8856498171875 0.245678778125 0.8700997718749999 0.24327548437500002 0.849378275 0.24668213906249997 0.8413672859375 0.24703113437500002 0.8313733781250001 0.24206392656250003 0.8124384906250001 0.23719784531250002 0.8085162765625 0.22541732812499998 0.8056033687499999 0.209736409375 0.806931921875 0.1995243796875 0.8128291187500001 0.19558035468749999 0.81831981875 0.1944758671875 0.83203963125
2 0.1257360375 0.705188371875 0.12463749375 0.75455510625 0.12060622031249998 0.7625442828125 0.1182584390625 0.8118673921875 0.11935499218750001 0.8162833515625 0.124221071875 0.820205565625 0.1629831578125 0.838444453125 0.172540821875 0.8512858328125 0.1737603140625 0.8700898484374999 0.1773335328125 0.875217675 0.1867682578125 0.8736710000000001 0.1888602375 0.8674902437500001 0.1908907609375 0.755617959375 0.1950033390625 0.70948338125 0.193434853125 0.700673275 0.187000284375 0.6879409562500001 0.17593163437499998 0.6825513828124999 0.1445916109375 0.6845838703125 0.1344232046875 0.689231828125 0.12853988593750001 0.69653095 0.1257360375 0.705188371875
2 0.043244634375 0.8467707109375 0.07100350625 0.8577461671875 0.1266441890625 0.8940851359374999 0.13913657343750002 0.8945213796875 0.1517598328125 0.8912099078125 0.1841607203125 0.8767068484375 0.18343497343749998 0.8616723609375001 0.17097233437499998 0.8424757265625 0.1519799453125 0.8311810218750001 0.10451681406249999 0.811387525 0.0794091046875 0.79612698125 0.06409105937500001 0.804972778125 0.0483585828125 0.825686340625 0.044349120312500004 0.8330508999999999 0.043244634375 0.8467707109375
2 0.072817896875 0.69833738125 0.08045807968749999 0.7123625640625 0.0904083640625 0.713960796875 0.0954707546875 0.7122614375 0.1013322625 0.7055869343750001 0.10762207812499999 0.7045558171875 0.1229401234375 0.695710021875 0.1295571234375 0.685309615625 0.129434184375 0.6709215609375 0.1178499765625 0.662387078125 0.105444840625 0.6594523578125 0.08478877968750001 0.65998179375 0.074402253125 0.6708759453125 0.07159840468749999 0.6795333671875 0.072817896875 0.69833738125
2 0.0007388140625 0.7208355625 0.0024302390625 0.744033725 0.007121823437499999 0.7529528921875001 0.0075283203125000005 0.7592208968749999 0.016512925 0.7526554546875001 0.0458422734375 0.718658325 0.057928162500000005 0.7128265640625 0.0730280859375 0.710226959375 0.0731966390625 0.6695830828125 0.06635557343750001 0.650582759375 0.0504862796875 0.6393971140625 0.0181151390625 0.635139784375 0.00930503125 0.636708271875 0.00538281875 0.641574353125 0.00192460625 0.6689703515625001 0.0007388140625 0.7208355625
2 0.18945314687499998 0.7430601375 0.1867722375 0.7661056125 0.1891100953125 0.7887009671875 0.1933733703125 0.79197675 0.21525685625 0.79211555625 0.22867923124999998 0.7838289421875 0.24692406406249998 0.7807137796875 0.2571797171875 0.77356734375 0.2659462 0.7732480953125 0.2767174125 0.7692465671875001 0.27887482812500003 0.761191953125 0.29087346875 0.7578586703125 0.2896976 0.7378054171875 0.287264559375 0.7358443109375 0.2746631140625 0.7385311625 0.2122884359375 0.7338514671875 0.193418984375 0.7369448171874999 0.18945314687499998 0.7430601375
2 0.5445340125 1 0.55542051875 0.9903578609375 0.56065740625 0.9836615468750001 0.5581450515624999 0.966063146875 0.4475101171875 0.8927824015624999 0.4412639234375 0.8925642796875 0.43363761875 0.89605025 0.422648284375 0.9062979703125 0.4199534984375 0.9118322937500001 0.427789990625 0.9202359031249999 0.42505157968749996 0.9270194671875001 0.41994556406249994 0.929968065625 0.42019937656249995 0.9406084046875 0.444914465625 0.9671120953125 0.4686856890625 0.984827490625 0.4884771953125 0.991147053125 0.49790926718749995 1 0.5445340125 1
2 0.0956412984375 0.6178348671875 0.08949623281249999 0.63262941875 0.088885490625 0.650118759375 0.091746840625 0.6577232515625 0.11111003906250001 0.658399428125 0.1271538296875 0.66458811875 0.130516859375 0.6578263671875 0.1401260828125 0.6512827390625 0.15702253906250002 0.579328584375 0.1577205296875 0.5593407671875 0.1499712859375 0.5484386812500001 0.135176734375 0.542293615625 0.118783946875 0.5460988343750001 0.10699549531250001 0.561321696875 0.0983003953125 0.595414009375 0.0956412984375 0.6178348671875
2 0.24504627812500002 0.494223725 0.238691025 0.4971286984375 0.21482461874999997 0.5000475515625 0.2141345640625 0.501899596875 0.2277235015625 0.5067518 0.24669407968749998 0.518671125 0.2634497390625 0.52238315 0.2682721953125 0.5275546015625 0.2919422921875 0.530257321875 0.31835079843749997 0.5261764796875 0.33237598125 0.5185362984374999 0.3414696453125 0.5088477609375001 0.3496333203125 0.5078820796875 0.34886395000000003 0.49409683125 0.3382017984375 0.4949752625 0.33520957500000004 0.4911184859375 0.3234290578125 0.488205578125 0.295299378125 0.48784864843750003 0.2833443625 0.48993269531249994 0.28011220625 0.4929467296875 0.24504627812500002 0.494223725
2 0.14042949062500001 0.499325759375 0.13841682500000002 0.521143809375 0.1633797828125 0.522640915625 0.1649700828125 0.5308264031250001 0.175435925 0.5355695453125 0.17670103125 0.499341628125 0.17446430156249998 0.4917589484375 0.164369265625 0.476397278125 0.1543535453125 0.476672903125 0.15051858125 0.47904050624999994 0.1495013421875 0.490261840625 0.14042949062500001 0.499325759375
2 0.060615040625000005 0.52843300625 0.06697029374999999 0.5255280328125 0.06742835 0.5124110281250001 0.0569406953125 0.5082925046875 0.0534329140625 0.5012908203124999 0.03765086875 0.4876066984375 0.026494971875000002 0.4847156015625 0.019624159375 0.4844756671875 0.014415028125000002 0.5261942859375 0.0513111890625 0.526231965625 0.060615040625000005 0.52843300625
2 0.10551030312500001 0.460583496875 0.09986691875 0.46101180625 0.09585745625 0.4683763640625 0.100701725 0.47292319687499995 0.1349249109375 0.4778705828125 0.149146403125 0.4646088265625 0.18345683906250002 0.4670577359375 0.18531681875 0.44961202031249997 0.1823464078125 0.445130625 0.162358590625 0.444432634375 0.142152653125 0.44998083749999995 0.11514133906249999 0.45341524843750003 0.10551030312500001 0.460583496875
2 0.0726751625 0.4337962484375 0.0723261671875 0.44379015624999996 0.07902248281249999 0.44902704531250004 0.0895755734375 0.451271709375 0.12459787656250002 0.4512439546875 0.1333861703125 0.4503000859375 0.1391386171875 0.4467486796875 0.14054054062500002 0.44241997031249997 0.1232693234375 0.43556303593749995 0.111038684375 0.42763136093750004 0.096672440625 0.42712968125 0.08835608125 0.43246769531249996 0.07523907656249999 0.4320096390625 0.0726751625 0.4337962484375
2 0.2104324359375 0.6437317953125 0.19754743125000002 0.6545386984375 0.1831732546875 0.6721727890625 0.1998634765625 0.677758671875 0.21450534375000002 0.6882760734375 0.239192678125 0.679757459375 0.2476181 0.6712963484375 0.251736621875 0.6608086937500001 0.2527974859375 0.6483381203125 0.2593926734375 0.638562334375 0.2584488046875 0.6297740390625 0.2498786328125 0.624471715625 0.24046571874999997 0.6253937703125 0.22768977499999998 0.633077578125 0.21205248124999998 0.6331568921875 0.2104324359375 0.6437317953125
4 0.1467073921875 0.6239958 0.14836312812500002 0.6303074296875 0.1691936859375 0.6247810390625 0.197257928125 0.6270118265625 0.21020043593749999 0.6324668359375 0.22456667968750002 0.6329685171875 0.24178039375 0.6235635375 0.2630828859375 0.62243129375 0.2739195359375 0.6165559078125 0.27549595625 0.60723024375 0.2719227390625 0.602102415625 0.2639117484375 0.5986957609375 0.24831807968750003 0.5975258375 0.23128679531250002 0.5837980921875 0.22131470000000003 0.5828244781249999 0.21830066406249998 0.5795923203125 0.20208237499999998 0.578400584375 0.18519584375 0.5784362749999999 0.16684195 0.5846745328125 0.154284128125 0.586112146875 0.1467073921875 0.6239958
2 0 0.6429682375 0.0061601234375 0.6372238296875 0.020752421875 0.613343546875 0.0376389546875 0.61330785625 0.048541040625 0.6055586125 0.06255234531250001 0.5804072796875 0.0716023859375 0.5719679796875 0.0707021421875 0.561930446875 0.0633593953125 0.557296365625 0.05771601093749999 0.557724675 0.0550866609375 0.5613851421875 0.04877503125 0.563040878125 0.0345396609375 0.5587914828125 0.018299559375 0.558224365625 0.004855373437499999 0.5671355984375 0 0.56856783125 0 0.6429682375
2 0 0.5677128453125 0.013774540625000001 0.562444015625 0.018321371875 0.557599746875 0.033958665625 0.5575204312500001 0.0410257875 0.5521387921875001 0.0481583453125 0.5448832953125 0.0506647578125 0.5268347734375001 0.0117856765625 0.529854753125 0.0026702 0.540167909375 0 0.5479547234375 0 0.5677128453125
4 0.24697169375 0.4749041515625 0.268615246875 0.48191377031249993 0.3086563171875 0.48143589374999995 0.312665778125 0.47407133437500004 0.3129790828125 0.44719089375000004 0.3056799609375 0.441307575 0.3000802 0.4404866453125 0.268827425 0.44002065625000003 0.25058259375 0.4431358171875 0.24793143125 0.4474209046875 0.24697169375 0.4749041515625
4 0.38521480625 0.5097499937500001 0.41148450625 0.5275526375 0.4375797078125 0.5503522359375 0.46480914375 0.5406716328125001 0.475130234375 0.5316513390625001 0.4827347265625 0.5287899890625 0.49503873593750003 0.516712034375 0.497340903125 0.5224208578125 0.49275044687499997 0.5285143640625 0.497616528125 0.532436578125 0.50948429375 0.5328510093750001 0.5233567906250001 0.5295831609375 0.521810115625 0.5201484359374999 0.51591291875 0.50993640625 0.46513038125 0.495655421875 0.42134159687499995 0.4960024265625 0.40107022187499997 0.5034244859375 0.387372221875 0.5016953796875 0.38521480625 0.5097499937500001
2 0.33982378125 0.8246076734375001 0.3286817609375 0.8392277281249999 0.3008852078125 0.8651484328124999 0.301422578125 0.8676687218750001 0.315142390625 0.868773209375 0.31750999375 0.8726081734375001 0.3262982890625 0.8716643062499999 0.34484055625 0.87794024375 0.39929149375 0.8767148078125 0.4139412953125 0.8690964375 0.4266815484375 0.8445260984375 0.4288687109375 0.8177110953125 0.42454793437499994 0.7981734 0.40803220937500007 0.7875905624999999 0.37014855625 0.7800138265625 0.3332087703125 0.781225384375 0.33223515625 0.79119748125 0.3401073390625 0.8164876218750001 0.33982378125 0.8246076734375001
2 0.2599022609375 0.8030553234375001 0.250118540625 0.8145959062499999 0.2480027578125 0.875183975 0.2878911421875 0.87907843125 0.3358797546875 0.8300983734375 0.3385527296875 0.8251886671875001 0.3388799125 0.815819378125 0.3316759734375 0.7893018109375001 0.3233021109375 0.7783779125 0.31343907656250003 0.7742812031249999 0.3034451671875 0.7739322078125 0.2964434828125 0.7774399890625 0.281575559375 0.7913045515625 0.2599022609375 0.8030553234375001
2 0.3894542515625 0.7644280921875 0.3894899421875 0.7813146234375 0.40562098124999996 0.7850048375 0.41215073281250003 0.7771029078125 0.4359517015625 0.7760579140625 0.47581033906250003 0.7987127609375 0.5280027328125 0.7905292640625 0.5434952765625 0.7766865125 0.5441714531249999 0.757323315625 0.526384678125 0.7473214734375 0.5139795406250001 0.7443867531249999 0.4914714359375 0.7442261328125 0.44795827499999996 0.754588859375 0.396608621875 0.7565479749999999 0.3894542515625 0.7644280921875
2 0.3615149375 0.722802665625 0.3592484609375 0.7339803765624999 0.3691035609375 0.7562128578125 0.3764463078125 0.7608469390625 0.4010900171875 0.7535775640625 0.42982250312500003 0.754580925 0.4361777578125 0.75167595 0.453042478125 0.7522648796875 0.4744322171875 0.7486341578125 0.493991725 0.7436887624999999 0.4998096078125 0.7382634984374999 0.501677521875 0.7026820125000001 0.49859805 0.7013237140624999 0.42103619999999997 0.7017420984375 0.40826025625 0.70942590625 0.368582059375 0.7174210265625 0.3615149375 0.722802665625
2 0.2963820265625 0.671748459375 0.29184907187500003 0.6941038796875 0.2841137078125 0.7007129453125 0.2850357625 0.710125859375 0.2905046515625 0.7146945031249999 0.2992711328125 0.7143752546875 0.303127909375 0.71138303125 0.3136591875 0.714252315625 0.3163976 0.707468753125 0.3209008078125 0.7038737234375 0.3303137203125 0.7029516671875 0.3389711421875 0.7057555140625 0.3633392265625 0.6884704187499999 0.374778684375 0.6832414640625 0.37939095312500004 0.6765233375 0.39279151562500003 0.66886134375 0.399343078125 0.6603347953125 0.410826159375 0.653856603125 0.4220118046875 0.6379873093749999 0.42434371718749997 0.624935740625 0.41969575781249996 0.6147673359375 0.4080679265625 0.6074820921875 0.40117530312499994 0.6078667765625 0.3732121859375 0.620648665625 0.304851071875 0.662038109375 0.2963820265625 0.671748459375
2 0.24808607968750002 0.5862608781249999 0.2520876078125 0.5970320921875001 0.275045834375 0.6022114765625 0.2767451953125 0.60727386875 0.2751687734375 0.6165995328125 0.260540784375 0.6235932828124999 0.26083822031250004 0.632984384375 0.2642151296875 0.6437337859375 0.284762128125 0.6463274453125 0.27640214375 0.6529146984375 0.2761185859375 0.66103475 0.278870875 0.6717623374999999 0.2900049609375 0.675278053125 0.29207512812499997 0.6697219171875 0.2964038390625 0.671123840625 0.3163777765625 0.654310678125 0.31899325 0.6331390609375 0.301724021875 0.5724994328124999 0.29207910937500003 0.5621565296875 0.2852955453125 0.55941811875 0.2658887234375 0.5599911796875 0.2550956984375 0.5646173265625001 0.24919056718750002 0.5725410671875 0.24808607968750002 0.5862608781249999
4 0.37022616406250003 0.5807971828125 0.370370915625 0.59456061875 0.362163615625 0.5967755375 0.3614081234375 0.600501440625 0.361770996875 0.608018684375 0.3653660265625 0.6125218921875 0.376993859375 0.6198071359374999 0.4049351625 0.6076498671875 0.41484182187499996 0.6104973390625 0.4214727 0.617608084375 0.428496196875 0.613475684375 0.43459763906250004 0.5999303703125001 0.43469282187499997 0.579296121875 0.430494984375 0.5741464828125 0.3977609703125 0.562371909375 0.388609803125 0.555798534375 0.38117980937499996 0.5536629296875 0.36849904843750003 0.5407124890625 0.3419894140625 0.52978065625 0.33824169843749996 0.5296497828125 0.3381762625 0.531523640625 0.3638134078125 0.56744024375 0.37022616406250003 0.5807971828125
2 0.052859853125 0.48188399843749996 0.06431318750000001 0.4941661953125 0.0986236234375 0.4966151046875 0.10887134375 0.5076044390625001 0.112640871875 0.50711069375 0.1127142421875 0.48710106406250003 0.1174276375 0.4953956125 0.11797888593750001 0.515427053125 0.137988515625 0.5155004234375 0.1394419984375 0.491786703125 0.136580646875 0.48418221250000004 0.1160118359375 0.4822131703125 0.108669090625 0.47757909062500004 0.07817180781250001 0.47338719687499997 0.0450669859375 0.47223115 0.0406292140625 0.47395232343749993 0.0397646609375 0.48080132343750004 0.052859853125 0.48188399843749996
2 0.75893938125 0.5528190296875 0.7731013812499999 0.5770780546875 0.7867993796875 0.5788071609375 0.79644429375 0.5891500640625 0.81895834375 0.62495760625 0.8211732625 0.63316490625 0.8272231453125001 0.6390046015624999 0.8256249109375 0.6489548843749999 0.82749876875 0.6490203218749999 0.8283415109375 0.642795940625 0.8321110375 0.6423021953125 0.8456860984375 0.6296432453125 0.8447640421875 0.6202303328125 0.8198823890625 0.5805878265625 0.8034618468750001 0.549370740625 0.8006877453125 0.539267771875 0.7885661671875 0.528213 0.782319975 0.527994878125 0.7619395390625 0.5385400359375 0.7579955140625 0.5440307359375 0.75893938125 0.5528190296875
4 0.8605877218750001 0.686447909375 0.8497510734375 0.6923232953125 0.8347602109375 0.6917998015625 0.8342585296875 0.7061660453124999 0.8378535609375 0.7106692531250001 0.8428287015624999 0.7114683703125 0.844549875 0.7159061421875 0.8500405750000001 0.7198501671875001 0.918552384375 0.72787108125 0.9301584046875 0.73578094375 0.9315087703125 0.7508372421875 0.9473780640625 0.7620228859375 0.9717818390625 0.7616243234375 0.98333035625 0.7532722734374999 0.9918648390625 0.741688065625 0.9923665187499999 0.727321821875 0.9883868031249999 0.715925990625 0.9197738671875 0.6928924015625 0.8880709703124999 0.6874076453125 0.8605877218750001 0.686447909375
4 0.7539344671875 0.76777530625 0.7568612531250001 0.773505940625 0.761683709375 0.7786773921875 0.799357175 0.77436455 0.82059423125 0.7751061640625 0.8266877375 0.779696621875 0.8307547015625 0.7885939765625001 0.8337608031249999 0.8099619046875001 0.827231053125 0.8178638328125001 0.8080344187499999 0.8303264718750001 0.8883921828125001 0.8393864375 0.8934406953125 0.820175925 0.9007259375000001 0.8085480921875 0.9097541671875 0.8007334125 0.9242730953124999 0.7968627578125 0.9268806328125001 0.7938269109375 0.9289309781249999 0.7351127 0.9154511 0.7271373999999999 0.867464478125 0.722334765625 0.7972314953125 0.7098760796875 0.7872375875000001 0.7095270859375 0.76235394375 0.723667271875 0.7536806546875 0.7571349671875 0.7539344671875 0.76777530625
2 0.681034453125 0.79587325 0.666362840625 0.8041162390625001 0.6541242671874999 0.8143203343750001 0.6520977234374999 0.8186272328124999 0.6463889015625 0.8209294 0.6441878609375 0.8302332531250001 0.6457345359375 0.839667978125 0.663223875 0.8402787203125 0.6754981390625 0.8469611562500001 0.6860512296875 0.8492058203124999 0.7254676796874999 0.8487061312499999 0.7424414609375 0.8461719640625001 0.75072213125 0.823947415625 0.7622052125 0.8174692234375 0.7827958359375 0.8188136453125001 0.7986651296875 0.8299992890624999 0.815726159375 0.8249666453125 0.8323806921875001 0.8136659953125 0.8339571125 0.80434033125 0.8278497281250001 0.7822387234375 0.823673703125 0.7764644640625 0.8162437078125 0.774328859375 0.7755125828125 0.7766587828125 0.7477239640625 0.7844437171875 0.7352097671875 0.7846320921875 0.681034453125 0.79587325
2 0.7234629499999999 0.852388409375 0.7230485171875001 0.8642561765625001 0.744168578125 0.8862566578125 0.7619771656250001 0.89563388125 0.7830179109375 0.9019970687500001 0.7807078093750001 0.9144240171875 0.7831626625 0.9157605046875 0.7906799062500001 0.91539763125 0.7961349156249999 0.902455125 0.80518495625 0.894015825 0.8221587375 0.8914816578125 0.87462675625 0.8933138812499999 0.884765415625 0.9074263124999999 0.8867622125000001 0.9218798046875 0.89557231875 0.9203113171874999 0.9007437703125 0.9154888609375 0.9048404812499999 0.9056258250000001 0.9053857859375001 0.89001034375 0.898370221875 0.8760069734375 0.89173934375 0.8688962281249999 0.8701176046875 0.8612619890625 0.8247167078125001 0.8540481265625001 0.7851991296875 0.8395351421875 0.758943309375 0.8392436484375001 0.7405021671875 0.847980384375 0.7273851625 0.8475223296875001 0.7234629499999999 0.852388409375
2 0.6592342359375001 0.9008013515625001 0.6564085765625001 0.9100833921874999 0.6665908593750001 0.9229465843750001 0.670570575 0.9343424171875 0.6950536656249999 0.9495811468750001 0.75346250625 0.9603761625 0.7544499984375 0.96791521875 0.763601165625 0.97448859375 0.7728832062500001 0.9773142531250001 0.7922464031249999 0.97799043125 0.8030394281250001 0.9733642843749999 0.8089009359375 0.96668978125 0.8137313265625 0.9537254624999999 0.8140366968749999 0.9449807921875 0.8117781546874999 0.9380227328125 0.7997874484375 0.9232202453125 0.7843900890625 0.9164287484375 0.7341885484375 0.9034188140625 0.7107801984375001 0.8932206624999999 0.6970167625 0.8933654140625 0.679846671875 0.9015211546874999 0.67054281875 0.8993201140625 0.6592342359375001 0.9008013515625001
2 0.501760790625 0.8077489234374999 0.516017971875 0.8113737000000001 0.53012246875 0.8193708109375001 0.5630746046875 0.8248991921875 0.570221040625 0.835154846875 0.5708377265625 0.8533124296875 0.57449819375 0.8559417796875 0.6382093578125 0.8581666218749999 0.6433371859375 0.8545934046875001 0.6466070234375 0.8146832078124999 0.64432666875 0.8083497671875 0.6095224875 0.8021313296875 0.5458767578125 0.7980326296875 0.5304139625000001 0.7931149890625 0.5103825203125 0.7936662390625 0.4989430640625 0.7988951921874999 0.497541140625 0.803223903125 0.501760790625 0.8077489234374999
2 0.5586685703125001 0.7540772812500001 0.5456963171875 0.7673826609375001 0.548484296875 0.79499678125 0.5976765328125 0.8010922796875001 0.6258716484375 0.79957535 0.6380011609375 0.79249435 0.6618021296875 0.79144935625 0.6914209812500001 0.784979096875 0.71143854375 0.766916696875 0.724664609375 0.76425165625 0.7263064671875 0.7530521343750001 0.72335786875 0.74794611875 0.7171771125 0.7458541390625 0.707720575 0.748025434375 0.686788890625 0.73853915 0.6661546421875 0.7384439671874999 0.6302677859375 0.7453207234375 0.596429284375 0.7472659609375001 0.5586685703125001 0.7540772812500001
2 0.6326096234375 0.660350690625 0.63632759375 0.679241953125 0.6454569484375 0.6864399484375 0.66229985625 0.687653496875 0.6658948859375 0.6921567046875 0.6696346671875 0.7104233484375 0.684320159375 0.7196915109375001 0.689418240625 0.7348786828125 0.6948435046875 0.740696565625 0.7064713359375 0.7479818093749999 0.7177581078124999 0.747125190625 0.725122665625 0.7511346515625 0.7261101578125 0.7586737078125 0.7213233921875 0.7703887890625001 0.72804151875 0.7750010578125 0.7285352640625 0.7787705859375 0.7472520296875 0.7800495703125 0.7555465781249999 0.775336175 0.7564051875 0.7328402515625 0.720665071875 0.69969775 0.7077661890625 0.6929935015625001 0.701266184375 0.682135040625 0.672847003125 0.6542512390625 0.6630275921875 0.648905290625 0.6443762625 0.645752446875 0.6389073749999999 0.641183803125 0.6282670359375 0.641437615625 0.6249694421875 0.6463255078125 0.6253977515625 0.65196889375 0.6326096234375 0.660350690625
2 0.859929403125 0.6157568703125 0.8683905140625001 0.6241822921875 0.8752177015625 0.6256714640625 0.8879857109374999 0.636123428125 0.919391171875 0.632217084375 0.9187962984375 0.61343488125 0.908570390625 0.601820928125 0.8969643703125 0.5939110640624999 0.8934565890625 0.5869093796875 0.8830125593749999 0.58154161875 0.8661478390624999 0.5809526890625001 0.8589934687499999 0.58883280625 0.8547658859375 0.60244355625 0.859929403125 0.6157568703125
4 0.6407594203125 0.641873859375 0.643345146875 0.6394626296875 0.6442097 0.63261363125 0.6480010390625 0.631495265625 0.651945065625 0.626004565625 0.6522068109375 0.618509134375 0.646803359375 0.61206663125 0.6273965375 0.6126396921875 0.6015690265625 0.6179915859375 0.572539103125 0.6075971234375 0.5681013312500001 0.6093182953125 0.5852119296875 0.6386833359375 0.5975734421875 0.6428672953125 0.6407594203125 0.641873859375
2 0.5248419828124999 0.6303213609375 0.5447346171875 0.6516535984375 0.571527809375 0.65446538125 0.5789141796874999 0.6578502234375 0.5843612546875 0.6630434875 0.5859515546875 0.6712289734375 0.5915731281250001 0.6714252843749999 0.5951681578125 0.6759284921875001 0.6258399390625 0.6751234312500001 0.5951622140625 0.6402815687500001 0.590855315625 0.6382550265625 0.587347534375 0.631253340625 0.5482523234375 0.58673681875 0.5372054859375 0.5807226265625001 0.5327895265625 0.5818191796875001 0.5141084499999999 0.5974267281250001 0.5111737296875 0.6098318640625 0.5248419828124999 0.6303213609375
2 0.43496025468750005 0.6790892421875 0.46101976718750004 0.6850023078125 0.4929407859375 0.6842408718749999 0.5291250796875 0.6867552171875 0.586917234375 0.6793926484374999 0.5945653515625 0.6752820609375 0.5940279796875 0.6727617703125001 0.5797053609375 0.6710108515625001 0.5775340671875 0.6615543140625 0.5671118500000001 0.655561934375 0.497241740625 0.6506204921875 0.477362984375 0.64679940625 0.446132021875 0.6457087968749999 0.4385493421875 0.647945528125 0.4326005859375 0.65711850625 0.43496025468750005 0.6790892421875
2 0.4703712234375 0.5783887234375 0.4633695390625 0.5818965046875 0.449104421875 0.5964074984375001 0.44149993125 0.5992688484375 0.4362630421875 0.6059651640625 0.4305324078125 0.6088919500000001 0.42326897656250007 0.6198951625 0.42274548437500004 0.634886025 0.418757834375 0.6416259640625 0.421640996875 0.6486058375 0.42786537812500003 0.649448578125 0.44249336718750004 0.6424548265625 0.4625248078125 0.641903578125 0.47814822343749996 0.6243131125 0.50693226875 0.6059314625 0.5122782171875 0.5961120531249999 0.54168688125 0.577752215625 0.55155785 0.5637131546874999 0.5523569671875 0.5587380140625 0.546953515625 0.5522955109375001 0.5316652171875 0.5423809171875 0.50844524375 0.5446969625 0.49290907656250005 0.5597889515625 0.48207242656249993 0.5656643375 0.4703712234375 0.5783887234375
2 0.7148154796874999 0.5806710953125 0.7256223828125 0.5935561 0.728767290625 0.593040540625 0.732064884375 0.5881526484374999 0.7522926359375 0.5819798265625 0.7685545484375 0.5819223234375 0.767763365625 0.56876169375 0.750833209375 0.5700466234375 0.7405636765625 0.5596819078124999 0.72081579375 0.55211310625 0.6614551515625 0.5506655671875 0.6613897140625 0.552539425 0.682037840625 0.570145759375 0.7148154796874999 0.5806710953125
2 0.6032346859375 0.55238475 0.605602290625 0.5562197140625 0.6166927515625 0.56098466875 0.6477492171875 0.56707223125 0.65446734375 0.5716845015625001 0.6622384 0.5819619671875 0.6800251765625 0.5919638093749999 0.708539540625 0.5992133625 0.724779640625 0.5997804796875 0.72439495625 0.59288785625 0.7148154796874999 0.5806710953125 0.682662459375 0.570167571875 0.6535314109375 0.5447604359375 0.6418381421875 0.53934905 0.61310565625 0.5383456890625 0.6084933875 0.5450638156250001 0.604077428125 0.5461603687500001 0.6032346859375 0.55238475
2 0.62107103125 0.5967842765625 0.6460121765625 0.598906003125 0.6530792984375 0.5935243625 0.6570233234375 0.5880336625 0.65735050625 0.5786643734375 0.6525934859375 0.5716190640625001 0.6439796906249999 0.567565978125 0.6314654921875 0.567754353125 0.6238173765624999 0.5718649421875 0.6218344578125 0.5749226015625 0.62107103125 0.5967842765625
4 0.49150120781249995 0.528470740625 0.4824947921875 0.5356607999999999 0.482145796875 0.545654709375 0.48942310625 0.5521626484375 0.49110065468749997 0.5578496578125 0.4942019390625 0.5585833375 0.50842343125 0.5453215828125 0.5224922375000001 0.5364321609375 0.53000948125 0.5360692874999999 0.5361466125 0.5394105062500001 0.547643571875 0.550443465625 0.5523569671875 0.5587380140625 0.5501123031249999 0.5692911046875 0.5415560078125 0.58149993125 0.5669175296875 0.6074008140625 0.6034865078125 0.6168077828125 0.617257878125 0.5985272609375001 0.621507275 0.5842918906250001 0.6206506546874999 0.5730051203125 0.603641184375 0.5586527546875 0.5533603281249999 0.5300055265625 0.5258770796875 0.529045790625 0.5069858171875 0.5327637609375 0.497638340625 0.5318119578125 0.49150120781249995 0.528470740625
4 0.7371094171875 0.6765075234375 0.7594212125 0.682289715625 0.775784253125 0.6972448875 0.7978779265625 0.7092732734375 0.814611775 0.71360991875 0.8289780171875 0.7141115984375 0.835936078125 0.7118530546875 0.8317818656249999 0.7054541765625 0.831528053125 0.6948138375 0.834782021875 0.6911751828125 0.8435485046875 0.690855934375 0.844260371875 0.68837926875 0.8400843468750001 0.6826050109375 0.828412890625 0.67656900625 0.7796568984375 0.6579811234374999 0.7598217671875 0.6529107984375 0.7436907265625 0.649220584375 0.7123943265625 0.6500038328125 0.7068600015625 0.647309046875 0.699945565625 0.6483183515625 0.6985436421875 0.6526470609375 0.7133381953125 0.658792128125 0.7371094171875 0.6765075234375
2 0.4161304484375 0.7884987406249999 0.42407600156249997 0.7937792531250001 0.43280480312499997 0.830356165625 0.4480931015625 0.840270759375 0.4557987203125 0.8524220843749999 0.47458092343749997 0.8518272109374999 0.4743846125 0.8574487843749999 0.47862607500000004 0.861349184375 0.53658479375 0.867125434375 0.5445957828125 0.8705320890625 0.562753365625 0.869915403125 0.5673001984375 0.865071134375 0.5705839140625 0.8426720890625001 0.5695527984375001 0.836382271875 0.5641275343750001 0.8305643890625 0.515393353125 0.8113518875000001 0.4813010390625 0.8026567859375 0.4322039859375 0.775927040625 0.414692834375 0.77594091875 0.40965225624999996 0.7770156593750001 0.40956500625 0.7795141359375 0.4161304484375 0.7884987406249999
2 0.5002101609375 0.70888458125 0.499236546875 0.718856678125 0.5024389578124999 0.7346030328125 0.5102972625 0.742382021875 0.5394798703125 0.7484041484375 0.562075225 0.746066290625 0.5929869390625 0.73839041875 0.6136866234375 0.7366117437499999 0.62512608125 0.7313827890625 0.637662090625 0.7305697953125 0.6467339421875 0.7215058765625 0.648869546875 0.71407588125 0.6655458921874999 0.7021506125 0.6658948859375 0.6921567046875 0.659220384375 0.686295196875 0.6461033796875 0.685837140625 0.633894553125 0.677280846875 0.6245688875 0.6757044265625 0.5982912546875 0.676037553125 0.515811765625 0.691918734375 0.5068271609375 0.698484175 0.5002101609375 0.70888458125
3 0.5258492703125001 0.8880134937499999 0.5203724484375 0.9015806203125001 0.511903403125 0.9112909703125001 0.510798915625 0.9250107812499999 0.5153596265625 0.9376776640625 0.5641294968749999 0.9737766984375 0.5780019953125 0.9705088515625 0.5883012734374999 0.9621131765625 0.6035538828125 0.9551412375 0.6205276625 0.9526070703125 0.628495028125 0.9572629640624999 0.6422505296875001 0.975253984375 0.6546556671875 0.9781887046875 0.658730565625 0.9689502890625 0.6546497234374999 0.9425417812499999 0.6581654390625 0.9314076968749999 0.6576578140625 0.9101270171875001 0.6627063265625 0.8909165046874999 0.662452515625 0.880276165625 0.64671409375 0.8653428046875 0.6374320546875001 0.8625171453125 0.6199209015625 0.8625310234375 0.569209746875 0.882023103125 0.5429539250000001 0.8817316109375 0.5258492703125001 0.8880134937499999