1 0.7065705171875 0.6773966421875001 0.6515563015625 0.6597149109375 0.6083751937499999 0.68095865625 0.5926070203125 0.701117115625 0.5755661703125 0.7766728406250001 0.6008995734375 0.8170172593749999 0.673295675 0.8424756562500001 0.687620653125 0.8360482671874999 0.6990948984375 0.813455246875 0.7175967671875 0.7023545609374999 0.7065705171875 0.6773966421875001
1 0.7370481046874999 0.43071033593749997 0.723305984375 0.474880753125 0.7318760140625 0.5015637640625 0.9621879218749999 0.5396532796875 0.9900310250000001 0.512830940625 0.9888296546875001 0.4809726546875 0.9659346453125 0.4607170328125 0.7489168640625 0.42600803750000005 0.7370481046874999 0.43071033593749997
1 0.3934369421875 0.6048199578125 0.49264529375 0.6132639234374999 0.5006324656250001 0.602203903125 0.5035366781249999 0.5529278734374999 0.4873918171875 0.5333817203125 0.46264127187500004 0.5307803328125 0.391240371875 0.5391418046875 0.335401475 0.529306396875 0.327620475 0.5384048359375 0.2607196734375 0.5472392875 0.241482253125 0.557116859375 0.2436966515625 0.600981125 0.259635340625 0.622488859375 0.29072369375 0.629722878125 0.3934369421875 0.6048199578125
2 0.38441117343750003 0.885492959375 0.3665355609375 0.7309038265625001 0.3410138125 0.6707071015625 0.3265004890625 0.6572821828125 0.299706065625 0.652482725 0.280262475 0.6643218796875 0.259734553125 0.7514106046875 0.27749312656249997 0.7988918796875 0.280684896875 0.8983899015624999 0.2966235875 0.9198976343749999 0.3653442703125 0.9370367249999999 0.3667874640625 0.923305653125 0.3819371265625 0.9090319390625 0.38441117343750003 0.885492959375
2 0.5211348140625 0.7967341375 0.5367324703125 0.7349094843749999 0.5293816359375 0.7182708734375 0.46270483125000006 0.7033298546875 0.4522614390625 0.7161149671875 0.449115403125 0.8109803546875 0.42292166406250004 0.8221100390625 0.4093678875 0.886132765625 0.42671411875 0.937537203125 0.42199002343750003 0.96083969375 0.461872403125 0.9709812531249999 0.5100016046875 0.9026595484375 0.5211348140625 0.7967341375
2 0.15785373281249998 0.5086621265625 0.162801825 0.46158416718749995 0.1055375609375 0.44366594375 0.08834401875 0.45574158750000004 0.0385298015625 0.583383721875 0.0444017875 0.6573811828125 0.0634152125 0.6712790796875 0.08203411875 0.6672862515625 0.0933021921875 0.6466548125 0.12564539531250002 0.6203054546875 0.1295626359375 0.583035403125 0.15785373281249998 0.5086621265625
1 0.1772515890625 0.30245956406249996 0.20835776718750001 0.2878796953125 0.2104373 0.2464499921875 0.18161682343750002 0.2176385734375 0.1615725484375 0.21354858437500002 0.125553928125 0.2315786359375 0.015212370312500001 0.32906007812500004 0.01067661875 0.37221487343750004 0.0568789796875 0.4088029546875 0.075910228125 0.400886965625 0.10744657500000002 0.3605700453125 0.1772515890625 0.30245956406249996
1 0.7988915203125 0.1020409125 0.77659719375 0.097714434375 0.6325048921875001 0.19164853125 0.617337403125 0.2277361328125 0.6275567984375 0.238726490625 0.6537327125 0.24941069374999997 0.7016022640624999 0.24849223281250002 0.8145883875000001 0.1691380046875 0.8242249234375001 0.14238533125 0.8174926015624999 0.119861975 0.7988915203125 0.1020409125
2 0.9002073078124999 0.28523247343749997 0.87652326875 0.2291954015625 0.853628259375 0.20893977968750002 0.8315401046875 0.20265171875000002 0.8196713453125 0.207354015625 0.79509131875 0.2464188234375 0.788906203125 0.305266271875 0.8035900437500001 0.360357384375 0.8193225625 0.3838267 0.8364982781249999 0.39356494531249997 0.9017497140625 0.40042314687499997 0.9177240578125 0.37830310625 0.9002073078124999 0.28523247343749997
4 0.8911637109375 0.5877193625 0.8724734984375001 0.678967740625 0.8439762312499999 0.7553025984375 0.8431337203125 0.7849628140625 0.8619409734374999 0.8008222937499999 0.8848538109374999 0.7992640265625 0.9261972093749999 0.773860628125 0.9681769484375 0.7207585953125 0.9843752890624999 0.6748630859375 0.9948899859375 0.5748224203125 0.976889590625 0.5729305015625 0.91285735 0.5761166984375 0.902413959375 0.5889018109374999 0.8911637109375 0.5877193625
2 0.8351822015625 0.7523950578124999 0.8733694859375 0.5838658624999999 0.8590979843750001 0.5248515874999999 0.7578457546874999 0.51420955 0.7404460453125 0.5282467734375 0.7252785578125 0.5643343765625 0.72501890625 0.6317376218749999 0.6995072390625 0.8095320828125001 0.7238276156250001 0.8378705203125 0.752872090625 0.8429064687500001 0.7690526046875 0.8188248453125 0.8081459546875 0.79318495625 0.8351822015625 0.7523950578124999
2 0.62770174375 0.5620116453125 0.5786486484375 0.50925793125 0.5612667640625 0.50148126875 0.5422355140625 0.509397259375 0.504343534375 0.5668954328125 0.5337646968749999 0.61163599375 0.5473998578125 0.6983489031250001 0.6044579531250001 0.7182287078125 0.6261515921874999 0.70662604375 0.67463965625 0.6998228390625 0.6677189890624999 0.6574471749999999 0.62770174375 0.5620116453125
2 0.7390919828125 0.43290840625 0.72416631875 0.4234066515625 0.6748713984375 0.41624229531249995 0.654002440625 0.4199986328125 0.6349533671875001 0.44972851093750005 0.628114084375 0.55808848125 0.6529994953125 0.6459838390625 0.680188434375 0.668674021875 0.71536454375 0.680304184375 0.7309800265625 0.5966656421875001 0.7263272359374999 0.5327125796875001 0.7390919828125 0.43290840625
2 0.4478504734375 0.6065725484375 0.3584491765625 0.6130421 0.344931053125 0.6334370515625001 0.3445008859375 0.6591741015625 0.38314624375 0.6810851515625 0.4469544859375 0.7016744265625 0.5645755718750001 0.708087146875 0.5384531390625 0.6319612796875 0.49264529375 0.6132639234374999 0.4478504734375 0.6065725484375
2 0.2326704 0.57602320625 0.241482253125 0.557116859375 0.27954475156249997 0.541284878125 0.2912429921875 0.4949163875 0.331367196875 0.45946859218749997 0.341828415625 0.424869590625 0.31505181718749997 0.39825624375 0.28150724375 0.3927473171875 0.26268216718750004 0.398701725 0.2327773578125 0.4451398796875 0.164209365625 0.4914808703125 0.1449184671875 0.56680010625 0.127106415625 0.5847604953125 0.1360887875 0.6075203421875 0.1563392328125 0.6096487500000001 0.1837699953125 0.5867495765624999 0.2326704 0.57602320625
2 0.5688415953125 0.49434441093750003 0.574202028125 0.44334328906250003 0.5431136765625 0.43610926875 0.3741181375 0.463961896875 0.313331146875 0.5012044484375 0.312694809375 0.5289030828125 0.33620833125 0.5432739578125 0.3859155921875 0.5465151515625 0.448728634375 0.5332845578125001 0.5172609718750001 0.5305713421875 0.5604420828125 0.5093275953124999 0.5688415953125 0.49434441093750003
2 0.6743598468750001 0.2912437140625 0.6172660984375 0.31499168437499997 0.5924977265625 0.3342041859375 0.5468069203125 0.42261468750000003 0.5428896796875 0.4598847390625 0.5780657890625001 0.47151490156250003 0.6167289734375 0.47161206250000004 0.69313144375 0.35073096875 0.6931670984375 0.30710319375 0.6743598468750001 0.2912437140625
2 0.21974288125000002 0.37435611406249997 0.229173246875 0.349565021875 0.24595444687499998 0.3414125421875 0.24739764062499997 0.3276814703125 0.212840040625 0.31016656249999996 0.20732691406249998 0.2976876046875 0.2017959640625 0.30702253281249997 0.1768392484375 0.3063827265625 0.1623080984375 0.314771696875 0.07857261875 0.397200290625 0.069142253125 0.42199138437499994 0.08733099375 0.4437356078125 0.13253815625 0.4465038203125 0.154025625 0.4368627390625 0.21974288125000002 0.37435611406249997
2 0.3387614296875 0.1726743546875 0.312997859375 0.1580669890625 0.2872164609375 0.16527350937500002 0.255079428125 0.1896612859375 0.216981278125 0.2491210421875 0.212840040625 0.31016656249999996 0.2373665875 0.3365434203125 0.29669255781250004 0.33484582500000004 0.3329173484375 0.3148541921875 0.35100687656249996 0.2076766703125 0.3387614296875 0.1726743546875
2 0.4243090453125 0.3760243734375 0.4002126640625 0.3239104671875 0.3793615328125 0.305852915625 0.301398828125 0.3333572234375 0.2561916671875 0.3305890109375 0.2318356375 0.3458783484375 0.2242429796875 0.37482909375 0.24712016406249998 0.4168986046875 0.280046225 0.428292275 0.3025645453125 0.40884328593749997 0.3530964890625 0.40423815156250004 0.4243090453125 0.3760243734375
2 0.7050536828125 0.280587009375 0.703439971875 0.2526518859375 0.6561889328125 0.24768560156250002 0.607924865625 0.23071333749999998 0.4450787890625 0.243346290625 0.43810464531250004 0.2664122921875 0.443187603125 0.3046283015625 0.4873639109375 0.317204421875 0.515601528125 0.308272809375 0.5577339593749999 0.31865085937500004 0.6101036093750001 0.318205378125 0.6657719875 0.28637459062500004 0.7050536828125 0.280587009375
2 0.4268365703125 0.2870437296875 0.400849003125 0.29621183281249996 0.3959187359375 0.3214759046875 0.41817740625 0.369430159375 0.5094164125 0.367120259375 0.56321143125 0.3747575953125 0.5808173125 0.3587587875 0.5832913578125 0.3352198078125 0.56448410625 0.31936032812500004 0.4268365703125 0.2870437296875
2 0.4568049390625 0.413155096875 0.5423068203125 0.42214170781250004 0.5629874328125 0.3985330640625 0.562180578125 0.38456550312500004 0.5472549140625 0.3750637484375 0.5090040703125001 0.371043421875 0.438634025 0.369596984375 0.35800892812499996 0.4007879671875 0.3408153890625 0.4128636109375 0.3438544671875 0.44888155 0.3602055 0.46646612187500003 0.37616201562499996 0.46615996718749997 0.4203561515625 0.4569222 0.4201678078125 0.4370698953125 0.4568049390625 0.413155096875