2 0 0.22997607968749997 0.0806113359375 0.2112038234375 0.09130895624999999 0.2026453171875 0.1303957953125 0.138109121875 0.1635575859375 0.1122642984375 0.159837228125 0.09569311875 0.148360884375 0.0854984953125 0.11976500625 0.09174368125 0.0660785859375 0.0779382203125 0 0.104886184375 0 0.22997607968749997
2 0.0146175375 0.43101340937500005 0.0356891578125 0.460280803125 0.05759798125 0.4602428703125 0.0741788765625 0.44732045937500003 0.105808290625 0.36337289375 0.1152470296875 0.29152019687499997 0.096893671875 0.22406933750000002 0.08808546874999999 0.2168842078125 0.08085976875 0.22660885937500003 0.0474411890625 0.2439141390625 0.040472278125 0.26217833281249997 0.038301009375 0.289978909375 0.0238329046875 0.3231591984375 0.0230040578125 0.3455990296875 0.0109305953125 0.38698025625 0.011170676562499999 0.409250784375 0.0146175375 0.43101340937500005
2 0 0.5392882125 0.0000575375 0.5397141265625 0.017682296875 0.5472188953125 0.0901125296875 0.5271668609375 0.131834090625 0.49310213281250004 0.1604383234375 0.4799914546875 0.1577868921875 0.46325097499999995 0.15218547031250002 0.455557940625 0.1284039359375 0.457608521875 0.0886052109375 0.4484676375 0.07870301874999999 0.46204828750000004 0.034877021875000004 0.46898964374999996 0 0.48532163125 0 0.5392882125
2 0.4115108046875 0.5431880359375 0.4120745078125 0.5190741578125 0.3875560234375 0.468044140625 0.2709532984375 0.340648578125 0.2303507890625 0.33335104375 0.2132646703125 0.322328878125 0.2025670484375 0.3308873859375 0.2017382015625 0.35332721562499997 0.2145402609375 0.3718920796875 0.22491426093750003 0.4097179796875 0.24810702812500002 0.4523777546875 0.3527031234375 0.5662305984375 0.3770065875 0.5743936046875 0.404276753125 0.55977818125 0.4115108046875 0.5431880359375
2 0.32431609687499996 0.4008384453125 0.352091484375 0.41016759687500004 0.36306260468749996 0.39641764375 0.3620103859375 0.38285595781250004 0.35614382031249997 0.3734888765625 0.333174425 0.3668306140625 0.298737040625 0.3431122359375 0.2683269296875 0.3033116171875 0.2523097359375 0.2921201515625 0.19814315625 0.23377363281250002 0.1754389046875 0.228789421875 0.15483073593750002 0.2577940734375 0.149461040625 0.2792370609375 0.1515821859375 0.29262944375 0.1966587125 0.355847771875 0.20974262187499998 0.3623556953125 0.223928875 0.3412323453125 0.244503628125 0.3396896671875 0.27868422187499997 0.35486850468750003 0.32431609687499996 0.4008384453125
2 0.3216000203125 0.21765207343749998 0.31144939374999997 0.2158276890625 0.2919101515625 0.24466303906250003 0.2816926921875 0.29776260468750004 0.284062271875 0.3265600234375 0.301943821875 0.3426043328125 0.3123679453125 0.3392372703125 0.3222701390625 0.32565661874999996 0.332495953125 0.2656915609375 0.32720144375000004 0.2253451078125 0.3216000203125 0.21765207343749998
2 0.22853874843750002 0.0659354 0.24215294375 0.0757914203125 0.2630095484375 0.0621918046875 0.323134590625 0.054384975 0.34506847500000004 0.0337505640625 0.36617351249999996 0.03555598125 0.3696704984375 0.0161256453125 0.221893459375 0.0378151859375 0.22853874843750002 0.0659354
2 0.356427859375 0.140062096875 0.356768190625 0.07994670312499999 0.3437009875 0.059707790625 0.3324814328125 0.058052709375 0.313762684375 0.071313721875 0.297148371875 0.1116981078125 0.29225883750000003 0.177682153125 0.2951754125 0.19609668125 0.30237604687499997 0.2069685109375 0.31947052187499997 0.21112518281249998 0.3395149875 0.20623440781250002 0.3457135296875 0.162351590625 0.356427859375 0.140062096875
2 0.4122688421875 0.13979796718749998 0.40989090624999996 0.11786604062499999 0.4013645546875 0.09862397187500001 0.3898882125 0.08842934687500001 0.3802678703125 0.089953059375 0.36475590156250004 0.1027061703125 0.3598747203125 0.16182472187500002 0.35074289687500004 0.201023996875 0.3555238265625 0.22429136718749998 0.3739356625 0.2436837734375 0.39023470625 0.2428183015625 0.400675540625 0.2257202515625 0.4015210953125 0.189549434375 0.4122688421875 0.13979796718749998
2 0.4645620640625 0 0.46583213749999997 0.0352159890625 0.47725835625 0.086603575 0.4948914703125 0.08724284843749999 0.5098647984375 0.0780071359375 0.513900425 0.0550594015625 0.505179871875 0 0.4645620640625 0
2 0.638002346875 0.1675388671875 0.6348289828125 0.1405847984375 0.5737603250000001 0.045578524999999995 0.563352909375 0.0352146 0.5489265750000001 0.0340674203125 0.5390327375 0.0407825796875 0.5317986828125 0.057372725 0.5408386125 0.0936938765625 0.5963058484375 0.1810071140625 0.6198055296875 0.1910134703125 0.63581436875 0.20907043125000002 0.6475725640625 0.207208115625 0.646802196875 0.1815894921875 0.638002346875 0.1675388671875
2 0.6060576671875 0.291005346875 0.60583429375 0.25500383125 0.5967693015625 0.23927915937500002 0.516658271875 0.20391830781250003 0.49421916406250005 0.20060814218749998 0.4789723375 0.21503529999999998 0.47441477968749995 0.22776944375000002 0.4893379828125 0.2597266921875 0.5034824671875 0.27293080937499997 0.5411433390625 0.282410296875 0.5582211046875 0.3002979546875 0.5793177890625001 0.30896886874999996 0.592410053125 0.3086112984375 0.6060576671875 0.291005346875
4 0.6498084765625001 0.34585343125 0.66318259375 0.33343892343750003 0.6693560734374999 0.3101525875 0.693958096875 0.29252766874999997 0.6969164421875 0.2766147296875 0.6924006546875 0.2550214078125 0.6785213156250001 0.2434913375 0.65902384375 0.2379992203125 0.5857229953124999 0.31481855312499996 0.5806100875 0.3448010828125 0.5843220921875 0.36823775312499996 0.5974060031249999 0.3747456796875 0.6048884906249999 0.37356056875 0.6038279171875 0.36686437656250004 0.619853465625 0.37119035 0.6460463484375001 0.3636097203125 0.6498084765625001 0.34585343125
2 0.8402841078125001 0.365450290625 0.835254740625 0.326777884375 0.813884559375 0.32329841875 0.793069728125 0.3025705671875 0.7284121890625 0.302515059375 0.6928891703125 0.2926969703125 0.6725795625 0.2959136953125 0.6624038718749999 0.31468579375 0.6685021640625 0.3531888984375 0.6748990171875 0.3659040765625 0.704281971875 0.3715465296875 0.7427633359375 0.3654516796875 0.8001951765624999 0.3752318390625 0.82879105625 0.368986653125 0.8370689734375001 0.3728236875 0.8402841078125001 0.365450290625
2 0.880448225 0.2938793 0.8892731359375 0.2873334453125 0.8871686999999999 0.2602100734375 0.881036990625 0.2491689421875 0.8329519937500001 0.24305651718750002 0.7669436765625 0.25522725 0.7511832734375 0.252575325 0.7404856515625 0.2611338328125 0.7377840953125 0.2855863125 0.7460453031250001 0.303154334375 0.7794471765625001 0.299580040625 0.806683925 0.3124265890625 0.8136444796875001 0.301027890625 0.8272670296875001 0.3040184171875 0.8574788312500001 0.287221040625 0.880448225 0.2938793
2 0.9667806703125 0.4861306953125 0.9649747937500001 0.4332193984375 0.9604506515625 0.41849156875000004 0.9350782593750001 0.41049786250000003 0.865614728125 0.40777146406250003 0.8453218281250001 0.397257203125 0.8194024421874999 0.3996463875 0.807097253125 0.41189159374999995 0.7835892171875 0.4087507296875 0.7819565875000001 0.433033909375 0.7907564375 0.44708453437499995 0.804917628125 0.44655766406249997 0.8374823015624999 0.4722886921875 0.879162090625 0.47255143281249995 0.9427256421875001 0.493372721875 0.9667806703125 0.4861306953125
2 1 0.47541590625 0.9892364875 0.4757098734375 0.9846789296875 0.4884440171875 0.9824825953125 0.536841075 0.9891195296875 0.57182678125 1 0.6031388515625 1 0.47541590625
2 0.7869252859375 0.7411346109375 0.80188190625 0.745629884375 0.9272532531250001 0.69316820625 0.9457235671875001 0.66450215625 0.9546153125 0.6030323515625 0.9760189109375 0.5790498453125 0.9709728359375 0.554108425 0.9512018687499999 0.553807753125 0.9410345328125 0.56571435625 0.9260695578125 0.568084575 0.9175264984375 0.5625734921875 0.8755648562499999 0.5743676921875001 0.835459215625 0.5978802265625001 0.7768916171875 0.6431933171875001 0.749066103125 0.6750571265625 0.7490326875 0.702519103125 0.7869252859375 0.7411346109375
2 0.7833051765625 0.642177509375 0.8119094109375 0.6290668312500001 0.874761071875 0.576211040625 0.877197484375 0.5500845125 0.868952984375 0.5187855031249999 0.8558857828124999 0.49854659218749997 0.837987525 0.4962332703125 0.824083121875 0.50529968125 0.785004640625 0.5629703828125 0.7470201453125 0.5998753015625 0.7282596265625 0.647463784375 0.729038346875 0.666216915625 0.7335708421875 0.6740792515625 0.7402411921875001 0.681602984375 0.7514691 0.6763925734375 0.7833051765625 0.642177509375
2 0.853885571875 0.8249114859375 0.8362858734374999 0.7968102375 0.7970592046875 0.75668998125 0.7759875843749999 0.727422590625 0.70313566875 0.6548751125 0.6620028734375001 0.6442294828125 0.6307388546875 0.6474651734375 0.594959046875 0.6291075421875 0.579156871875 0.660783084375 0.589265728125 0.6969349359375 0.6002034296875001 0.7106469578125 0.6062766609375 0.7697465421875 0.63825256875 0.8401879296875 0.67186110625 0.8863461390625 0.752452296875 0.9662480468749999 0.8336907328125 0.95338114375 0.8430542828125 0.9433178890624999 0.853511825 0.912488853125 0.8578710734375001 0.8431567140625 0.853885571875 0.8249114859375
2 0.599729434375 0.880610246875 0.599439228125 0.8995326796875001 0.6130367171875 0.9231196875000001 0.6305946453125 0.985548403125 0.7086262999999999 0.973189403125 0.66968148125 0.9210122078125 0.6163019765625 0.8745533296874999 0.6040134953125 0.8730675484375 0.599729434375 0.880610246875
2 0.727846296875 0.547998778125 0.704421803125 0.47620297968749997 0.6846842515625 0.448440334375 0.6777654671875 0.42551156562500003 0.6660156265625 0.42050838749999997 0.6566437203125 0.437437134375 0.662418390625 0.5223246453125 0.67942096875 0.602001746875 0.694352528125 0.6270935015625 0.7042296593749999 0.63410933125 0.726685475 0.6236885078125 0.7333808859375 0.6106157624999999 0.7355354484375 0.5965461703125 0.727846296875 0.547998778125
2 0.6596750640625 0.58110459375 0.63888529375 0.5397802625 0.6164796031249999 0.509008125 0.611168384375 0.48239265781249996 0.5996920421875 0.472198034375 0.5932784812499999 0.47321384218749996 0.56573481875 0.4930207140625 0.5576886296875 0.5183196999999999 0.56618991875 0.5581582515625 0.600046890625 0.61972149375 0.63794784375 0.651471509375 0.680166275 0.648216853125 0.716211225 0.6682485312499999 0.7124908671875 0.6516773515625001 0.6596750640625 0.58110459375
2 0.58044300625 0.48211095156250006 0.590063346875 0.48058724062499997 0.6071411125 0.4984748984375 0.6111516765625 0.49612364375 0.611168384375 0.48239265781249996 0.5940822640625 0.47137049218750005 0.58369155625 0.4472755796875 0.573018996875 0.43523760625 0.52976505625 0.41119959218749996 0.49693524062499994 0.3837945140625 0.4622160046875 0.3721330765625 0.449628965625 0.39643521875 0.4493136953125 0.4359541328125 0.457848403125 0.44833070937499997 0.4968266375 0.4730459296875 0.4997515640625 0.4845949640625 0.5261928828125 0.49241936875 0.553156134375 0.5104573640625001 0.55956969375 0.5094415546875 0.58044300625 0.48211095156250006
2 0.5196394921875 0.3887787265625 0.48896423593750005 0.347304059375 0.4622661296875 0.3309401140625 0.454004921875 0.3133720921875 0.4443845796875 0.3148958046875 0.44572700468750004 0.30953505937500003 0.44092101093749997 0.3068641671875 0.43370366562499996 0.309723325 0.421158396875 0.29969800156250004 0.4136759078125 0.3008831109375 0.40026837656250003 0.34075959375 0.4037152375 0.3625222171875 0.414652940625 0.37623423906250003 0.4482948953125 0.3949304734375 0.458470584375 0.3761583765625 0.4699636359375 0.37262201250000004 0.5356399765625001 0.41370118125 0.5324582578125 0.39361260468750003 0.5196394921875 0.3887787265625
2 0.4730679765625 0.675869871875 0.48109745937500004 0.664301871875 0.4781975921875 0.63215635625 0.4832854375 0.6227703078125 0.4782393625 0.5978288890625 0.37594601562499996 0.5676974125 0.348444125 0.5531768171875 0.29687885 0.552763740625 0.28884936875 0.5643317421875 0.290697015625 0.5829155703125 0.305636928125 0.60114183125 0.3162927796875 0.6269107921875 0.36650727656250004 0.639550109375 0.3758624734375 0.6363523484375 0.3980113765625 0.6585849453125 0.43913581874999996 0.6760960703125 0.4730679765625 0.675869871875