2 0 0.144067796875 0.0129870125 0.15762711875 0.13095238125 0.14915254218750001 0.1428571421875 0.14237288125 0.1915584421875 0.0847457625 0.228354978125 0.0644067796875 0.2272727265625 0.0474576265625 0.2175324671875 0.0355932203125 0.1883116890625 0.0372881359375 0.1374458875 0.0152542375 0 0.0474576265625 0 0.074576271875 0.0054112546875 0.0932203390625 0 0.1 0 0.144067796875
2 0.024891774999999998 0.2101694921875 0 0.20677966093750003 0.0010822515625 0.3237288140625 0.0357142859375 0.2661016953125 0.0389610390625 0.2372881359375 0.024891774999999998 0.2101694921875
2 0.08333333281250001 0.1932203390625 0.0768398265625 0.22033898281250003 0.0573593078125 0.2508474578125 0.053030303125 0.27288135625 0.034632034374999995 0.31186440625 0.03138528125 0.33389830468750004 0.03138528125 0.35593220312499996 0.047619046875 0.38813559375 0.06926406874999999 0.39152542343749996 0.08766233749999999 0.3813559328125 0.1320346328125 0.30338983124999996 0.152597403125 0.2338983046875 0.1450216453125 0.1644067796875 0.1374458875 0.155932203125 0.128787878125 0.1644067796875 0.09307359375 0.1762711859375 0.08333333281250001 0.1932203390625
2 0.0043290046875000005 0.40847457656249997 0.0010822515625 0.41355932187500005 0 0.46101694843749996 0.016233765625 0.47118644062500004 0.090909090625 0.4627118640625 0.1374458875 0.4355932203125 0.1677489171875 0.42711864374999997 0.1677489171875 0.4101694921875 0.1634199140625 0.401694915625 0.1396103890625 0.4 0.10173160156250001 0.38474576250000003 0.0898268390625 0.39661016875 0.0454545453125 0.39661016875 0.0043290046875000005 0.40847457656249997
2 0.2380952375 0.328813559375 0.24242424218749997 0.3677966109375 0.258658009375 0.41355932187500005 0.34415584374999997 0.54237288125 0.3668831171875 0.5542372875 0.396103896875 0.5440677968750001 0.40584415625 0.528813559375 0.4101731609375 0.5050847453125 0.39393939375000003 0.4508474578125 0.29870129843750004 0.30677966093750003 0.259740259375 0.2932203390625 0.24458874531250002 0.27966101718749997 0.23268398281249997 0.286440678125 0.228354978125 0.3084745765625 0.2380952375 0.328813559375
2 0.1883116890625 0.240677965625 0.22294372343750002 0.3101694921875 0.234848484375 0.3186440671875 0.2521645015625 0.3 0.27272727343750003 0.301694915625 0.3041125546875 0.3220338984375 0.3419913421875 0.374576271875 0.3679653671875 0.38813559375 0.38095238125 0.3762711859375 0.3820346328125 0.3627118640625 0.377705628125 0.3525423734375 0.35606060624999997 0.34237288125 0.325757575 0.313559321875 0.30194805156250004 0.269491525 0.2878787875 0.255932203125 0.24350649375 0.1898305078125 0.221861471875 0.1813559328125 0.19696969687500002 0.20677966093750003 0.1883116890625 0.22711864375 0.1883116890625 0.240677965625
2 0.3138528140625 0.2949152546875 0.3290043296875 0.313559321875 0.3398268390625 0.31186440625 0.3517316015625 0.3 0.371212121875 0.24237288124999998 0.372294371875 0.201694915625 0.3679653671875 0.1932203390625 0.3582251078125 0.1898305078125 0.33441558437499996 0.2152542375 0.316017315625 0.2661016953125 0.3138528140625 0.2949152546875
2 0.33441558437499996 0.030508475 0.3950216453125 0.0322033890625 0.4199134203125 0.0152542375 0.440476190625 0.0203389828125 0.446969696875 0.001694915625 0.297619046875 0 0.29978355 0.028813559375 0.3116883109375 0.040677965625 0.33441558437499996 0.030508475
2 0.3452380953125 0.14915254218750001 0.3452380953125 0.1677966109375 0.35064934999999997 0.1796610171875 0.3668831171875 0.186440678125 0.38744588750000003 0.18474576250000002 0.40043290000000004 0.14237288125 0.4145021640625 0.12203389843750001 0.424242425 0.0627118640625 0.4145021640625 0.040677965625 0.40367965312500004 0.0372881359375 0.3831168828125 0.0474576265625 0.3603896109375 0.0847457625 0.3452380953125 0.14915254218750001
2 0.39935065000000003 0.1813559328125 0.40043290000000004 0.20508474531249998 0.415584415625 0.22711864375 0.43181818125 0.22881355937499998 0.44480519531249996 0.21355932187499999 0.45129870156249996 0.17796610156249998 0.4696969703125 0.130508475 0.47077922031249997 0.1084745765625 0.46536796562499994 0.08813559374999999 0.45562770625000004 0.0762711859375 0.4458874453125 0.0762711859375 0.428571428125 0.086440678125 0.4145021640625 0.144067796875 0.39935065000000003 0.1813559328125
2 0.54329004375 0 0.5389610390625 0.0355932203125 0.5422077921875 0.08813559374999999 0.559523809375 0.0915254234375 0.575757575 0.0847457625 0.5833333328125 0.0627118640625 0.5833333328125 0 0.54329004375 0
2 0.6038961031250001 0.1050847453125 0.6450216453125 0.2 0.6666666671875 0.21355932187499999 0.6796536796875 0.2338983046875 0.6915584421875 0.2338983046875 0.6948051953125 0.2084745765625 0.6883116890625 0.1932203390625 0.6893939390625 0.16610169531250002 0.64393939375 0.0627118640625 0.6352813859374999 0.050847457812499997 0.621212121875 0.0474576265625 0.6103896109375 0.0525423734375 0.6006493500000001 0.0677966109375 0.6038961031250001 0.1050847453125
2 0.5270562765625 0.2610169484375 0.5389610390625 0.2762711859375 0.5746753250000001 0.2915254234375 0.5887445890625 0.31186440625 0.6082251078125 0.3237288140625 0.621212121875 0.325423728125 0.6374458875 0.3101694921875 0.6428571421875 0.274576271875 0.6363636359375 0.25762711875 0.5627705625 0.2101694921875 0.541125540625 0.20338983124999999 0.5238095234375 0.2152542375 0.5173160171875 0.22711864375 0.5270562765625 0.2610169484375
4 0.6038961031250001 0.383050846875 0.615800865625 0.39152542343749996 0.6233766234375 0.39152542343749996 0.6233766234375 0.38474576250000003 0.6385281390624999 0.39152542343749996 0.6655844156249999 0.38813559375 0.6720779218749999 0.371186440625 0.6872294375 0.3610169484375 0.696969696875 0.33898305156249997 0.7240259734375 0.325423728125 0.7294372296875 0.3101694921875 0.7283549781249999 0.28813559375 0.7164502171875 0.274576271875 0.6980519484375 0.2661016953125 0.6136363640625 0.33050847499999997 0.6038961031250001 0.359322034375 0.6038961031250001 0.383050846875
2 0.69372294375 0.3949152546875 0.7218614718749999 0.4050847453125 0.7608225109375 0.4050847453125 0.816017315625 0.4237288140625 0.8452380953124999 0.4220338984375 0.852813853125 0.42711864374999997 0.8571428578125 0.42033898281250004 0.8582251078124999 0.3813559328125 0.8376623375 0.374576271875 0.8203463203125001 0.3508474578125 0.75649350625 0.34067796562499997 0.7229437234375 0.325423728125 0.702380953125 0.325423728125 0.6893939390625 0.34237288125 0.6893939390625 0.3813559328125 0.69372294375 0.3949152546875
2 0.7738095234375 0.344067796875 0.8073593078125001 0.3457627125 0.8322510828125 0.3627118640625 0.8409090906250001 0.3525423734375 0.8538961031250001 0.35762711875000003 0.8863636359375 0.3457627125 0.9080086578125 0.35593220312499996 0.9177489171875 0.3508474578125 0.9199134203125 0.3237288140625 0.9155844156249999 0.31186440625 0.86904761875 0.29830508437500003 0.8019480515625 0.3 0.7867965375 0.2949152546875 0.7748917750000001 0.301694915625 0.7683982687500001 0.325423728125 0.7738095234375 0.344067796875
2 0.7889610390625 0.47796610156249997 0.7954545453125 0.4932203390625 0.809523809375 0.49491525468750003 0.8376623375 0.525423728125 0.878787878125 0.5322033890625 0.9383116890625001 0.5627118640625 0.9632034624999999 0.5593220343749999 0.9696969703124999 0.5067796609374999 0.9675324671875 0.49152542343750005 0.9437229437499999 0.4796610171875 0.875541125 0.4661016953125 0.8571428578125 0.4525423734375 0.83116883125 0.4508474578125 0.8170995671875 0.46101694843749996 0.79437229375 0.4542372875 0.7889610390625 0.47796610156249997
2 1 0.5542372875 0.9870129875 0.5525423734375 0.98051948125 0.5644067796875001 0.9707792203125001 0.6118644062499999 0.971861471875 0.6474576265625 0.9891774890624999 0.744067796875 1 0.77288135625 1 0.5542372875
2 0.9025974031249999 0.62711864375 0.859307359375 0.6322033890625 0.816017315625 0.6491525421875 0.7510822515625 0.6847457625 0.7186147187499999 0.7118644062499999 0.7142857140625 0.7389830515625 0.7456709953125 0.7830508468749999 0.759740259375 0.7898305078125001 0.8917748921875001 0.75762711875 0.9145021640625 0.7322033890624999 0.9329004328125 0.67288135625 0.9577922078125001 0.6525423734375 0.9567099562499999 0.62711864375 0.9372294374999999 0.6237288140625 0.925324675 0.6338983046875 0.9101731609374999 0.6338983046875 0.9025974031249999 0.62711864375
2 0.7283549781249999 0.6372881359375 0.702380953125 0.6813559328125 0.70021645 0.7 0.703463203125 0.7084745765625 0.708874459375 0.7169491531250001 0.7207792203125 0.713559321875 0.7575757578125 0.6847457625 0.7878787875000001 0.6762711859375 0.8582251078124999 0.6338983046875 0.8647186140625 0.6084745765624999 0.8614718609375001 0.5762711859375 0.8517316015624999 0.5542372875 0.8344155843750001 0.5491525421875 0.8192640687500001 0.555932203125 0.7716450218750001 0.6067796609375 0.7283549781249999 0.6372881359375
2 0.758658009375 1 0.76948051875 0.9915254234375 0.7846320343750001 0.9627118640625 0.79978355 0.8949152546875 0.7987012984375 0.8762711859375001 0.7857142859375 0.8457627125 0.753246753125 0.8 0.7370129875 0.7677966109375001 0.6764069265625 0.6847457625 0.6374458875 0.6677966109375 0.60606060625 0.6661016953125001 0.5735930734375 0.64237288125 0.553030303125 0.671186440625 0.5573593078125 0.7084745765625 0.566017315625 0.7237288140625 0.5627705625 0.7830508468749999 0.5833333328125 0.85762711875 0.609307359375 0.9084745765625 0.6764069265625 1 0.758658009375 1
2 0.6320346328124999 1 0.6017316015625 0.9423728812500001 0.55627705625 0.8881355937500001 0.54437229375 0.8847457625 0.5389610390625 0.8915254234375001 0.5357142859375 0.9101694921875 0.5454545453125 0.9355932203125 0.553030303125 1 0.6320346328124999 1
2 0.6612554109375 0.6288135593749999 0.6720779218749999 0.655932203125 0.68073593125 0.6644067796875001 0.7045454546875 0.65762711875 0.7132034625 0.6457627125000001 0.7175324671875 0.6322033890625 0.7175324671875 0.583050846875 0.70562770625 0.5084745765625 0.690476190625 0.47796610156249997 0.6872294375 0.4542372875 0.6764069265625 0.4474576265625 0.6645021640625 0.4627118640625 0.65692640625 0.5474576265625 0.6612554109375 0.6288135593749999
2 0.55627705625 0.5677966109375 0.5800865796875 0.6338983046875 0.6125541125 0.671186440625 0.6547619046875 0.674576271875 0.6872294375 0.7 0.6861471859375 0.683050846875 0.6450216453125 0.6050847453125 0.63095238125 0.5610169484374999 0.6136363640625 0.52711864375 0.6125541125 0.5 0.602813853125 0.48813559375000004 0.596320346875 0.48813559375000004 0.566017315625 0.50338983125 0.5541125546875 0.52711864375 0.55627705625 0.5677966109375
2 0.4664502171875 0.44237288125 0.5010822515625 0.47288135625 0.5021645015625 0.48474576249999995 0.5270562765625 0.49661016875 0.5508658015625 0.5186440671875 0.5573593078125 0.5186440671875 0.5822510828125 0.49491525468750003 0.5919913421875 0.49491525468750003 0.60606060625 0.5152542375 0.6103896109375 0.5135593218750001 0.6125541125 0.5 0.5974025968750001 0.48644067812499997 0.5909090906250001 0.46101694843749996 0.5822510828125 0.4474576265625 0.54329004375 0.416949153125 0.5151515156250001 0.38474576250000003 0.4826839828125 0.3677966109375 0.4664502171875 0.3898305078125 0.459956709375 0.428813559375 0.4664502171875 0.44237288125
2 0.435064934375 0.3644067796875 0.46536796562499994 0.38813559375 0.47835497812499994 0.371186440625 0.490259740625 0.36949152500000004 0.5487012984375 0.42033898281250004 0.5487012984375 0.4 0.5367965375 0.3932203390625 0.5129870125 0.3474576265625 0.4891774890625 0.32711864375 0.483766234375 0.3084745765625 0.47402597343749997 0.3084745765625 0.4761904765625 0.30338983124999996 0.47186147187499994 0.3 0.46428571406249997 0.301694915625 0.453463203125 0.28983050781249997 0.4458874453125 0.28983050781249997 0.4264069265625 0.32711864375 0.4264069265625 0.3491525421875 0.435064934375 0.3644067796875
2 0.29220779218750004 0.569491525 0.29870129843750004 0.5966101687500001 0.346320346875 0.616949153125 0.35606060624999997 0.6152542375000001 0.374458875 0.640677965625 0.4123376625 0.6644067796875001 0.4458874453125 0.669491525 0.45562770625000004 0.6593220343749999 0.45779220781249996 0.62711864375 0.46428571406249997 0.6186440671875 0.4632034625 0.5932203390625 0.3668831171875 0.5474576265625 0.3419913421875 0.528813559375 0.291125540625 0.5203389828125 0.28138528125 0.530508475 0.2803030296875 0.5491525421875 0.29220779218750004 0.569491525