2 0.345703125 0.7243107765625 0.34765625 0.7468671671875 0.3583984375 0.754385965625 0.380859375 0.8020050124999999 0.408203125 0.81704260625 0.4296875 0.8220551374999999 0.4501953125 0.812030075 0.478515625 0.81704260625 0.482421875 0.809523809375 0.490234375 0.8220551374999999 0.498046875 0.80701754375 0.5048828125 0.7218045109375 0.498046875 0.7067669171875 0.3896484375 0.6766917296875 0.365234375 0.7017543859375001 0.349609375 0.7042606515625 0.345703125 0.7243107765625
2 0.0830078125 0.8370927312499999 0.078125 0.8771929828125 0.0888671875 0.8922305765624999 0.1513671875 0.8947368421874999 0.2431640625 0.8696741859375001 0.2578125 0.8546365921874999 0.2841796875 0.80701754375 0.28125 0.7568922312499999 0.255859375 0.7493734328125 0.2373046875 0.7619047625 0.1396484375 0.7794486218750001 0.0830078125 0.8370927312499999
2 0 0.8421052625 0.01953125 0.8320802 0.06640625 0.784461153125 0.107421875 0.7293233078125 0.1103515625 0.6992481203125 0.107421875 0.6842105265625 0.0966796875 0.6516290734375 0.0849609375 0.646616540625 0.0234375 0.7042606515625 0.0009765625 0.7393483703125 0 0.8421052625
2 0.025390625 0.58897243125 0.0244140625 0.61904761875 0.0302734375 0.62907268125 0.046875 0.6265664156249999 0.052734375 0.6541353390625 0.0791015625 0.644110275 0.154296875 0.5563909781249999 0.1591796875 0.4987468671875 0.15234375 0.4987468671875 0.1103515625 0.5238095234375 0.0546875 0.5388471171875 0.025390625 0.58897243125
2 0.28125 0.789473684375 0.2841796875 0.8045112781249999 0.3017578125 0.8045112781249999 0.3154296875 0.81704260625 0.322265625 0.79197995 0.318359375 0.78696741875 0.3134765625 0.79699248125 0.3125 0.784461153125 0.3154296875 0.77694235625 0.3212890625 0.7819548875 0.3251953125 0.7393483703125 0.326171875 0.5939849625 0.3173828125 0.56892230625 0.30859375 0.5639097750000001 0.2998046875 0.5714285718750001 0.2890625 0.60902255625 0.28125 0.789473684375
2 0.30078125 1 0.3212890625 0.9398496234374999 0.326171875 0.9072681703125 0.326171875 0.8621553890625 0.3232421875 0.839598996875 0.3125 0.812030075 0.2919921875 0.799498746875 0.255859375 0.8471177937500001 0.19921875 0.9498746859375 0.1806640625 1 0.30078125 1
2 0.408203125 1 0.439453125 0.9197994984375001 0.439453125 0.9097744359375 0.4501953125 0.9047619046875001 0.4541015625 0.8897243109374999 0.4609375 0.844611528125 0.458984375 0.82706766875 0.4375 0.814536340625 0.4208984375 0.829573934375 0.3642578125 0.9298245609375 0.3046875 1 0.408203125 1
2 0.61328125 1 0.6083984375 0.9373433578125001 0.59765625 0.8997493734375 0.58203125 0.8771929828125 0.564453125 0.8671679203125 0.5478515625 0.839598996875 0.5419921875 0.814536340625 0.5107421875 0.8020050124999999 0.490234375 0.8195488718749999 0.4892578125 0.844611528125 0.484375 0.8471177937500001 0.48828125 0.8847117796875 0.490234375 0.8997493734375 0.5029296875 0.9223057640625001 0.505859375 0.9423558890624999 0.5107421875 0.9423558890624999 0.533203125 1 0.61328125 1
2 0.546875 0.834586465625 0.560546875 0.8596491234375 0.5771484375 0.8721804515624999 0.591796875 0.8621553890625 0.6015625 0.82706766875 0.595703125 0.759398496875 0.5654296875 0.6867167921874999 0.5419921875 0.6791979953125 0.5322265625 0.6942355890624999 0.5283203125 0.7368421046875 0.546875 0.834586465625
2 0.4951171875 0.7017543859375001 0.505859375 0.7243107765625 0.5048828125 0.759398496875 0.5107421875 0.79699248125 0.5263671875 0.80701754375 0.5322265625 0.7794486218750001 0.53125 0.6942355890624999 0.525390625 0.6491228062500001 0.509765625 0.6390977437500001 0.498046875 0.6165413531249999 0.501953125 0.586466165625 0.5224609375 0.5939849625 0.5224609375 0.586466165625 0.5146484375 0.5538847125 0.5009765625 0.5488721796875 0.490234375 0.5739348375 0.4970703125 0.6691729328125 0.4951171875 0.7017543859375001
2 0.4892578125 0.57894736875 0.49609375 0.5588972437499999 0.509765625 0.551378446875 0.51953125 0.56892230625 0.5234375 0.591478696875 0.5380859375 0.5939849625 0.5458984375 0.576441103125 0.541015625 0.5488721796875 0.505859375 0.5288220546875 0.4912109375 0.5062656640625 0.466796875 0.5012531328125001 0.4580078125 0.5538847125 0.462890625 0.5714285718750001 0.4892578125 0.57894736875
2 0.625 0.79699248125 0.6064453125 0.809523809375 0.6044921875 0.844611528125 0.6103515625 0.8671679203125 0.6435546875 0.8596491234375 0.65625 0.8872180453125 0.6923828125 0.9122807015625 0.6953125 0.8997493734375 0.708984375 0.8897243109374999 0.7099609375 0.8796992484375 0.716796875 0.8972431078125 0.7255859375 0.8947368421874999 0.736328125 0.8746867171874999 0.7333984375 0.8646616546875 0.7421875 0.839598996875 0.76953125 0.8596491234375 0.7998046875 0.8521303265625001 0.802734375 0.8245614031249999 0.7939453125 0.764411028125 0.77734375 0.7318295734375 0.7607421875 0.7268170421875 0.662109375 0.7318295734375 0.638671875 0.759398496875 0.625 0.79699248125
2 0.71484375 0.551378446875 0.7138671875 0.57894736875 0.7177734375 0.601503759375 0.728515625 0.621553884375 0.7548828125 0.60902255625 0.80078125 0.606516290625 0.8115234375 0.5739348375 0.822265625 0.5588972437499999 0.8212890625 0.5313283203125 0.80859375 0.5162907265625 0.75 0.5363408515625 0.7216796875 0.5363408515625 0.71484375 0.551378446875
2 0.826171875 0.5588972437499999 0.8330078125 0.5588972437499999 0.8447265625 0.5363408515625 0.8642578125 0.47869674218749997 0.8642578125 0.44360902187500006 0.845703125 0.42355889687500003 0.8173828125 0.5012531328125001 0.81640625 0.5213032578125001 0.826171875 0.5588972437499999
2 0.89453125 0.6365914781249999 0.888671875 0.6591478703125 0.888671875 0.6867167921874999 0.9013671875 0.7067669171875 0.9111328125 0.6842105265625 0.9150390625 0.6992481203125 0.9248046875 0.7092731828125001 0.927734375 0.6641604015625 0.9248046875 0.6140350875 0.916015625 0.58897243125 0.9013671875 0.57894736875 0.892578125 0.586466165625 0.888671875 0.601503759375 0.89453125 0.6365914781249999
2 0.736328125 0.7067669171875 0.7216796875 0.7293233078125 0.7744140625 0.7318295734375 0.7880859375 0.7468671671875 0.8134765625 0.7192982453125001 0.8212890625 0.6867167921874999 0.81640625 0.6741854640625 0.81640625 0.6541353390625 0.7939453125 0.644110275 0.7744140625 0.6541353390625 0.7548828125 0.7017543859375001 0.736328125 0.7067669171875
4 0.55859375 0.48370927343750003 0.58203125 0.5087719296875 0.5927734375 0.5012531328125001 0.5986328125 0.5112781953125001 0.6123046875 0.5112781953125001 0.6259765625 0.49373433593750005 0.6220703125 0.4736842109375 0.6123046875 0.4586466171875 0.5693359375 0.438596490625 0.5478515625 0.438596490625 0.5302734375 0.44360902187500006 0.5283203125 0.4686716796875 0.55859375 0.48370927343750003
2 0.384765625 0.56892230625 0.3828125 0.5839599 0.3779296875 0.586466165625 0.380859375 0.601503759375 0.4091796875 0.6165413531249999 0.4091796875 0.596491228125 0.3994140625 0.5488721796875 0.3779296875 0.49624060156249994 0.3662109375 0.49373433593750005 0.361328125 0.5062656640625 0.373046875 0.5238095234375 0.384765625 0.56892230625
2 0.162109375 0.5639097750000001 0.14453125 0.601503759375 0.13671875 0.6390977437500001 0.1357421875 0.6691729328125 0.142578125 0.6842105265625 0.1826171875 0.6716791984375 0.177734375 0.6516290734375 0.19140625 0.604010025 0.1865234375 0.5538847125 0.1904296875 0.5438596484375 0.1923828125 0.5012531328125001 0.1865234375 0.48370927343750003 0.1748046875 0.48120300781249997 0.166015625 0.49624060156249994 0.1572265625 0.5413533828125 0.162109375 0.5639097750000001
2 0.0888671875 0.49624060156249994 0.1005859375 0.49373433593750005 0.1181640625 0.4736842109375 0.1181640625 0.448621553125 0.123046875 0.428571428125 0.162109375 0.4160401 0.158203125 0.398496240625 0.142578125 0.39097744375 0.08203125 0.44110275625 0.080078125 0.48120300781249997 0.0888671875 0.49624060156249994
2 0.0712890625 0.3659147875 0.072265625 0.38095238125 0.0732421875 0.38095238125 0.0732421875 0.40100250624999995 0.076171875 0.40100250624999995 0.076171875 0.403508771875 0.0771484375 0.40100250624999995 0.0986328125 0.398496240625 0.0986328125 0.395989975 0.126953125 0.398496240625 0.126953125 0.395989975 0.1298828125 0.395989975 0.13671875 0.3859649125 0.13671875 0.37593985 0.134765625 0.37092731875 0.1318359375 0.37092731875 0.1298828125 0.3659147875 0.1240234375 0.363408521875 0.1240234375 0.36090225625 0.1005859375 0.353383459375 0.1005859375 0.35087719375000004 0.0947265625 0.3483709265625 0.0947265625 0.3458646609375 0.091796875 0.3458646609375 0.091796875 0.3433583953125 0.078125 0.3408521296875 0.0751953125 0.3483709265625 0.0751953125 0.358395990625 0.0712890625 0.3659147875
2 0.1025390625 0.3308270671875 0.1015625 0.3308270671875 0.1015625 0.3358395984375 0.099609375 0.3383458640625 0.099609375 0.3433583953125 0.0986328125 0.3433583953125 0.0986328125 0.35087719375000004 0.1015625 0.35087719375000004 0.1015625 0.353383459375 0.107421875 0.353383459375 0.107421875 0.355889725 0.1142578125 0.355889725 0.1142578125 0.358395990625 0.119140625 0.358395990625 0.119140625 0.36090225625 0.1240234375 0.36090225625 0.1240234375 0.363408521875 0.13671875 0.363408521875 0.13671875 0.36090225625 0.1455078125 0.36090225625 0.1455078125 0.358395990625 0.146484375 0.358395990625 0.146484375 0.353383459375 0.14453125 0.353383459375 0.14453125 0.35087719375000004 0.140625 0.35087719375000004 0.140625 0.3483709265625 0.1376953125 0.3483709265625 0.1376953125 0.3458646609375 0.1298828125 0.3433583953125 0.1298828125 0.3408521296875 0.125 0.3383458640625 0.125 0.3358395984375 0.123046875 0.3358395984375 0.123046875 0.3333333328125 0.1171875 0.3308270671875 0.1171875 0.3283208015625 0.115234375 0.3283208015625 0.115234375 0.3258145359375 0.11328125 0.3258145359375 0.11328125 0.3233082703125 0.1044921875 0.32080200468750003 0.103515625 0.3258145359375 0.1025390625 0.3258145359375 0.1025390625 0.3308270671875
2 0.0888671875 0.403508771875 0.0791015625 0.40100250624999995 0.0791015625 0.403508771875 0.068359375 0.403508771875 0.068359375 0.4060150375 0.06640625 0.4060150375 0.064453125 0.41102756874999996 0.064453125 0.4160401 0.0673828125 0.42105263125 0.0673828125 0.44110275625 0.068359375 0.44360902187500006 0.0810546875 0.44360902187500006 0.0830078125 0.438596490625 0.0849609375 0.438596490625 0.0849609375 0.43609022499999994 0.0869140625 0.43609022499999994 0.0869140625 0.43358395937500005 0.1025390625 0.428571428125 0.1044921875 0.42355889687500003 0.1103515625 0.42105263125 0.1123046875 0.4160401 0.1142578125 0.4160401 0.1142578125 0.413533834375 0.1162109375 0.413533834375 0.1162109375 0.41102756874999996 0.1220703125 0.408521303125 0.1220703125 0.403508771875 0.123046875 0.403508771875 0.123046875 0.40100250624999995 0.1201171875 0.40100250624999995 0.1201171875 0.398496240625 0.1044921875 0.398496240625 0.1044921875 0.40100250624999995 0.0888671875 0.40100250624999995 0.0888671875 0.403508771875
2 0.2197265625 0.42355889687500003 0.2177734375 0.42355889687500003 0.2177734375 0.42606516250000004 0.2158203125 0.42606516250000004 0.21484375 0.43107769375 0.203125 0.44360902187500006 0.2021484375 0.448621553125 0.1904296875 0.46115288281250005 0.189453125 0.4686716796875 0.1943359375 0.47117794531249996 0.1943359375 0.4686716796875 0.201171875 0.4661654140625 0.201171875 0.4636591484375 0.208984375 0.46115288281250005 0.2109375 0.4561403515625 0.2373046875 0.4561403515625 0.2421875 0.44360902187500006 0.25 0.44110275625 0.25 0.43358395937500005 0.248046875 0.43107769375 0.2470703125 0.42105263125 0.244140625 0.413533834375 0.2421875 0.413533834375 0.2421875 0.41102756874999996 0.23046875 0.41102756874999996 0.23046875 0.413533834375 0.2236328125 0.4160401 0.2197265625 0.42355889687500003
2 0.2890625 0.3433583953125 0.2880859375 0.3433583953125 0.2880859375 0.358395990625 0.2861328125 0.36090225625 0.2861328125 0.37092731875 0.2890625 0.37593985 0.2890625 0.37844611562499997 0.291015625 0.37844611562499997 0.2919921875 0.383458646875 0.294921875 0.383458646875 0.294921875 0.3859649125 0.2998046875 0.3859649125 0.2998046875 0.383458646875 0.3017578125 0.383458646875 0.3017578125 0.38095238125 0.310546875 0.38095238125 0.310546875 0.37844611562499997 0.3125 0.37844611562499997 0.3125 0.37593985 0.3232421875 0.37343358437499996 0.3232421875 0.37092731875 0.3271484375 0.37092731875 0.3271484375 0.368421053125 0.337890625 0.368421053125 0.337890625 0.36090225625 0.3330078125 0.358395990625 0.3330078125 0.355889725 0.318359375 0.35087719375000004 0.318359375 0.3483709265625 0.3125 0.3483709265625 0.3125 0.3458646609375 0.3037109375 0.3458646609375 0.3037109375 0.3433583953125 0.30078125 0.3433583953125 0.30078125 0.3408521296875 0.2919921875 0.3383458640625 0.2919921875 0.3408521296875 0.2890625 0.3408521296875 0.2890625 0.3433583953125
2 0.333984375 0.413533834375 0.33203125 0.413533834375 0.33203125 0.4160401 0.330078125 0.4160401 0.330078125 0.41854636562499997 0.328125 0.41854636562499997 0.328125 0.42105263125 0.326171875 0.42105263125 0.3251953125 0.42606516250000004 0.32421875 0.42606516250000004 0.32421875 0.428571428125 0.3232421875 0.428571428125 0.3232421875 0.43609022499999994 0.326171875 0.43609022499999994 0.326171875 0.4536340859375 0.3251953125 0.4536340859375 0.3251953125 0.46115288281250005 0.32421875 0.46115288281250005 0.32421875 0.47117794531249996 0.333984375 0.47117794531249996 0.333984375 0.4686716796875 0.337890625 0.4686716796875 0.337890625 0.4661654140625 0.345703125 0.4661654140625 0.345703125 0.4636591484375 0.34765625 0.4636591484375 0.34765625 0.46115288281250005 0.349609375 0.46115288281250005 0.349609375 0.4586466171875 0.3505859375 0.4586466171875 0.3505859375 0.4536340859375 0.3515625 0.4536340859375 0.3515625 0.45112782031250004 0.3505859375 0.45112782031250004 0.3505859375 0.43609022499999994 0.349609375 0.43609022499999994 0.349609375 0.428571428125 0.3486328125 0.428571428125 0.3486328125 0.42355889687500003 0.34765625 0.42355889687500003 0.34765625 0.41854636562499997 0.345703125 0.4160401 0.345703125 0.413533834375 0.34375 0.413533834375 0.34375 0.41102756874999996 0.337890625 0.408521303125 0.337890625 0.41102756874999996 0.333984375 0.41102756874999996 0.333984375 0.413533834375
4 0.3876953125 0.5162907265625 0.3876953125 0.5213032578125001 0.40234375 0.5588972437499999 0.4091796875 0.5588972437499999 0.4150390625 0.5639097750000001 0.4248046875 0.5639097750000001 0.4267578125 0.5438596484375 0.431640625 0.5313283203125 0.443359375 0.5313283203125 0.4482421875 0.5388471171875 0.45703125 0.5413533828125 0.458984375 0.5388471171875 0.4609375 0.5263157890625 0.4609375 0.5137844609375 0.4580078125 0.5087719296875 0.4150390625 0.5037593984375001 0.4033203125 0.5162907265625 0.3896484375 0.5137844609375 0.3876953125 0.5162907265625
2 0.466796875 0.58897243125 0.466796875 0.5939849625 0.46484375 0.596491228125 0.4619140625 0.6165413531249999 0.4609375 0.6165413531249999 0.4609375 0.621553884375 0.4599609375 0.621553884375 0.4580078125 0.6591478703125 0.458984375 0.6591478703125 0.458984375 0.6641604015625 0.4609375 0.6691729328125 0.46484375 0.6691729328125 0.46484375 0.6716791984375 0.470703125 0.6741854640625 0.47265625 0.6791979953125 0.47265625 0.6842105265625 0.4736328125 0.6842105265625 0.4736328125 0.6917293234375 0.4755859375 0.6967418546874999 0.482421875 0.6967418546874999 0.4833984375 0.6892230578125 0.484375 0.6892230578125 0.4853515625 0.6766917296875 0.4873046875 0.6741854640625 0.48828125 0.6641604015625 0.4892578125 0.6641604015625 0.490234375 0.606516290625 0.4892578125 0.606516290625 0.4892578125 0.591478696875 0.4873046875 0.586466165625 0.4873046875 0.5814536343750001 0.4833984375 0.57894736875 0.4833984375 0.576441103125 0.4736328125 0.576441103125 0.4736328125 0.57894736875 0.4697265625 0.5814536343750001 0.466796875 0.58897243125
4 0.57421875 0.551378446875 0.5703125 0.5588972437499999 0.5703125 0.576441103125 0.5751953125 0.5814536343750001 0.591796875 0.5814536343750001 0.60546875 0.5714285718750001 0.6220703125 0.5739348375 0.623046875 0.566416040625 0.6259765625 0.566416040625 0.6279296875 0.58897243125 0.6318359375 0.59899749375 0.6396484375 0.57894736875 0.6533203125 0.5814536343750001 0.6640625 0.591478696875 0.66796875 0.5739348375 0.66796875 0.5463659140625 0.6640625 0.5363408515625 0.607421875 0.5313283203125 0.6044921875 0.5413533828125 0.599609375 0.5463659140625 0.57421875 0.551378446875
4 0.634765625 0.3859649125 0.642578125 0.40100250624999995 0.6591796875 0.41102756874999996 0.6689453125 0.43358395937500005 0.6875 0.4536340859375 0.73046875 0.4636591484375 0.7392578125 0.44611528749999996 0.740234375 0.4060150375 0.7373046875 0.388471178125 0.73046875 0.37092731875 0.6982421875 0.3358395984375 0.6728515625 0.3308270671875 0.63671875 0.36090225625 0.6337890625 0.37593985 0.634765625 0.3859649125
2 1 0.9223057640625001 0.9892578125 0.8972431078125 0.9404296875 0.8521303265625001 0.9150390625 0.8521303265625001 0.89453125 0.8370927312499999 0.888671875 0.8571428578125 0.892578125 0.8822055140625 0.9150390625 0.9122807015625 0.931640625 0.952380953125 0.9619140625 0.9699248125000001 0.9755859375 1 1 1 1 0.9223057640625001
2 0.3232421875 0.6766917296875 0.337890625 0.6791979953125 0.34765625 0.7042606515625 0.353515625 0.7042606515625 0.3876953125 0.6766917296875 0.4130859375 0.6716791984375 0.40625 0.6140350875 0.38671875 0.606516290625 0.33984375 0.6165413531249999 0.32421875 0.6491228062500001 0.3232421875 0.6766917296875
2 0.0205078125 0.58897243125 0.046875 0.5463659140625 0.076171875 0.5288220546875 0.0732421875 0.5087719296875 0.0400390625 0.5037593984375001 0.0009765625 0.5162907265625 0.0009765625 0.58897243125 0.0205078125 0.58897243125