2 1 0.70465386875 0.9896347703125 0.6985763234375 0.9727249890625 0.700158828125 0.9583926593750001 0.73968405625 0.9090935874999999 0.7968006296875 0.9042597109375 0.8096193953125 0.91434331875 0.9274581312500001 0.9297673203124999 0.93816410625 0.97329256875 0.9312703843750001 0.9791422546874999 0.924865178125 0.9984032890625001 0.9272932375 1 0.9270403437500001 1 0.70465386875
2 0.803648915625 0.9219798296875 0.7521489265625 0.9652003546874999 0.8678275421875 0.947974403125 0.8605855140625 0.9239193734375 0.831599828125 0.914265615625 0.803648915625 0.9219798296875
2 0.6816871828125 0.8887010796875 0.6745210187499999 0.9084636953125 0.6812551421874999 0.9293119437499999 0.7156015765625 0.9403081249999999 0.7373642 0.9368612640625 0.758618921875 0.9302076234375001 0.7942439015625 0.9059375749999999 0.8153293203124999 0.8982150062500001 0.8424147609375 0.8742017484375 0.8681837218749999 0.8635458968749999 0.8834004890625 0.8512741234375 0.8895318812499999 0.8141435390625 0.896547709375 0.8042664078125 0.886992359375 0.7981096359375 0.8171712812499999 0.80149801875 0.7517520359375001 0.832678496875 0.6816871828125 0.8887010796875
2 0.6239595859375 0.8167593640625 0.620329784375 0.8480150296875 0.600824975 0.898221171875 0.604136528125 0.9733028359375 0.6167203375 0.987745878125 0.66342438125 0.9792529421875 0.6679386203125001 0.9752507328125001 0.67322350625 0.9327755124999999 0.66628215 0.888949515625 0.6761381703125 0.87533531875 0.655146190625 0.8403091703125 0.6497475109375 0.8170579234374999 0.640700065625 0.8141079328125 0.6239595859375 0.8167593640625
2 0.5090298703125 0.5895163515624999 0.486270403125 0.5975040625 0.47272768281250005 0.6095106921875 0.46725453124999994 0.6399625734375001 0.482528196875 0.660554034375 0.6231306546875001 0.72484836875 0.670869471875 0.73372340625 0.7100497828125001 0.7319008203124999 0.731662071875 0.7383394437499999 0.752747490625 0.730616875 0.7575813671875 0.7177981078125 0.7418187640625 0.704954278125 0.7223315312499999 0.6685940593749999 0.5651389265625 0.597065671875 0.5090298703125 0.5895163515624999
2 0.7114028046875001 0.6429314640625 0.67820355 0.617508946875 0.6647732328125 0.5977212703125 0.654051740625 0.5950364218749999 0.6408286578125 0.59822649375 0.6311419375 0.61290961875 0.648597553125 0.636442715625 0.706418590625 0.6656357140625 0.7314169078125 0.693452871875 0.73630768125 0.7134973390625 0.7206019765625 0.7335167421875 0.7308345296875001 0.7439492203125 0.8048881437500001 0.7672840062499999 0.818280528125 0.7651628609375 0.8370146937499999 0.7534297296875 0.85823148125 0.7248672671875 0.846475215625 0.7048144468750001 0.7742459859374999 0.6713290328125 0.758652684375 0.6595541296875 0.7114028046875001 0.6429314640625
2 0.7207319562500001 0.615156075 0.710875934375 0.628770271875 0.7108949 0.6397246828125 0.731679646875 0.6517730828125 0.7597998609375 0.6451277953125001 0.8071431796875 0.6190017453125 0.8285292703125 0.5915082093749999 0.8236574609374999 0.5824181546875 0.814610015625 0.5794681640625 0.7746021640625 0.586900525 0.7207319562500001 0.615156075
2 1 0.4746751578125 0.9830671687500001 0.4837554578125 0.9913060390625 0.5032696375000001 0.9784594906249999 0.530506384375 0.9896144140625 0.5901011406250001 0.98312545625 0.6141394625000001 0.9967061062499999 0.6240416546875001 1 0.62377061875 1 0.4746751578125
2 0.8687998609375001 0.54239605625 0.8289802765625 0.5618517562500001 0.8305229546874999 0.5824265078125 0.8397586671875 0.5973998375 0.8523235093749999 0.60088846875 0.8707380390624999 0.59797189375 0.9319816453125 0.5729314796875 0.9652553734374999 0.5446508671875 0.9720829343749999 0.5227504 0.9670418265625 0.51259141875 0.9437554890625 0.5064179375 0.8866875203125 0.525318290625 0.8687998609375001 0.54239605625
2 0.869682909375 0.472128740625 0.8256876890625 0.49772450468749996 0.7915484875 0.5097060703125 0.778513671875 0.52491948125 0.782727240625 0.5406882390625001 0.806860084375 0.552206353125 0.8304660578125 0.549563275 0.8649248953124999 0.5287651515625 0.9196416109375001 0.5058542359375 0.926977078125 0.4871605484375 0.925453365625 0.47754020625000004 0.912211315625 0.46977586875000005 0.8912762328125 0.467612953125 0.869682909375 0.472128740625
2 0.9001909187500001 0.39388206718749996 0.9525943124999999 0.388869409375 0.987072115625 0.3790256953125 0.980807965625 0.33947540625 0.9188681875 0.34928570312499996 0.8982906734375 0.3602150515625 0.8941340015625 0.377309525 0.9001909187500001 0.39388206718749996
2 0.77354425625 0.266015828125 0.757462015625 0.26198855625 0.7328592 0.26917248437499997 0.7347215140625 0.280930678125 0.7568417078125 0.29057608125 0.77362011875 0.309833471875 0.8738002609375 0.3356046734375 0.9111372203125001 0.3329783046875 0.924679940625 0.3209716734375 0.9280090718749999 0.3094869765625 0.9224600578125 0.29612121406249997 0.9093873109375 0.289425803125 0.8001597234375 0.2607046125 0.77354425625 0.266015828125
2 0.6659921046874999 0.334550265625 0.6534651953124999 0.3529704546875 0.6571708578125001 0.365532434375 0.6719366203125 0.3829171125 0.6942261140625 0.39363144375000003 0.7148794921875 0.42651973906249996 0.7318082390625 0.4358916453125 0.7668129125 0.44020912343749996 0.7775154390625 0.4319395609375 0.786524953125 0.4129807296875 0.776442734375 0.3926627671875 0.7180568968750001 0.3273997546875 0.7003006078125 0.3236376265625 0.6659921046874999 0.334550265625
4 0.6373815656249999 0.2514224125 0.6282217140624999 0.28026672656249996 0.607982803125 0.293333928125 0.6003087328125 0.3098897625 0.5845840609375 0.3189547546875 0.5854684984375 0.34620820937499996 0.5945349109375 0.3601126125 0.58783871875 0.3611731859375 0.589023828125 0.3686556734375 0.5992563843750001 0.37908815156250003 0.6226930546875 0.3753761484375 0.649628159375 0.36124837187500003 0.700036478125 0.26779664375 0.6887881140625 0.250950603125 0.673533415625 0.24131355625 0.6516014890624999 0.24369148906250002 0.6373815656249999 0.2514224125
2 0.5710575265625 0.146874253125 0.561144609375 0.1276252171875 0.52281080625 0.134792434375 0.51679181875 0.140128715625 0.5229990734375 0.14681577343750002 0.5258961609374999 0.1759419390625 0.5529450609375 0.2275406296875 0.559039909375 0.26602199375 0.5734860328125 0.29222323125 0.587555621875 0.29437779375 0.6260587281250001 0.2882795 0.6407675921875 0.272800946875 0.637550865625 0.2524913375 0.617236090625 0.221740896875 0.597203021875 0.1602650765625 0.5710575265625 0.146874253125
2 0.6084120640624999 0.057681521874999996 0.5819658984375 0.0640616671875 0.5784674671875 0.0744774375 0.5918977812499999 0.0942651140625 0.5852584875 0.1281889203125 0.592312246875 0.1402206109375 0.5836223703125001 0.15036288281250001 0.6042567812499999 0.1722967671875 0.611179171875 0.2051683546875 0.630440209375 0.2075964140625 0.6528610718750001 0.1974708484375 0.6576949484375 0.18465208125000002 0.6503025859375 0.1704825375 0.64147995 0.103943934375 0.62080760625 0.0601012265625 0.6084120640624999 0.057681521874999996
2 0.4352320484375 0.036897917187500004 0.41982701406249995 0.0371463515625 0.36894733281250003 0.0517793515625 0.36949316875 0.07689495156250001 0.408937609375 0.1309133484375 0.422067253125 0.17047199375 0.45660195156250005 0.19349151250000002 0.46047691874999996 0.2071224171875 0.476559159375 0.21114968906249998 0.49914932500000003 0.2020930515625 0.4888978046875 0.1807061625 0.4967411734375 0.1652192546875 0.49100389218749996 0.13983015468749999 0.4747333859375 0.123779546875 0.450675015625 0.05855830468749999 0.4352320484375 0.036897917187500004
2 0.3612163671875 0.0354719515625 0.37191889375 0.0272023890625 0.36821323125 0.0146404109375 0.1522610328125 0.048843878125000004 0.18241286406249999 0.055025712500000004 0.28054242500000004 0.05701538125 0.315866734375 0.0525163015625 0.3612163671875 0.0354719515625
2 0.2058129953125 0.1269256578125 0.184257603125 0.1533502671875 0.1731054578125 0.2887970546875 0.18200256875 0.3016325296875 0.2304375546875 0.325737684375 0.2565451203125 0.3172196859375 0.278250846875 0.2809095921875 0.3032477734375 0.21120597968750002 0.3132162 0.1657974765625 0.3114662890625 0.1222449765625 0.3035849859375 0.11582306093750001 0.3012147671875 0.1008580875 0.3093967390625 0.0875090328125 0.3030012203125 0.06879863750000001 0.277721196875 0.0717068578125 0.261526553125 0.0994738921875 0.2058129953125 0.1269256578125
2 0.311711453125 0.167131546875 0.280864840625 0.2432403671875 0.2772350390625 0.27449603125 0.25453246875 0.3153469765625 0.2530466859375 0.32763545625 0.262263434375 0.331654375 0.271141578125 0.3335354390625 0.289217503125 0.3284810109375 0.32867952031250003 0.295933046875 0.3520403296875 0.24840339843749998 0.39481251093749997 0.19341632656250002 0.399138484375 0.17739077812499998 0.39140751875 0.1610833796875 0.36812118125 0.1549099 0.33580636406250003 0.1567408390625 0.311711453125 0.167131546875
2 0 0.41502278437499995 0.07945498437500001 0.45593789687499997 0.13373965937500001 0.47363784531249997 0.2106145 0.4822811546875 0.268698275 0.46979436406249997 0.28511911875 0.4759594890625 0.32262538125 0.474402046875 0.347867471875 0.44958500468749996 0.31935175781249997 0.42122920625000004 0.31276797031250003 0.390495471875 0.289932640625 0.354665540625 0.198423409375 0.3077976546875 0.164076978125 0.2968014734375 0.11379863906250001 0.2718925359375 0.081634159375 0.2638379921875 0.063050328125 0.2656856390625 0 0.29064613906250003 0 0.41502278437499995
2 0 0.5257541906250001 0.062658996875 0.5232468671875 0.08929342968750001 0.5288900609375 0.1072000546875 0.52276670625 0.11304974062499999 0.5163615 0.107839328125 0.5051335921875 0.047159134375 0.4687232484375 0 0.45272636093749996 0 0.5257541906250001
2 0.383942071875 0.2981377328125 0.335394678125 0.305826884375 0.3226794984375 0.3122237375 0.3123155734375 0.322631153125 0.3093440125 0.34720811406249996 0.3190686640625 0.35443381406249996 0.3475464453125 0.360880790625 0.4285779578125 0.3524296265625 0.5110952484375 0.33168998125 0.5242993671875 0.317545496875 0.5159101609375 0.3079168015625 0.49196558437500004 0.3084220265625 0.4594625 0.298229628125 0.383942071875 0.2981377328125
2 0.41924880625 0.3802050140625 0.3735226390625 0.37320268749999996 0.290082978125 0.34478005624999997 0.2731731953125 0.3463625609375 0.30336295625 0.3744532171875 0.31331380625 0.415611075 0.3552219046875 0.441845728125 0.42423440625 0.455021534375 0.4647501625 0.4507959515625 0.48632452031250006 0.435325753125 0.49665051406250005 0.40300951406249996 0.49563470625 0.39659595468750003 0.48239265781249996 0.388831615625 0.45543858750000005 0.392004978125 0.41924880625 0.3802050140625
2 0.524281790625 0.40411185781250003 0.4981552609375 0.40167544531250005 0.48239265781249996 0.388831615625 0.46933887656250006 0.3930906140625 0.4683420328125 0.3976314640625 0.49063152656250003 0.40834579375 0.4921552390625 0.417966134375 0.4726125 0.4462634546875 0.4736283078125 0.45267701562499996 0.4991155625 0.47274654531250004 0.5147278296875 0.49547585781250003 0.5266154671875001 0.4946887828125 0.562165975 0.5241218625 0.57657416875 0.528414278125 0.6140614656250001 0.5159024234375 0.6332845671875 0.49642166249999997 0.611465046875 0.46700528906249994 0.5752562984375 0.4442509140625 0.5390285859375 0.4105421265625 0.524281790625 0.40411185781250003
2 0.6979142015625001 0.4927597828125 0.6932306609375 0.495693065625 0.6917069484375 0.4860727234375 0.6724459140625 0.48364466562499997 0.6486327078125 0.4633099953125 0.5997087796875 0.44695247031249996 0.591150271875 0.4362548484375 0.571061696875 0.43943656718749996 0.6304254109375 0.48920431718749996 0.630613678125 0.50122765625 0.6159048140625 0.5167062078125 0.6440819249999999 0.5429241546875 0.66050276875 0.5490892796875 0.6822653921875 0.54564241875 0.7160470250000001 0.5205685875 0.714861915625 0.5130861 0.701450565625 0.504252834375 0.701939503125 0.496505203125 0.6979142015625001 0.4927597828125
2 0.3884035828125 0.5538346046875 0.38104915156249997 0.56157388125 0.349580840625 0.5687494546874999 0.341060265625 0.5799606546875 0.35133075156250004 0.6123019546874999 0.380692971875 0.6460023875 0.40868181562499994 0.6601969953125 0.40853147968750003 0.6700824796875 0.43606931718749997 0.713933540625 0.46386989375 0.7161048109375 0.4858207859375 0.7246812874999999 0.5040660109374999 0.7206957859374999 0.5125865875 0.7094845859375 0.49625918281250003 0.6605707421875 0.4739507234375 0.6389020015625 0.4136836046875 0.5509263843750001 0.3884035828125 0.5538346046875