1 0.6040723984375 0.7672583828125 0.6334841625000001 0.804733728125 0.708144796875 0.8224852078125 0.72171945625 0.8145956609375 0.73076923125 0.790927021875 0.7375565609375 0.6785009859375 0.7239819 0.6548323468749999 0.6674208140625 0.642998028125 0.6266968328125 0.6686390531249999 0.613122171875 0.69033530625 0.6040723984375 0.7672583828125
1 0.73076923125 0.4773175546875 0.9638009046875 0.4911242609375 0.9886877828125 0.4615384609375 0.9841628953124999 0.42998027656250004 0.95927601875 0.412228796875 0.7398190046875001 0.40039447656249993 0.7285067875 0.4063116375 0.7194570140625001 0.451676528125 0.73076923125 0.4773175546875
1 0.3325791859375 0.5562130171875 0.26696832656249997 0.5719921109375 0.248868778125 0.5838264296875 0.255656109375 0.627218934375 0.27375565625 0.6469428015625 0.3054298640625 0.6508875734374999 0.404977375 0.615384615625 0.5045248875 0.613412228125 0.5113122171875 0.601577909375 0.5090497734375 0.5522682453125001 0.4909502265625 0.5345167656250001 0.4660633484375 0.5345167656250001 0.3959276015625 0.5502958578125 0.339366515625 0.546351084375 0.3325791859375 0.5562130171875
2 0.30995475156249996 0.8205128203125 0.3235294125 0.91913215 0.34162895937500004 0.938856015625 0.41176470624999995 0.9487179484375 0.41176470624999995 0.9349112421875001 0.4253393671875 0.91913215 0.4253393671875 0.8954635109375 0.391402715625 0.7435897437500001 0.35972850625 0.6863905328125 0.343891403125 0.6745562125 0.31674208125000003 0.6725838265624999 0.298642534375 0.6863905328125 0.2873303171875 0.7751479296875 0.30995475156249996 0.8205128203125
2 0.45701357500000006 0.8284023671874999 0.45022624375 0.893491125 0.47285067812500003 0.9428007890625001 0.4705882359375 0.966469428125 0.5113122171875 0.9723865875 0.5520361984375 0.899408284375 0.5520361984375 0.7928994078125 0.5610859734375 0.7297830375000001 0.5520361984375 0.7140039453125 0.4841628953125 0.7061143984375 0.47511312187500004 0.7199211046875 0.481900453125 0.8145956609375 0.45701357500000006 0.8284023671874999
2 0.063348415625 0.7041420125 0.0837104078125 0.71597633125 0.10180995468750001 0.710059171875 0.110859728125 0.68836291875 0.14027149375 0.6587771203125 0.14027149375 0.621301775 0.160633484375 0.5443786984375001 0.160633484375 0.49704142031250004 0.10180995468750001 0.48520709999999995 0.08597285 0.49901380624999997 0.04977375625 0.6311637078125 0.063348415625 0.7041420125
1 0 0.424063115625 0.04977375625 0.45562130156249997 0.06787330312499999 0.44575936875 0.095022625 0.4023668640625 0.15837104062500001 0.33727810625 0.1877828046875 0.31952662656249997 0.18552036249999998 0.27810650937500003 0.153846153125 0.25246548281250003 0.1334841625 0.250493096875 0.0995475109375 0.2721893484375 0 0.3806706109375 0 0.424063115625
1 0.5995475109374999 0.2268244578125 0.6266968328125 0.23471400468749998 0.6742081453125001 0.22879684375 0.77828054375 0.1380670609375 0.7850678734375001 0.11045364843750001 0.7760181 0.088757396875 0.755656109375 0.072978303125 0.7330316734375 0.0710059171875 0.5995475109374999 0.1794871796875 0.58823529375 0.21696252500000002 0.5995475109374999 0.2268244578125
2 0.7669683265625 0.276134121875 0.7873303171875 0.3293885609375 0.8054298640625 0.3510848125 0.8235294124999999 0.358974359375 0.8891402718749999 0.358974359375 0.9027149328125 0.3353057203125 0.8755656109375 0.2445759375 0.846153846875 0.1913214984375 0.82126696875 0.1735700203125 0.798642534375 0.169625246875 0.7873303171875 0.17554240625 0.7669683265625 0.21696252500000002 0.7669683265625 0.276134121875
4 1 0.5226824453125001 0.981900453125 0.5226824453125001 0.9185520359374999 0.532544378125 0.9095022625 0.546351084375 0.8981900453125 0.546351084375 0.8891402718749999 0.6390532546875 0.86877828125 0.7179487171875001 0.8710407234374999 0.7475345171875001 0.8914027156250001 0.7613412234375 0.9140271500000001 0.75739645 0.9524886875 0.7278106515625 0.9886877828125 0.6706114390625 1 0.6232741625 1 0.5226824453125001
2 0.7375565609375 0.60749506875 0.73076923125 0.7869822484375 0.7579185515625 0.8126232734375 0.7873303171875 0.8145956609375 0.800904978125 0.788954634375 0.837104071875 0.7593688359375 0.85972850625 0.71597633125 0.8800904984375 0.5443786984375001 0.85972850625 0.4871794875 0.7579185515625 0.4871794875 0.7420814484375 0.5029585796875 0.73076923125 0.540433925 0.7375565609375 0.60749506875
2 0.54524886875 0.60749506875 0.5678733031250001 0.6923076921875 0.6266968328125 0.7061143984375 0.6470588234375 0.6923076921875 0.6945701359374999 0.6804733734374999 0.6832579187500001 0.6390532546875 0.6334841625000001 0.5483234718750001 0.5791855203125 0.50098619375 0.5610859734375 0.4950690328125 0.5429864249999999 0.5049309671875 0.5113122171875 0.56607495 0.54524886875 0.60749506875
2 0.6334841625000001 0.5443786984375001 0.6674208140625 0.629191321875 0.6968325796875 0.6489151875 0.7330316734375 0.656804734375 0.7398190046875001 0.5719921109375 0.7285067875 0.5088757390625 0.73076923125 0.40828402343750003 0.7149321265624999 0.40039447656249993 0.6651583703124999 0.398422090625 0.6447963796875 0.40433925000000004 0.6289592765625 0.43589743593749997 0.6334841625000001 0.5443786984375001
2 0.36199095 0.6745562125 0.4027149328125 0.6923076921875 0.4683257921875 0.7061143984375 0.58597285 0.7001972390625 0.5520361984375 0.627218934375 0.5045248875 0.613412228125 0.45927601874999996 0.6114398421875 0.3710407234375 0.627218934375 0.35972850625 0.6489151875 0.36199095 0.6745562125
2 0.1651583703125 0.5266272187500001 0.153846153125 0.6035502953125 0.13800905000000002 0.6232741625 0.1493212671875 0.6449704140625 0.1696832578125 0.6449704140625 0.1945701359375 0.6193293890625 0.2420814484375 0.6035502953125 0.248868778125 0.5838264296875 0.2850678734375 0.5641025640625 0.291855203125 0.5167652859375 0.3280542984375 0.4773175546875 0.3348416296875 0.4418145953125 0.3054298640625 0.41814595624999995 0.27149321249999997 0.4161735703125 0.253393665625 0.424063115625 0.22850678750000003 0.47337278125 0.1651583703125 0.5266272187500001
2 0.31674208125000003 0.5483234718750001 0.34162895937500004 0.560157790625 0.391402715625 0.5581854046875 0.4524886875 0.5384615390625 0.520361990625 0.52859960625 0.5610859734375 0.5029585796875 0.5678733031250001 0.4871794875 0.5678733031250001 0.43589743593749997 0.5361990953125 0.4319526625 0.3710407234375 0.4773175546875 0.31447963749999996 0.520710059375 0.31674208125000003 0.5483234718750001
2 0.5384615390625 0.41814595624999995 0.5384615390625 0.45562130156249997 0.5746606328125 0.4635108484375 0.613122171875 0.459566075 0.6764705875 0.331360946875 0.6719457015625 0.2879684421875 0.6515837109375 0.27416173593750004 0.5972850671875001 0.303747534375 0.5746606328125 0.32544378749999997 0.5384615390625 0.41814595624999995
2 0.1447963796875 0.3510848125 0.070135746875 0.4418145953125 0.063348415625 0.467455621875 0.0837104078125 0.4871794875 0.1289592765625 0.48520709999999995 0.1493212671875 0.47337278125 0.208144796875 0.40433925000000004 0.2149321265625 0.378698225 0.23076923124999998 0.3688362921875 0.23076923124999998 0.3550295859375 0.1945701359375 0.3412228796875 0.1877828046875 0.3293885609375 0.18325791875 0.33925049375 0.15837104062500001 0.3412228796875 0.1447963796875 0.3510848125
2 0.1923076921875 0.2800788953125 0.1945701359375 0.3412228796875 0.22171945625 0.36489151875000003 0.2805429859375 0.357001971875 0.31447963749999996 0.3333333328125 0.32126696875 0.2248520703125 0.3054298640625 0.1913214984375 0.27828054375 0.1794871796875 0.253393665625 0.1893491125 0.22398189999999998 0.21696252500000002 0.1923076921875 0.2800788953125
2 0.2171945703125 0.3747534515625 0.2126696828125 0.40433925000000004 0.2398190046875 0.44378698281249995 0.27375565625 0.451676528125 0.294117646875 0.42998027656250004 0.343891403125 0.42011834375 0.41176470624999995 0.384615384375 0.382352940625 0.3353057203125 0.35972850625 0.31952662656249997 0.2850678734375 0.3550295859375 0.2398190046875 0.357001971875 0.2171945703125 0.3747534515625
2 0.4230769234375 0.31163708125 0.4683257921875 0.31952662656249997 0.4954751125 0.3076923078125 0.5384615390625 0.3136094671875 0.5904977375 0.3076923078125 0.6425339359375 0.2702169625 0.680995475 0.2603550296875 0.6764705875 0.2327416171875 0.6289592765625 0.2327416171875 0.5791855203125 0.2209072984375 0.4185520359375 0.250493096875 0.41402715 0.27416173593750004 0.4230769234375 0.31163708125
2 0.404977375 0.378698225 0.4954751125 0.3668639046875 0.54977375625 0.3688362921875 0.565610859375 0.3510848125 0.565610859375 0.32741617343749996 0.54524886875 0.3136094671875 0.404977375 0.2958579875 0.3800904984375 0.3076923078125 0.3778280546875 0.3333333328125 0.404977375 0.378698225
2 0.3325791859375 0.42998027656250004 0.339366515625 0.465483234375 0.3574660640625 0.48126232812499997 0.3733031671875 0.479289940625 0.4162895921875 0.465483234375 0.41402715 0.44575936875 0.44796380156250004 0.41814595624999995 0.5339366515624999 0.41814595624999995 0.5520361984375 0.39250493125 0.54977375625 0.378698225 0.5339366515624999 0.370808678125 0.4954751125 0.370808678125 0.4253393671875 0.3767258375 0.3484162890625 0.4161735703125 0.3325791859375 0.42998027656250004