2 1 0.805 0.996875 0.79625 0.983125 0.7775000000000001 0.961875 0.755 0.9481249999999999 0.735 0.9375 0.729375 0.9199999999999999 0.7268749999999999 0.905625 0.73125 0.8931250000000001 0.7424999999999999 0.8868750000000001 0.759375 0.8862500000000001 0.774375 0.8931250000000001 0.7875 0.915 0.8125 0.9512499999999999 0.868125 0.96125 0.8875 0.974375 0.89625 1 0.903125 1 0.805
2 0.8275 0.93 0.819375 0.94375 0.8168749999999999 0.9525 0.8175000000000001 0.9650000000000001 0.8306250000000001 1 0.9425000000000001 0.99875 0.9425000000000001 0.9925 0.936875 0.985 0.9256249999999999 0.9574999999999999 0.903125 0.93 0.8862500000000001 0.9168749999999999 0.86 0.915 0.846875 0.9168749999999999 0.835625 0.9225 0.8275 0.93
2 1 0.9724999999999999 0.9862500000000001 0.9625 0.968125 0.943125 0.9506249999999999 0.93125 0.9237500000000001 0.9225 0.9099999999999999 0.92125 0.903125 0.9243750000000001 0.905625 0.938125 0.9199999999999999 0.9668749999999999 0.9331250000000001 0.983125 0.945625 0.99375 0.95875 0.999375 1 1 1 0.9724999999999999
2 1 0.9018750000000001 0.990625 0.900625 0.9724999999999999 0.8931250000000001 0.9512499999999999 0.875 0.9412499999999999 0.869375 0.921875 0.86875 0.9075 0.871875 0.899375 0.8787499999999999 0.8956250000000001 0.91875 0.909375 0.9193749999999999 0.911875 0.9237500000000001 0.93625 0.9256249999999999 0.9475 0.93 0.969375 0.95 0.9775 0.963125 1 0.975 1 0.9018750000000001
2 0.74125 0.8400000000000001 0.74125 0.85 0.744375 0.858125 0.74125 0.8787499999999999 0.743125 0.8943749999999999 0.7474999999999999 0.9025000000000001 0.75625 0.9106249999999999 0.75875 0.9081250000000001 0.7775000000000001 0.905 0.781875 0.89875 0.783125 0.8881249999999999 0.786875 0.8862500000000001 0.7875 0.8825 0.79375 0.88125 0.79375 0.866875 0.7925 0.865625 0.790625 0.868125 0.79 0.865 0.79375 0.8425 0.7931250000000001 0.82875 0.7893749999999999 0.8231249999999999 0.779375 0.8168749999999999 0.76375 0.8150000000000001 0.751875 0.8175000000000001 0.746875 0.82125 0.74125 0.8400000000000001
2 0.7975 0.72 0.8 0.76625 0.798125 0.878125 0.8 0.884375 0.809375 0.8862500000000001 0.813125 0.88125 0.8150000000000001 0.8625 0.825 0.85 0.8643750000000001 0.8331250000000001 0.869375 0.829375 0.8706250000000001 0.825 0.8699999999999999 0.775625 0.86625 0.7675 0.866875 0.718125 0.8643750000000001 0.709375 0.85875 0.701875 0.8487500000000001 0.696875 0.8175000000000001 0.69375 0.80625 0.69875 0.7993750000000001 0.7112499999999999 0.7975 0.72
2 0.8168749999999999 0.85375 0.80375 0.8724999999999999 0.8025 0.8875 0.834375 0.903125 0.846875 0.906875 0.859375 0.906875 0.91625 0.8724999999999999 0.944375 0.8625 0.94375 0.8487500000000001 0.9400000000000001 0.8412499999999999 0.925 0.82 0.9099999999999999 0.8106249999999999 0.884375 0.825 0.83625 0.843125 0.8168749999999999 0.85375
2 0.8637499999999999 0.698125 0.8699999999999999 0.70875 0.885 0.718125 0.89125 0.719375 0.896875 0.7262500000000001 0.9018750000000001 0.728125 0.911875 0.7268749999999999 0.9199999999999999 0.713125 0.921875 0.694375 0.9193749999999999 0.685625 0.909375 0.6743750000000001 0.8887499999999999 0.673125 0.87625 0.6756249999999999 0.8643750000000001 0.6837500000000001 0.8637499999999999 0.698125
2 0.920625 0.684375 0.9193749999999999 0.725 0.934375 0.728125 0.94625 0.734375 0.974375 0.7693749999999999 0.983125 0.77625 0.98375 0.77 0.9887499999999999 0.76125 0.99125 0.7381249999999999 0.991875 0.68625 0.9893750000000001 0.6587500000000001 0.985625 0.6537499999999999 0.976875 0.651875 0.944375 0.655 0.928125 0.665625 0.920625 0.684375
2 0.711875 0.76875 0.71375 0.776875 0.724375 0.78125 0.733125 0.781875 0.743125 0.7893749999999999 0.76125 0.7931250000000001 0.774375 0.8018750000000001 0.79625 0.8025 0.8006249999999999 0.7993750000000001 0.80375 0.776875 0.8018750000000001 0.7537499999999999 0.798125 0.7474999999999999 0.779375 0.74375 0.716875 0.7462500000000001 0.704375 0.743125 0.701875 0.745 0.7 0.765 0.711875 0.76875
2 0.484375 1 0.49437499999999995 0.99125 0.514375 0.985625 0.5387500000000001 0.96875 0.564375 0.943125 0.5650000000000001 0.9324999999999999 0.5599999999999999 0.929375 0.5575 0.9225 0.565625 0.914375 0.563125 0.9087500000000001 0.5525 0.898125 0.545 0.8943749999999999 0.5387500000000001 0.8943749999999999 0.425625 0.9637499999999999 0.4225 0.98125 0.42750000000000005 0.9881249999999999 0.44000000000000006 1 0.484375 1
2 0.8400000000000001 0.5912499999999999 0.8543749999999999 0.6637500000000001 0.8637499999999999 0.670625 0.866875 0.6775 0.883125 0.671875 0.9025000000000001 0.671875 0.905625 0.6643749999999999 0.905625 0.646875 0.9 0.631875 0.898125 0.609375 0.890625 0.575 0.8793749999999999 0.559375 0.8631249999999999 0.5549999999999999 0.8481249999999999 0.560625 0.8400000000000001 0.57125 0.8400000000000001 0.5912499999999999
2 0.65125 0.499375 0.65 0.5131249999999999 0.658125 0.514375 0.666875 0.524375 0.680625 0.5325 0.7068749999999999 0.5375 0.7306250000000001 0.535625 0.735625 0.530625 0.7525000000000001 0.5275000000000001 0.771875 0.51625 0.785625 0.5118750000000001 0.7849999999999999 0.51 0.76125 0.50625 0.755 0.503125 0.72 0.500625 0.716875 0.49749999999999994 0.705 0.495 0.676875 0.49437499999999995 0.665 0.496875 0.661875 0.500625 0.65125 0.499375
2 0.8231249999999999 0.546875 0.83375 0.5425 0.835625 0.534375 0.860625 0.5337500000000001 0.859375 0.5118750000000001 0.850625 0.5025000000000001 0.85 0.49124999999999996 0.8462500000000001 0.48875 0.83625 0.488125 0.8256249999999999 0.503125 0.8231249999999999 0.510625 0.8231249999999999 0.546875
2 0.9425000000000001 0.5237499999999999 0.931875 0.5275000000000001 0.931875 0.540625 0.938125 0.54375 0.9475 0.541875 0.984375 0.5431250000000001 0.9806250000000001 0.50125 0.9737500000000001 0.50125 0.9625 0.5037499999999999 0.94625 0.516875 0.9425000000000001 0.5237499999999999
2 0.851875 0.476875 0.865625 0.490625 0.9 0.48687500000000006 0.905 0.48250000000000004 0.9012499999999999 0.475 0.8956250000000001 0.47437500000000005 0.8862500000000001 0.46687500000000004 0.859375 0.4625 0.8393750000000001 0.45625 0.819375 0.45625 0.8162499999999999 0.460625 0.8175000000000001 0.478125 0.851875 0.476875
2 0.8625 0.459375 0.868125 0.46312499999999995 0.8768750000000001 0.464375 0.911875 0.465625 0.9225 0.46375 0.929375 0.45875000000000005 0.929375 0.44875 0.9268750000000001 0.446875 0.91375 0.446875 0.905625 0.44125 0.89125 0.44125 0.8787499999999999 0.44875 0.8612500000000001 0.45499999999999996 0.8625 0.459375
2 0.7418750000000001 0.656875 0.7424999999999999 0.6693749999999999 0.7462500000000001 0.6799999999999999 0.754375 0.68875 0.7787499999999999 0.698125 0.79375 0.688125 0.8106249999999999 0.683125 0.796875 0.665 0.784375 0.6537499999999999 0.783125 0.6431250000000001 0.7675 0.6425 0.755 0.634375 0.745625 0.6331249999999999 0.7368750000000001 0.6381249999999999 0.735625 0.646875 0.7418750000000001 0.656875
4 0.765625 0.593125 0.748125 0.60625 0.7325 0.6068749999999999 0.724375 0.61 0.720625 0.615 0.721875 0.624375 0.7325 0.630625 0.7537499999999999 0.6325000000000001 0.770625 0.6425 0.7849999999999999 0.6425 0.798125 0.6375 0.8262499999999999 0.63625 0.846875 0.6425 0.8487500000000001 0.63625 0.8425 0.598125 0.8300000000000001 0.5962500000000001 0.811875 0.589375 0.795 0.58875 0.7787499999999999 0.589375 0.775625 0.5925 0.765625 0.593125
2 1 0.586875 0.9925 0.584375 0.9793749999999999 0.575 0.963125 0.575 0.9487500000000001 0.57875 0.9425000000000001 0.576875 0.9400000000000001 0.573125 0.934375 0.5725 0.9268750000000001 0.576875 0.9256249999999999 0.586875 0.934375 0.595625 0.9475 0.6212500000000001 0.9581250000000001 0.629375 0.975 0.63 0.9887499999999999 0.654375 0.9949999999999999 0.660625 1 0.66125 1 0.586875
2 1 0.571875 0.9956250000000001 0.5575 0.9868750000000001 0.546875 0.9481249999999999 0.5425 0.95 0.560625 0.9568749999999999 0.568125 0.9637499999999999 0.57375 0.9793749999999999 0.5743750000000001 0.98375 0.579375 1 0.5862499999999999 1 0.571875
4 0.688125 0.480625 0.691875 0.488125 0.7318749999999999 0.49000000000000005 0.7537499999999999 0.48375 0.7537499999999999 0.45625 0.75125 0.45187499999999997 0.733125 0.448125 0.701875 0.44749999999999995 0.69625 0.448125 0.68875 0.45375 0.688125 0.480625
4 0.47562499999999996 0.5287499999999999 0.489375 0.5325 0.50125 0.5325 0.50625 0.5287499999999999 0.501875 0.5225 0.504375 0.516875 0.51625 0.529375 0.5237499999999999 0.5325 0.5337500000000001 0.541875 0.560625 0.5525 0.5875 0.530625 0.614375 0.51375 0.6125 0.505625 0.59875 0.506875 0.57875 0.49874999999999997 0.5349999999999999 0.496875 0.48375 0.509375 0.47750000000000004 0.5193749999999999 0.47562499999999996 0.5287499999999999
2 0.5599999999999999 0.82 0.56125 0.846875 0.573125 0.871875 0.5875 0.8800000000000001 0.641875 0.883125 0.660625 0.8775000000000001 0.6693749999999999 0.8787499999999999 0.671875 0.875 0.685625 0.874375 0.68625 0.871875 0.659375 0.845 0.6487499999999999 0.8300000000000001 0.6487499999999999 0.821875 0.6575 0.796875 0.656875 0.786875 0.62 0.784375 0.5818749999999999 0.790625 0.5650000000000001 0.8006249999999999 0.5599999999999999 0.82
2 0.65 0.82125 0.65 0.8306250000000001 0.6525000000000001 0.835625 0.69875 0.8862500000000001 0.73875 0.88375 0.73875 0.8231249999999999 0.729375 0.81125 0.708125 0.79875 0.69375 0.784375 0.686875 0.780625 0.676875 0.780625 0.666875 0.784375 0.658125 0.795 0.65 0.82125
2 0.446875 0.775 0.46187500000000004 0.7893749999999999 0.51375 0.7993750000000001 0.5543750000000001 0.778125 0.578125 0.78 0.584375 0.788125 0.600625 0.7849999999999999 0.6012500000000001 0.7681250000000001 0.594375 0.76 0.5431250000000001 0.75625 0.5 0.744375 0.47750000000000004 0.74375 0.465 0.7462500000000001 0.446875 0.755625 0.446875 0.775
2 0.49749999999999994 0.74375 0.516875 0.749375 0.538125 0.7537499999999999 0.5549999999999999 0.7537499999999999 0.56125 0.756875 0.5900000000000001 0.756875 0.614375 0.765 0.621875 0.760625 0.6325000000000001 0.73875 0.630625 0.7275 0.62375 0.721875 0.584375 0.7125 0.571875 0.704375 0.49437499999999995 0.70125 0.49124999999999996 0.7025 0.491875 0.7381249999999999 0.49749999999999994 0.74375
2 0.573125 0.640625 0.58375 0.656875 0.595 0.6637500000000001 0.6012500000000001 0.6725 0.614375 0.680625 0.61875 0.6875 0.63 0.693125 0.6537499999999999 0.7112499999999999 0.6625 0.70875 0.671875 0.71 0.67625 0.71375 0.67875 0.720625 0.689375 0.718125 0.693125 0.7212500000000001 0.701875 0.721875 0.7075 0.7175 0.70875 0.708125 0.70125 0.70125 0.6975 0.67875 0.689375 0.66875 0.6224999999999999 0.625 0.595 0.61125 0.588125 0.610625 0.57625 0.6174999999999999 0.57125 0.6275000000000001 0.573125 0.640625
2 0.67625 0.639375 0.678125 0.660625 0.6975 0.678125 0.701875 0.676875 0.70375 0.6825 0.7150000000000001 0.6793750000000001 0.718125 0.66875 0.718125 0.660625 0.71 0.6537499999999999 0.7306250000000001 0.651875 0.734375 0.64125 0.735 0.631875 0.720625 0.624375 0.719375 0.615 0.7212500000000001 0.61 0.744375 0.6056250000000001 0.74875 0.595 0.748125 0.58125 0.7424999999999999 0.573125 0.7318749999999999 0.568125 0.7125 0.566875 0.7056250000000001 0.569375 0.6956249999999999 0.579375 0.67625 0.639375
4 0.609375 0.5596520046875 0.6 0.5659020046875 0.566875 0.5765270046875 0.5625 0.5815270046875 0.561875 0.6021520046875 0.5675 0.6159020046875 0.5743750000000001 0.6202770046875 0.58125 0.6134020046875001 0.5912499999999999 0.6109020046875 0.61875 0.6240270046874999 0.630625 0.6171520046875 0.634375 0.6127770046875 0.635 0.6052770046875 0.634375 0.6015270046875 0.62625 0.5990270046874999 0.626875 0.5852770046875 0.63375 0.5721520046874999 0.660625 0.5371520046875 0.660625 0.5352770046875001 0.656875 0.5352770046875001 0.63 0.5452770046875 0.6168750000000001 0.5577770046875 0.609375 0.5596520046875
2 0.8637499999999999 0.496875 0.860625 0.504375 0.8612500000000001 0.528125 0.88125 0.5287499999999999 0.8825 0.50875 0.8875 0.500625 0.8868750000000001 0.520625 0.890625 0.52125 0.9012499999999999 0.510625 0.9356249999999999 0.509375 0.9475 0.49749999999999994 0.960625 0.496875 0.96 0.49000000000000005 0.9556250000000001 0.488125 0.9225 0.488125 0.891875 0.49124999999999996 0.884375 0.495625 0.8637499999999999 0.496875
2 0.1775 0.569375 0.15125 0.608125 0.15 0.6174999999999999 0.16312500000000002 0.630625 0.166875 0.63125 0.1675 0.6375 0.169375 0.6375 0.168125 0.6275000000000001 0.174375 0.621875 0.176875 0.61375 0.200625 0.57875 0.210625 0.56875 0.224375 0.5675 0.23937499999999998 0.54375 0.240625 0.5349999999999999 0.236875 0.529375 0.216875 0.5181250000000001 0.210625 0.5181250000000001 0.198125 0.5287499999999999 0.195 0.5387500000000001 0.1775 0.569375
4 0 0.724375 0.008125 0.73625 0.019375 0.745 0.04375 0.7462500000000001 0.06 0.735625 0.061875 0.720625 0.07375000000000001 0.713125 0.14250000000000002 0.7075 0.148125 0.70375 0.15 0.6993750000000001 0.155 0.69875 0.15875 0.694375 0.15875 0.6799999999999999 0.14375 0.6799999999999999 0.133125 0.67375 0.105625 0.67375 0.07375000000000001 0.678125 0.0043749999999999995 0.69875 0 0.71 0 0.724375
4 0.063125 0.72 0.063125 0.7787499999999999 0.065625 0.781875 0.08 0.78625 0.08875 0.7943749999999999 0.095625 0.80625 0.1 0.8256249999999999 0.18062499999999998 0.819375 0.161875 0.80625 0.15562499999999999 0.798125 0.159375 0.776875 0.16375 0.7681250000000001 0.16999999999999998 0.76375 0.19125 0.76375 0.22875 0.7693749999999999 0.23374999999999999 0.764375 0.236875 0.75875 0.2375 0.748125 0.22999999999999998 0.714375 0.205625 0.6993750000000001 0.195625 0.6993750000000001 0.125 0.709375 0.076875 0.7125 0.063125 0.72
2 0.15562499999999999 0.7925 0.15687500000000001 0.8018750000000001 0.173125 0.81375 0.19 0.819375 0.20625 0.8087500000000001 0.226875 0.8081250000000001 0.238125 0.8150000000000001 0.24562499999999998 0.8375 0.2625 0.840625 0.301875 0.8425 0.3125 0.840625 0.325 0.834375 0.34249999999999997 0.834375 0.344375 0.825 0.34249999999999997 0.815625 0.336875 0.813125 0.335 0.8087500000000001 0.323125 0.798125 0.30874999999999997 0.7893749999999999 0.255 0.77625 0.2425 0.775625 0.215 0.766875 0.174375 0.7631249999999999 0.166875 0.765 0.1625 0.770625 0.15562499999999999 0.7925
2 0.095625 0.8550000000000001 0.08875 0.8618750000000001 0.08125 0.875625 0.08125 0.89125 0.08499999999999999 0.9012499999999999 0.09 0.90625 0.09875 0.9081250000000001 0.10124999999999999 0.89375 0.11187499999999999 0.8800000000000001 0.164375 0.8800000000000001 0.18125 0.883125 0.19 0.891875 0.195 0.905 0.20249999999999999 0.905625 0.205 0.9043749999999999 0.203125 0.891875 0.224375 0.8862500000000001 0.2425 0.8775000000000001 0.26437499999999997 0.85625 0.26437499999999997 0.844375 0.260625 0.8393750000000001 0.2475 0.8393750000000001 0.22937500000000002 0.8300000000000001 0.203125 0.829375 0.16312500000000002 0.8425 0.11750000000000001 0.8481249999999999 0.095625 0.8550000000000001
2 0.18562499999999998 0.9125 0.173125 0.9268750000000001 0.170625 0.9337500000000001 0.170625 0.9425000000000001 0.175 0.9556250000000001 0.18062499999999998 0.9625 0.19125 0.9675 0.210625 0.9675 0.22000000000000003 0.9650000000000001 0.22937500000000002 0.95875 0.230625 0.9512499999999999 0.289375 0.9425000000000001 0.31437499999999996 0.928125 0.31875 0.9168749999999999 0.32937500000000003 0.9043749999999999 0.32687499999999997 0.8949999999999999 0.315625 0.8931250000000001 0.30625 0.8949999999999999 0.289375 0.8862500000000001 0.275625 0.8856249999999999 0.25187499999999996 0.8949999999999999 0.20125 0.90625 0.18562499999999998 0.9125
2 0.34500000000000003 0.803125 0.34249999999999997 0.809375 0.344375 0.849375 0.349375 0.853125 0.41312499999999996 0.853125 0.416875 0.850625 0.418125 0.8324999999999999 0.425625 0.8225 0.45875000000000005 0.818125 0.473125 0.8106249999999999 0.4875 0.8074999999999999 0.491875 0.803125 0.490625 0.79875 0.479375 0.7931250000000001 0.459375 0.791875 0.44375 0.79625 0.38 0.798125 0.34500000000000003 0.803125
2 0.268125 0.74 0.265 0.745 0.26625 0.75625 0.27937500000000004 0.759375 0.29874999999999996 0.778125 0.328125 0.785625 0.351875 0.7875 0.36375 0.795 0.39187500000000003 0.7975 0.44125 0.7931250000000001 0.445 0.765625 0.4325 0.751875 0.395 0.74375 0.36124999999999996 0.740625 0.325625 0.7325 0.305 0.7318749999999999 0.28375 0.740625 0.274375 0.7381249999999999 0.268125 0.74
2 0.321875 0.6481250000000001 0.2925 0.675 0.285625 0.685625 0.2725 0.691875 0.23562500000000003 0.72375 0.23500000000000001 0.76625 0.24312499999999998 0.77125 0.26187499999999997 0.770625 0.2625 0.766875 0.26937500000000003 0.7625 0.265 0.750625 0.26625 0.743125 0.27375 0.739375 0.28500000000000003 0.740625 0.296875 0.73375 0.3025 0.728125 0.308125 0.713125 0.323125 0.704375 0.3275 0.68625 0.33125 0.681875 0.348125 0.68125 0.35750000000000004 0.6743750000000001 0.361875 0.655625 0.369375 0.6475 0.37 0.641875 0.366875 0.6368750000000001 0.35625 0.63625 0.350625 0.640625 0.33187500000000003 0.6431250000000001 0.321875 0.6481250000000001
2 0.088125 0.5875 0.0775 0.59875 0.07625 0.6174999999999999 0.1075 0.6224999999999999 0.12062500000000001 0.6125 0.1275 0.61125 0.13625 0.603125 0.141875 0.5900000000000001 0.138125 0.57625 0.13125 0.568125 0.114375 0.568125 0.10375000000000001 0.573125 0.1 0.58 0.088125 0.5875
4 0.349375 0.6068749999999999 0.34375 0.6131249999999999 0.34375 0.620625 0.34750000000000003 0.62625 0.35125 0.6275000000000001 0.351875 0.634375 0.354375 0.6368750000000001 0.3975 0.639375 0.41 0.635625 0.428125 0.6068749999999999 0.42374999999999996 0.605 0.39437500000000003 0.614375 0.36875 0.608125 0.349375 0.6068749999999999
2 0.40437500000000004 0.635 0.4 0.6368750000000001 0.368125 0.670625 0.39875 0.6725 0.4025 0.6681250000000001 0.40812499999999996 0.6681250000000001 0.41 0.6599999999999999 0.415625 0.655 0.42312500000000003 0.651875 0.45 0.65 0.47062499999999996 0.629375 0.485 0.609375 0.48250000000000004 0.596875 0.464375 0.5806250000000001 0.45999999999999996 0.579375 0.44875 0.585 0.40812499999999996 0.628125 0.40437500000000004 0.635
2 0.416875 0.6587500000000001 0.414375 0.6681250000000001 0.4 0.6693749999999999 0.399375 0.671875 0.406875 0.67625 0.464375 0.685625 0.500625 0.684375 0.5325 0.68625 0.5587500000000001 0.68125 0.561875 0.659375 0.55625 0.65 0.54875 0.6475 0.5175 0.6475 0.49749999999999994 0.650625 0.42750000000000005 0.653125 0.416875 0.6587500000000001
2 0.44625000000000004 0.561875 0.45562500000000006 0.57625 0.484375 0.595625 0.489375 0.6056250000000001 0.5175 0.625 0.5325 0.6431250000000001 0.5525 0.6443749999999999 0.566875 0.651875 0.573125 0.65125 0.57625 0.6443749999999999 0.5725 0.6375 0.5725 0.6224999999999999 0.565625 0.61125 0.5599999999999999 0.608125 0.5549999999999999 0.6012500000000001 0.5475 0.598125 0.5337500000000001 0.583125 0.526875 0.579375 0.515625 0.5662499999999999 0.505 0.5599999999999999 0.49000000000000005 0.5443749999999999 0.46687500000000004 0.54125 0.45125000000000004 0.5506249999999999 0.445625 0.556875 0.44625000000000004 0.561875
2 0.22999999999999998 0.559375 0.22875 0.5725 0.24500000000000002 0.573125 0.265 0.58 0.268125 0.585 0.27125 0.5856250000000001 0.28250000000000003 0.573125 0.315625 0.56375 0.336875 0.546875 0.336875 0.545 0.27749999999999997 0.5443749999999999 0.2575 0.55125 0.246875 0.56125 0.22999999999999998 0.559375
2 0.28250000000000003 0.573125 0.2725 0.585 0.271875 0.591875 0.288125 0.591875 0.316875 0.5856250000000001 0.335 0.57625 0.343125 0.5662499999999999 0.35 0.561875 0.38125 0.556875 0.39249999999999996 0.5525 0.395 0.54875 0.39437500000000003 0.5425 0.39 0.54125 0.385625 0.534375 0.356875 0.534375 0.34500000000000003 0.5393749999999999 0.315 0.56375 0.28250000000000003 0.573125
2 0.33999999999999997 0.5825 0.34375 0.588125 0.350625 0.59375 0.375625 0.5925 0.375625 0.5706249999999999 0.37374999999999997 0.5675 0.36625 0.563125 0.35375 0.5625 0.34500000000000003 0.5662499999999999 0.33999999999999997 0.573125 0.33999999999999997 0.5825
4 0.375625 0.58 0.379375 0.594375 0.39249999999999996 0.6131249999999999 0.429375 0.605 0.45562500000000006 0.58 0.44749999999999995 0.5675 0.445625 0.556875 0.45062499999999994 0.54875 0.4625 0.538125 0.46875 0.5349999999999999 0.47625 0.535625 0.49000000000000005 0.545 0.5037499999999999 0.5587500000000001 0.506875 0.558125 0.50875 0.5525 0.51625 0.54625 0.51625 0.53625 0.5075000000000001 0.5287499999999999 0.50125 0.531875 0.491875 0.5325 0.473125 0.528125 0.445625 0.528125 0.39437500000000003 0.5549999999999999 0.37687499999999996 0.56875 0.375625 0.58
4 0.23500000000000001 0.64375 0.215 0.6481250000000001 0.165625 0.665 0.15375 0.670625 0.14937499999999998 0.67625 0.15 0.67875 0.15875 0.6793750000000001 0.161875 0.683125 0.16125 0.69375 0.15687500000000001 0.7 0.16375 0.7025 0.178125 0.7025 0.195 0.69875 0.21749999999999997 0.6875 0.234375 0.673125 0.256875 0.6681250000000001 0.28125 0.65125 0.29625 0.645625 0.29500000000000004 0.64125 0.288125 0.64 0.28250000000000003 0.6425 0.25125000000000003 0.640625 0.23500000000000001 0.64375
2 0.42437500000000006 0.828125 0.41875 0.83375 0.4175 0.8400000000000001 0.42000000000000004 0.8625 0.42437500000000006 0.8675 0.4425 0.86875 0.45062499999999994 0.865625 0.50875 0.8618750000000001 0.5131249999999999 0.858125 0.5131249999999999 0.8525 0.531875 0.85375 0.54 0.8418749999999999 0.555625 0.8324999999999999 0.565625 0.79625 0.57375 0.79125 0.5806250000000001 0.7825 0.5806250000000001 0.78 0.5756249999999999 0.7787499999999999 0.558125 0.778125 0.5081249999999999 0.803125 0.47375 0.8106249999999999 0.42437500000000006 0.828125
2 0.334375 0.680625 0.3275 0.68625 0.3275 0.69625 0.34375 0.70875 0.34562499999999996 0.7162499999999999 0.354375 0.725625 0.366875 0.7268749999999999 0.378125 0.7325 0.39875 0.735 0.429375 0.74375 0.45187499999999997 0.746875 0.48125 0.7418750000000001 0.489375 0.734375 0.49312500000000004 0.71875 0.4925 0.70875 0.48624999999999996 0.698125 0.47750000000000004 0.6912499999999999 0.395625 0.6725 0.369375 0.67125 0.36 0.6725 0.34750000000000003 0.680625 0.334375 0.680625
3 0.32375 0.885 0.328125 0.9043749999999999 0.32687499999999997 0.9256249999999999 0.32999999999999996 0.936875 0.325 0.963125 0.32875 0.9724999999999999 0.34125 0.97 0.35562499999999997 0.9525 0.36375 0.9481249999999999 0.380625 0.9512499999999999 0.395625 0.95875 0.405625 0.9675 0.41937499999999994 0.9712500000000001 0.469375 0.936875 0.47437500000000005 0.9243750000000001 0.47375 0.9106249999999999 0.465625 0.900625 0.460625 0.8868750000000001 0.44375 0.8800000000000001 0.4175 0.8793749999999999 0.3675 0.858125 0.35 0.8574999999999999 0.340625 0.86 0.32437499999999997 0.874375 0.32375 0.885