2 0.2513084109375 0.7106363 0.3089196828125 0.6644818375 0.31867868593750004 0.6376163328125 0.319215809375 0.597562253125 0.308389965625 0.58468545625 0.2763106453125 0.5909210453125 0.2148228140625 0.6428227421875 0.20680298437500003 0.6443816390625 0.1734558640625 0.618404553125 0.183412121875 0.643934653125 0.20339409375 0.6525348234374999 0.1938360484375 0.6718707015625001 0.2027217625 0.7175837328125 0.2110083015625 0.7259604125 0.2513084109375 0.7106363
2 0.072205046875 0.64557628125 0.0944596140625 0.648740996875 0.0879122453125 0.615057709375 0.073611759375 0.592868896875 0.0045097171875 0.5713450078125 0.019942796875 0.6507413234375 0.0403266859375 0.64428224375 0.046340634375 0.658094378125 0.058036064062500003 0.6583178703125 0.072205046875 0.64557628125
2 0.0985445375 0.515613671875 0.09112387968749999 0.5545089187500001 0.1066227125 0.6513704390624999 0.12272812500000001 0.665717846875 0.1451836484375 0.661352934375 0.15353964375 0.6272695828125 0.1394401140625 0.59755114375 0.1272807171875 0.53499646875 0.1129802328125 0.51280765625 0.0985445375 0.515613671875
2 0.1652572953125 0.26794168749999997 0.200877009375 0.2884833171875 0.224399375 0.3238607078125 0.24070574531250002 0.3306784875 0.2626936 0.323907628125 0.250132284375 0.27641220781250003 0.1903873296875 0.24308206718749997 0.165860171875 0.24535280781250002 0.1652572953125 0.26794168749999997
2 0.250194334375 0.353802640625 0.23328508750000002 0.3695737375 0.20400807968749998 0.4501702515625 0.19839234687500001 0.48122409531250004 0.2030032859375 0.48781838281249995 0.24016121406250002 0.49058303125 0.2463103671875 0.4794003390625 0.2705087671875 0.3898035890625 0.26716933125 0.35549674531250003 0.250194334375 0.353802640625
2 0.2673045390625 0.33050191562500003 0.27906201875000003 0.4081158421875 0.28694664062499997 0.43155177343749995 0.3149484421875 0.438593046875 0.329051675 0.4083862546875 0.3117479171875 0.31936614375 0.3029937078125 0.3085835171875 0.2812068125 0.3078247515625 0.2673045390625 0.33050191562500003
2 0.466996453125 0.321647996875 0.40009755 0.3371486796875 0.3928120984375 0.3510491015625 0.3815843375 0.35323155625 0.3821177578125 0.3731027078125 0.408248884375 0.37052018593749997 0.4184061 0.3885206609375 0.5043516359375 0.37680824999999996 0.49292661875 0.32659509999999997 0.466996453125 0.321647996875
2 0.4097908 0.2928179734375 0.403641646875 0.3040006671875 0.4097213453125 0.335278003125 0.49426387343749995 0.316347746875 0.5139133828125 0.297547140625 0.515919265625 0.2821761078125 0.50896998125 0.2635520765625 0.4830398140625 0.258604971875 0.4097908 0.2928179734375
2 0.3619820625 0.6891235203125 0.390049615625 0.7136299984375001 0.48675524374999996 0.69732918125 0.49404069531249994 0.6834287609375 0.47827145 0.6365568984375 0.3694027203125 0.650228271875 0.35984467656249997 0.66956415 0.3619820625 0.6891235203125
2 0.55205018125 0.682140278125 0.5503804640625 0.66498685625 0.5320024578125 0.656074903125 0.4781288359375 0.7814021890625 0.4721111859375 0.8275152859375 0.48320374062499993 0.8503276578125 0.4932952046875 0.8508629296875 0.49483341875000003 0.8330859500000001 0.5163536046874999 0.8239091390625 0.56180548125 0.7152000046875 0.5633436953125 0.6974230234375 0.55205018125 0.682140278125
2 0.3990158953125 0.537107303125 0.39193140312499997 0.5434780984375001 0.39914739843749997 0.5720377062499999 0.43162493281250003 0.6106680984375 0.46383575468749993 0.6393629140625 0.48996687968749997 0.636780390625 0.497654246875 0.6078207171875001 0.48656169374999997 0.5850083453125 0.4292902890625 0.538713121875 0.3990158953125 0.537107303125
2 0.5865410046874999 0.585549171875 0.577052415625 0.562425021875 0.5580057828125 0.5586367484375 0.49785520625 0.6002910906250001 0.48401868593749997 0.6404334578124999 0.48796099687499994 0.6521514234375 0.5072743390625 0.665875271875 0.5269896015625 0.66453986875 0.565419034375 0.6395919625 0.5717691453125 0.6208796421875 0.5894127703125001 0.61745006875 0.5865410046874999 0.585549171875
2 0.6900644140625001 0.5529419875 0.662596034375 0.5657718640625 0.6483612984375 0.5610482515624999 0.6436151531250001 0.579448790625 0.597165890625 0.605955596875 0.5874068875 0.6328211015625 0.5777830921875 0.6346917765625 0.582258825 0.66628089375 0.6507616921875 0.6504684296875001 0.7072366671875 0.607031696875 0.7046316125 0.5850663765624999 0.6900644140625001 0.5529419875
2 0.5821347265625 0.5115000281250001 0.5808632234375 0.539212584375 0.62243113125 0.556101146875 0.6811092453125001 0.5496889859375 0.70536969375 0.53748266875 0.708511875 0.519393909375 0.6941456359375 0.47973989375 0.6226357953125 0.4886462890625 0.5821347265625 0.5115000281250001
2 0.73905298125 0.5309353015625 0.7143248640625 0.5407356703125 0.704902025 0.535076721875 0.703630521875 0.5627892765625 0.7220742796875 0.5891664296875 0.7721296875 0.6069020453125 0.8238548124999999 0.6417910828125 0.8386924234375 0.6239258140625 0.843171859375 0.5955897 0.8334823109375 0.579995175 0.774004065625 0.556600609375 0.73905298125 0.5309353015625
2 0.7759516046875 0.4039139125 0.764190421875 0.38622521875000004 0.700700409375 0.3935727171875 0.6711603937499999 0.40430842343749995 0.648770621875 0.42613853749999997 0.6527786859375 0.455321703125 0.667013421875 0.46004531562500006 0.675566671875 0.47835756875 0.7031008046875 0.48299289375 0.7331084890625 0.4746631375 0.7818303453125 0.44272087656250003 0.7759516046875 0.4039139125
2 0.5059556015625 0.3764964703125 0.47688325468750004 0.3896381265625 0.4557649875 0.3837556828125 0.452823765625 0.3943148171875 0.45997400937500005 0.405409225 0.49285346093750004 0.42898036250000005 0.5646957640625 0.44747474374999996 0.5770598234375 0.44257455781250005 0.5802020031249999 0.4244857984375 0.5644985078125 0.3950791375 0.5358280796875 0.393161540625 0.5059556015625 0.3764964703125
1 0.5086958640625 0.3734669625 0.5438479093749999 0.39160264375 0.6034613625 0.39000238125000003 0.59965425625 0.3532895875 0.5929716828125 0.3446011296875 0.5165841906249999 0.3369776625 0.5038182140624999 0.3569370984375 0.5086958640625 0.3734669625
2 0 0.3182464671875 0.022971990625 0.29809600468749997 0.0203669359375 0.276130684375 0.006534117187500001 0.2563478203125 0 0.2542340296875 0 0.3182464671875