2 0.1568627453125 0.55392156875 0.16176470625 0.580882353125 0.1797385625 0.5931372546875 0.1666666671875 0.6102941171875 0.1666666671875 0.6568627453125 0.17320261406249998 0.6666666671875 0.215686275 0.659313725 0.2810457515625 0.625 0.295751634375 0.6004901953124999 0.30392156875 0.561274509375 0.295751634375 0.546568628125 0.2630718953125 0.546568628125 0.1928104578125 0.5857843140625 0.18464052343749998 0.5857843140625 0.1568627453125 0.55392156875
2 0 0.5563725484375001 0.021241829687499998 0.55392156875 0.0245098046875 0.5686274515624999 0.0359477125 0.57107843125 0.052287581250000006 0.561274509375 0.0735294125 0.5686274515624999 0.0735294125 0.534313725 0.063725490625 0.509803921875 0 0.4754901953125 0 0.5563725484375001
2 0.098039215625 0.590686275 0.1209150328125 0.590686275 0.135620915625 0.5588235296875 0.12745097968750002 0.526960784375 0.12745097968750002 0.46323529375000005 0.117647059375 0.438725490625 0.10294117656249999 0.438725490625 0.08823529375 0.4754901953125 0.08496732031250001 0.5735294125 0.098039215625 0.590686275
2 0.2630718953125 0.27450980468749997 0.27777777812500004 0.28431372499999996 0.3006535953125 0.2818627453125 0.2973856203125 0.23284313750000002 0.2450980390625 0.188725490625 0.2205882359375 0.186274509375 0.215686275 0.20833333281250002 0.2467320265625 0.23529411718749998 0.2630718953125 0.27450980468749997
2 0.20751634062500002 0.4240196078125 0.2107843140625 0.43137254843750006 0.2467320265625 0.44117647031249996 0.2549019609375 0.43137254843750006 0.295751634375 0.348039215625 0.2990196078125 0.313725490625 0.2826797390625 0.30882352968750004 0.2630718953125 0.32107843125 0.2189542484375 0.39460784375 0.20751634062500002 0.4240196078125
2 0.30392156875 0.3921568625 0.330065359375 0.4044117640625 0.349673203125 0.37745097968749997 0.349673203125 0.28676470625 0.3431372546875 0.27450980468749997 0.321895425 0.26960784375 0.30392156875 0.2892156859375 0.3006535953125 0.367647059375 0.30392156875 0.3921568625
2 0.41176470624999995 0.3333333328125 0.40849673124999997 0.3529411765625 0.43464052343750004 0.35539215625 0.44117647031249996 0.375 0.527777778125 0.3799019609375 0.526143790625 0.328431371875 0.5016339875 0.3186274515625 0.43300653593750005 0.32107843125 0.4232026140625 0.3333333328125 0.41176470624999995 0.3333333328125
2 0.44281045781249995 0.32107843125 0.5294117640625 0.3186274515625 0.55228758125 0.30392156875 0.5571895421875 0.2892156859375 0.55392156875 0.26960784375 0.5294117640625 0.259803921875 0.4509803921875 0.2794117640625 0.44281045781249995 0.2892156859375 0.44281045781249995 0.32107843125
2 0.3513071890625 0.688725490625 0.44934640468750003 0.6911764703125 0.4591503265625 0.67892156875 0.4526143796875 0.6299019609375 0.3431372546875 0.6225490203125 0.330065359375 0.6397058828125 0.328431371875 0.659313725 0.3513071890625 0.688725490625
2 0.4166666671875 0.840686275 0.4264705875 0.8431372546875 0.43137254843750006 0.8259803921875 0.454248365625 0.8210784312499999 0.51960784375 0.723039215625 0.5245098046875001 0.705882353125 0.51633986875 0.688725490625 0.51797385625 0.671568628125 0.5016339875 0.659313725 0.42483660156249997 0.7720588234375 0.41013071874999996 0.8161764703125 0.4166666671875 0.840686275
2 0.41176470624999995 0.5955882359375 0.437908496875 0.6299019609375 0.46405228750000005 0.6323529406249999 0.4771241828125 0.60539215625 0.4705882359375 0.580882353125 0.4232026140625 0.5245098046875001 0.39379084999999997 0.5171568625 0.385620915625 0.5220588234375 0.38725490156250003 0.5514705875 0.41176470624999995 0.5955882359375
2 0.4591503265625 0.6470588234375 0.4754901953125 0.6642156859375 0.49509803906250005 0.6666666671875 0.5375816999999999 0.6495098046875001 0.5473856203125 0.6323529406249999 0.5653594765625 0.6323529406249999 0.5686274515624999 0.6004901953124999 0.563725490625 0.5759803921875 0.545751634375 0.5686274515624999 0.4787581703125 0.598039215625 0.45751634062499996 0.634803921875 0.4591503265625 0.6470588234375
2 0.560457515625 0.6470588234375 0.5506535953125 0.6470588234375 0.5490196078125 0.67892156875 0.6192810453125001 0.6764705875 0.6830065359375 0.64460784375 0.6846405234375 0.6225490203125 0.6764705875 0.58823529375 0.6470588234375 0.5955882359375 0.633986928125 0.58823529375 0.62581699375 0.60539215625 0.5751633984375 0.6225490203125 0.560457515625 0.6470588234375
2 0.6094771234375 0.578431371875 0.668300653125 0.5833333328125 0.6944444437499999 0.5759803921875 0.7009803921875 0.5588235296875 0.6944444437499999 0.5171568625 0.6225490203125 0.5122549015625 0.578431371875 0.526960784375 0.571895425 0.55392156875 0.6094771234375 0.578431371875
2 0.7467320265625 0.6568627453125 0.7908496734375 0.7009803921875 0.8088235296875 0.686274509375 0.8186274515624999 0.659313725 0.812091503125 0.6421568625 0.758169934375 0.6078431375 0.7287581703125 0.5759803921875 0.7026143796875 0.580882353125 0.6944444437499999 0.5735294125 0.687908496875 0.6004901953124999 0.7009803921875 0.6299019609375 0.7467320265625 0.6568627453125
2 0.65849673125 0.4852941171875 0.671568628125 0.49264705937500003 0.6764705875 0.5122549015625 0.7026143796875 0.5220588234375 0.73366013125 0.51960784375 0.7875816999999999 0.49754902031250003 0.7892156859375 0.4583333328125 0.7810457515625 0.438725490625 0.7173202609375 0.43382352968750004 0.686274509375 0.438725490625 0.66013071875 0.455882353125 0.65849673125 0.4852941171875
2 0.5065359484374999 0.42892156875 0.5735294125 0.4607843140625 0.5866013078125001 0.4583333328125 0.5931372546875 0.44117647031249996 0.5833333328125 0.40931372499999996 0.5555555562500001 0.40196078437500005 0.5294117640625 0.3799019609375 0.4983660125 0.38725490156250003 0.4787581703125 0.37745097968749997 0.47385620937499995 0.38725490156250003 0.4787581703125 0.39950980468749997 0.5065359484374999 0.42892156875
1 0.563725490625 0.40196078437500005 0.6225490203125 0.41176470624999995 0.62581699375 0.375 0.6209150328125 0.365196078125 0.5473856203125 0.3431372546875 0.5310457515625 0.3602941171875 0.5326797390625 0.37745097968749997 0.563725490625 0.40196078437500005
2 0.071895425 0.188725490625 0.062091503125 0.1666666671875 0 0.132352940625 0.0016339875000000001 0.2107843140625 0.0408496734375 0.2279411765625 0.0702614375 0.2107843140625 0.071895425 0.188725490625