2 0 0.9349999999999999 0.0142857140625 0.945 0.051428571874999995 0.945 0.0657142859375 0.925 0.12 0.915 0.1457142859375 0.8800000000000001 0.1371428578125 0.825 0.1242857140625 0.7975 0.0728571421875 0.8025 0.0057142859375 0.8425 0 0.8474999999999999 0 0.9349999999999999
2 0.22000000000000003 0.8775000000000001 0.23714285781250002 0.8800000000000001 0.2557142859375 0.82 0.27714285781250003 0.8175000000000001 0.3142857140625 0.865 0.40142857187500003 0.9324999999999999 0.411428571875 0.9324999999999999 0.4142857140625 0.865 0.428571428125 0.8474999999999999 0.43 0.7775000000000001 0.4157142859375 0.765 0.291428571875 0.7525000000000001 0.24 0.7275 0.2257142859375 0.735 0.1942857140625 0.7849999999999999 0.17285714218749998 0.79 0.17285714218749998 0.825 0.1957142859375 0.8300000000000001 0.2157142859375 0.8574999999999999 0.22000000000000003 0.8775000000000001
2 0.748571428125 1 0.7471428578125 0.9800000000000001 0.72 0.945 0.7028571421875001 0.8875 0.6857142859375001 0.8574999999999999 0.578571428125 0.7575000000000001 0.551428571875 0.7224999999999999 0.521428571875 0.7175 0.5128571421875 0.75 0.49000000000000005 0.7725 0.4957142859375 0.8324999999999999 0.5128571421875 0.86 0.548571428125 0.8875 0.5585714281249999 0.9125 0.5857142859375 0.9324999999999999 0.6 0.985 0.64 1 0.748571428125 1
2 0.9542857140625 1 0.9471428578125 0.9574999999999999 0.8871428578125 0.9175000000000001 0.7971428578124999 0.9075 0.7857142859375 0.93 0.7828571421875 0.985 0.7871428578125 1 0.9542857140625 1
2 0.9142857140625 0.86 0.9285714281249999 0.8474999999999999 0.93 0.8175000000000001 0.9228571421874999 0.8025 0.8171428578125 0.725 0.7571428578125 0.7075 0.7457142859375 0.73 0.741428571875 0.79 0.7628571421875 0.82 0.871428571875 0.8625 0.9142857140625 0.86
2 0.7642857140625 0.6875 0.7757142859374999 0.65 0.7757142859374999 0.5825 0.7457142859375 0.5625 0.728571428125 0.5825 0.7242857140625001 0.605 0.7228571421875001 0.6475 0.73 0.6775 0.7428571421875 0.6925 0.7642857140625 0.6875
2 0.9800000000000001 0.78 0.978571428125 0.7575000000000001 0.95 0.7375 0.8914285718749999 0.705 0.881428571875 0.7125 0.8800000000000001 0.735 0.9028571421875 0.755 0.968571428125 0.79 0.9800000000000001 0.78
2 0.6528571421875 0.6174999999999999 0.708571428125 0.6325000000000001 0.7142857140625 0.615 0.708571428125 0.595 0.6914285718750001 0.5825 0.6785714281249999 0.545 0.6242857140625 0.495 0.6042857140625 0.49000000000000005 0.5914285718750001 0.5175 0.5914285718750001 0.55 0.601428571875 0.5700000000000001 0.6228571421875 0.58 0.6528571421875 0.6174999999999999
2 0.8442857140625 0.545 0.8671428578124999 0.5025000000000001 0.8742857140625 0.465 0.8728571421875 0.42750000000000005 0.8514285718749999 0.40750000000000003 0.8300000000000001 0.4175 0.8128571421874999 0.505 0.8099999999999999 0.5599999999999999 0.8171428578125 0.5775 0.8342857140625 0.5825 0.8442857140625 0.545
2 0.6842857140625 0.5549999999999999 0.6942857140625 0.5 0.6900000000000001 0.44000000000000006 0.6771428578124999 0.3725 0.6642857140625 0.34500000000000003 0.6442857140625 0.3275 0.6228571421875 0.335 0.6128571421875 0.3625 0.611428571875 0.4 0.628571428125 0.505 0.6457142859375 0.54 0.6842857140625 0.5549999999999999
2 0.7342857140625 0.45999999999999996 0.78 0.475 0.7928571421874999 0.45 0.7942857140624999 0.41500000000000004 0.7842857140625 0.3975 0.7057142859375001 0.375 0.6914285718750001 0.4 0.6900000000000001 0.42000000000000004 0.6971428578125 0.4375 0.721428571875 0.4375 0.7342857140625 0.45999999999999996
2 0.7571428578125 0.5549999999999999 0.76 0.5225 0.7757142859374999 0.48250000000000004 0.758571428125 0.465 0.7428571421875 0.46749999999999997 0.718571428125 0.5225 0.7142857140625 0.5375 0.7171428578125 0.5825 0.7257142859375 0.5900000000000001 0.7571428578125 0.5549999999999999
2 0.8128571421874999 0.5225 0.8185714281250001 0.45999999999999996 0.8 0.45499999999999996 0.788571428125 0.4625 0.7571428578125 0.53 0.761428571875 0.5725 0.7942857140624999 0.5875 0.7957142859374999 0.5675 0.8128571421874999 0.5225
2 0.5242857140625 0.7224999999999999 0.541428571875 0.7224999999999999 0.6457142859375 0.8175000000000001 0.672001325 0.8236761796875 0.68082114375 0.7830684875 0.6603962078125 0.7692618125 0.6371428578125 0.7075 0.5428571421874999 0.625 0.53 0.6025 0.51 0.5974999999999999 0.4942857140625 0.5625 0.47000000000000003 0.5675 0.4557142859375 0.5825 0.4342857140625 0.6375 0.4328571421875 0.6625 0.44142857187500006 0.6849999999999999 0.501428571875 0.7525000000000001 0.5242857140625 0.7224999999999999
2 0.3742857140625 0.7125 0.3671428578125 0.725 0.3671428578125 0.7424999999999999 0.3871428578125 0.7625 0.42428571406250004 0.7725 0.428571428125 0.78 0.42571428593749994 0.835 0.4328571421875 0.8525 0.46571428593749997 0.86 0.5 0.8474999999999999 0.49000000000000005 0.735 0.44000000000000006 0.6775 0.42428571406250004 0.64 0.3857142859375 0.5900000000000001 0.36 0.585 0.34571428593750003 0.5925 0.33999999999999997 0.61 0.33714285781250003 0.6325000000000001 0.361428571875 0.65 0.3742857140625 0.6799999999999999 0.3742857140625 0.7125
2 0.31 0.7575000000000001 0.368571428125 0.76 0.3742857140625 0.755 0.3757142859375 0.7375 0.391428571875 0.7375 0.398571428125 0.7224999999999999 0.398571428125 0.7 0.3828571421875 0.6875 0.3728571421875 0.6599999999999999 0.35285714218750003 0.64 0.27999999999999997 0.6224999999999999 0.23857142812499998 0.6224999999999999 0.2128571421875 0.655 0.21000000000000002 0.705 0.22142857187499998 0.7325 0.251428571875 0.73 0.31 0.7575000000000001
2 0 0.7325 0.0142857140625 0.7424999999999999 0.031428571875 0.7725 0.0828571421875 0.8074999999999999 0.121428571875 0.8025 0.1328571421875 0.8099999999999999 0.13999999999999999 0.8300000000000001 0.16857142812499998 0.825 0.178571428125 0.7575000000000001 0.15714285781249998 0.7125 0.12 0.6900000000000001 0.044285714062499995 0.6775 0 0.6775 0 0.7325
2 0.1442857140625 0.625 0.1471428578125 0.6125 0.1528571421875 0.6125 0.15714285781249998 0.6275000000000001 0.17428571406249999 0.62 0.1771428578125 0.5675 0.1028571421875 0.5425 0.0857142859375 0.5425 0.08 0.5575 0.08 0.6174999999999999 0.1 0.6075 0.1328571421875 0.6275000000000001 0.1442857140625 0.625
2 0.0428571421875 0.5725 0.0328571421875 0.5575 0.0028571421875 0.5549999999999999 0 0.67 0.041428571875 0.6799999999999999 0.0521428578125 0.675 0.0514419234375 0.6627336453125 0.0457142859375 0.6599999999999999 0.0428571421875 0.5725
2 0.2028571421875 0.67 0.2342857140625 0.6275000000000001 0.27142857187499997 0.6224999999999999 0.301428571875 0.5900000000000001 0.31 0.525 0.29428571406250004 0.49749999999999994 0.27 0.49000000000000005 0.1942857140625 0.54 0.1757142859375 0.58 0.1771428578125 0.645 0.1828571421875 0.6625 0.1928571421875 0.655 0.2028571421875 0.67
2 0.1 0.52 0.11428571406250002 0.51 0.12 0.47000000000000003 0.11428571406250002 0.41500000000000004 0.09285714218749999 0.3625 0.054285714062500004 0.36 0.0357142859375 0.395 0.0328571421875 0.42000000000000004 0.04 0.4575 0.0857142859375 0.4925 0.1 0.52
2 0.12 0.4725 0.1442857140625 0.475 0.1628571421875 0.495 0.1828571421875 0.49749999999999994 0.188571428125 0.255 0.171428571875 0.2425 0.15 0.2425 0.13999999999999999 0.2525 0.1328571421875 0.26749999999999996 0.1271428578125 0.32 0.131428571875 0.35750000000000004 0.12285714218749999 0.3775 0.1157142859375 0.43499999999999994 0.12 0.4725
1 0.15 0.23500000000000001 0.138571428125 0.20750000000000002 0.121428571875 0.2 0.10142857187500001 0.2125 0.09 0.2475 0.08857142812499999 0.2925 0.1271428578125 0.32 0.1342857140625 0.27 0.15 0.23500000000000001
2 0.08 0.36 0.0957142859375 0.3725 0.10142857187500001 0.39 0.12285714218749999 0.3975 0.128571428125 0.31 0.10857142812500001 0.31 0.054285714062500004 0.28250000000000003 0.0428571421875 0.29500000000000004 0.038571428125 0.315 0.038571428125 0.36 0.048571428124999996 0.3675 0.061428571875000004 0.35750000000000004 0.08 0.36
2 0.0371428578125 0.2525 0.0871428578125 0.29 0.09 0.2625 0.08428571406249999 0.20249999999999999 0.041428571875 0.1125 0.041428571875 0.095 0.03 0.08499999999999999 0.001428571875 0.09 0 0.12 0.01 0.13 0.008571428124999999 0.1975 0.0371428578125 0.2525
2 0 0.075 0.031428571875 0.08249999999999999 0.0428571421875 0.10500000000000001 0.08 0.1025 0.08857142812499999 0.11499999999999999 0.11000000000000001 0.10500000000000001 0.11857142812499999 0.08499999999999999 0.10857142812500001 0.042499999999999996 0.1 0.03 0.0771428578125 0.03 0.03 0.05 0 0.05 0 0.075
2 0.1871428578125 0.2325 0.1942857140625 0.2325 0.21000000000000002 0.1775 0.22000000000000003 0.1625 0.2157142859375 0.145 0.17428571406249999 0.1075 0.1442857140625 0.1025 0.1271428578125 0.12 0.1257142859375 0.135 0.1371428578125 0.175 0.15714285781249998 0.21000000000000002 0.1871428578125 0.2325
2 0.2757142859375 0.2975 0.28571428593750003 0.2975 0.2971428578125 0.325 0.3 0.36 0.318571428125 0.3775 0.32142857187499996 0.39 0.3728571421875 0.3875 0.381428571875 0.3725 0.3828571421875 0.3375 0.3628571421875 0.3275 0.358571428125 0.2875 0.34571428593750003 0.2575 0.2571428578125 0.1675 0.21857142812500002 0.1625 0.208571428125 0.18 0.191428571875 0.25 0.19 0.3 0.21142857187500003 0.3025 0.24428571406250002 0.34500000000000003 0.2757142859375 0.2975
2 0.42000000000000004 0.35 0.46285714218749996 0.355 0.5228571421875 0.3275 0.5242857140625 0.2625 0.5171428578125 0.255 0.46142857187499997 0.2475 0.4342857140625 0.225 0.3557142859375 0.23500000000000001 0.34571428593750003 0.26 0.361428571875 0.3025 0.40714285781250004 0.315 0.42000000000000004 0.35
2 0.428571428125 0.4575 0.41857142812500003 0.4325 0.40142857187500003 0.425 0.3928571421875 0.41 0.38 0.42000000000000004 0.3871428578125 0.52 0.3942857140625 0.52 0.40571428593750003 0.4875 0.428571428125 0.4575
2 0.47000000000000003 0.5575 0.5442857140624999 0.525 0.5599999999999999 0.4925 0.561428571875 0.45499999999999996 0.548571428125 0.4225 0.521428571875 0.41500000000000004 0.42571428593749994 0.4625 0.40142857187500003 0.49749999999999994 0.398571428125 0.5275000000000001 0.41 0.58 0.4571428578125 0.575 0.47000000000000003 0.5575
2 0.261428571875 0.485 0.261428571875 0.4325 0.2342857140625 0.3825 0.2242857140625 0.385 0.208571428125 0.44000000000000006 0.2071428578125 0.47750000000000004 0.2228571421875 0.515 0.24571428593750003 0.5075000000000001 0.261428571875 0.485
2 0.3242857140625 0.2 0.35 0.20750000000000002 0.381428571875 0.2325 0.44428571406249995 0.22999999999999998 0.448571428125 0.2225 0.448571428125 0.1875 0.4342857140625 0.17250000000000001 0.32 0.1325 0.29571428593750004 0.135 0.268571428125 0.1525 0.261428571875 0.17250000000000001 0.27142857187499997 0.1825 0.291428571875 0.16999999999999998 0.3242857140625 0.2
2 0.6181587546875 0.25732477187499997 0.6329744921875 0.23942681718749997 0.6271428578125 0.21000000000000002 0.6028571421875 0.18 0.5128571421875 0.17250000000000001 0.4942857140625 0.1875 0.48857142812500004 0.255 0.528571428125 0.275 0.5969934125 0.280777234375 0.6181587546875 0.25732477187499997
2 0.5128571421875 0.4175 0.5685714281250001 0.40750000000000003 0.5900000000000001 0.42750000000000005 0.5928571421875 0.41500000000000004 0.6142857140625 0.41 0.62 0.335 0.6057142859375 0.305 0.5857142859375 0.3 0.5585714281249999 0.32 0.48 0.34500000000000003 0.45 0.3825 0.448571428125 0.39249999999999996 0.4542857140625 0.3975 0.5071428578125 0.40499999999999997 0.5128571421875 0.4175
4 0.5700000000000001 0.55 0.578571428125 0.5425 0.5828571421875 0.515 0.5728571421875001 0.5 0.5571428578125001 0.5 0.5371428578125 0.5375 0.5371428578125 0.5775 0.548571428125 0.5925 0.5700000000000001 0.5775 0.5700000000000001 0.55
2 0.3428571421875 1 0.24428571406250002 0.9324999999999999 0.2171428578125 0.9400000000000001 0.18 0.9324999999999999 0.17428571406249999 0.9400000000000001 0.17428571406249999 0.9800000000000001 0.1828571421875 1 0.3428571421875 1
2 0.278571428125 0.9400000000000001 0.3 0.9099999999999999 0.28571428593750003 0.8875 0.22714285781250002 0.8775000000000001 0.188571428125 0.8925000000000001 0.181428571875 0.905 0.1828571421875 0.9324999999999999 0.2057142859375 0.9425000000000001 0.2228571421875 0.9349999999999999 0.278571428125 0.9400000000000001
2 0.2984956671875 0.9075085843749999 0.3118648984375 0.9087729421875 0.3313767828125 0.9403816218750001 0.35377933906250003 0.9846338203125 0.3902737765625 0.9865303421875 0.39714285781249997 0.9650000000000001 0.3842857140625 0.95 0.3728571421875 0.915 0.3128571421875 0.8625 0.281428571875 0.82 0.26 0.8150000000000001 0.2428571421875 0.845 0.23857142812499998 0.8800000000000001 0.2557142859375 0.885 0.2851264015625 0.8872790078125 0.2984956671875 0.9075085843749999