2 0.127300625 0.9215687078125001 0.152400159375 0.8861252625 0.1428701546875 0.8312832312499999 0.129535028125 0.8040118078124999 0.0782015515625 0.8099085984375 0.0117670171875 0.8510743109375 0.006140864062499999 0.8561732765625001 0.00766795 0.94365995 0.022126010937500003 0.9534091078125 0.059263212499999995 0.9527608750000001 0.073197703125 0.9325146015625 0.127300625 0.9215687078125001
2 0.41899022812500003 0.9339799125000001 0.420668896875 0.8664403296875 0.43464701874999995 0.848693675 0.4348537046875 0.7786794031250001 0.42035201093749996 0.766430628125 0.29586707031250004 0.756101615625 0.244010021875 0.7320029765625 0.2298573765625 0.7397511546875 0.1993062109375 0.79029204375 0.177968165625 0.7956652609375 0.178579 0.8306599312499999 0.20151992500000002 0.8352602578124999 0.22199681875000002 0.8624070203124999 0.226630928125 0.8823291781249999 0.24381480625 0.8845296140625001 0.2613362625 0.8242146359375001 0.2827179390625 0.8213410359375001 0.320684128125 0.8681855703125001 0.40899175000000004 0.9341544374999999 0.41899022812500003 0.9339799125000001
2 0.6919252359375 0.8542043890625 0.5830534562499999 0.7560895203125 0.5553039 0.721568559375 0.52522120625 0.7170928937500001 0.5172182859375 0.7497375359375 0.494757303125 0.7726330203125 0.5015178640625 0.8325241546875001 0.51913805 0.8597207828125001 0.5553268375 0.8865932937500001 0.565761625 0.9114149625 0.593249396875 0.9309382078124999 0.6084491859375001 0.9831808921875 0.64870488125 0.9974805109375 0.7572597734375 0.9955856781250001 0.755482371875 0.97561365625 0.7277328140625 0.9410926953125 0.709589053125 0.8839006359375 0.6919252359375 0.8542043890625
2 0.7931753046875001 0.9249481078124999 0.791278478125 0.97998959375 0.7958253281250001 0.9949125140625 0.962942728125 0.9919954687500001 0.9550592312499999 0.9496266015625 0.8943702734375 0.9106798375 0.8042094578125001 0.902252078125 0.7931753046875001 0.9249481078124999
2 0.749690915625 0.7256766640625 0.7464529984375 0.785742321875 0.7684018781249999 0.8153637734375 0.8776984984375 0.8559624671874999 0.9205054828125 0.8527148875 0.934570865625 0.8399674718749999 0.9354756484375001 0.8099471078124999 0.9280720921875 0.795074053125 0.8210213468750001 0.719430825 0.76072506875 0.702980634375 0.749690915625 0.7256766640625
2 0.7253974296875 0.6435881421875 0.733062771875 0.6734589125 0.7461797421874999 0.6882322390625 0.7675177875 0.6828590218749999 0.7782901546875001 0.6451652765625 0.7771121171875001 0.5776755578125 0.7467676375 0.558202175 0.7299764390625 0.5784983140625 0.72608405625 0.6010696828125 0.7253974296875 0.6435881421875
2 0.9072461484375 0.7479303359375 0.9735612609375 0.7817781328125 0.9848135671874999 0.7715802 0.982992534375 0.7491085578125001 0.9540764093749999 0.7296102453125 0.8949466984375001 0.69813740625 0.8850791140625001 0.7058107890625 0.8840434390624999 0.7283322937500001 0.9072461484375 0.7479303359375
2 0.6241795234375 0.49283167656250004 0.60409530625 0.4881814859375 0.5917200640625 0.5159016859375 0.5922872671875 0.5483967359374999 0.6026347921874999 0.568219165625 0.6242346234375 0.5778436625000001 0.6548845187500001 0.6148143796875 0.7108521062500001 0.628839746875 0.7162601046875 0.6112426828124999 0.710197640625 0.5913454578125 0.692839240625 0.5791465453125 0.6793295890625 0.5418766453125 0.6241795234375 0.49283167656250004
2 0.8128967546875 0.499539128125 0.8109999296874999 0.554580615625 0.8184471171875 0.571953290625 0.835674625 0.5766533453125 0.8450186359374999 0.5389845328125 0.867130571875 0.4960920921875 0.8736178750000001 0.45847314375000003 0.8715350546874999 0.4210037875 0.8497607 0.4013808140625 0.828509915625 0.4117532703125 0.8128967546875 0.499539128125
2 0.6199587828124999 0.332880978125 0.610440246875 0.3605513125 0.609666359375 0.398070534375 0.6286391078125 0.5027553578124999 0.6463901890625 0.5374508421875 0.685217528125 0.5517753937500001 0.6942561234375 0.496609246875 0.6889239171875 0.43669318125 0.674890696875 0.36942785 0.6615555703125 0.3421564265625 0.6412531984375 0.32500813906250003 0.6199587828124999 0.332880978125
2 0.689654175 0.396674340625 0.6885748703125001 0.4166962265625 0.69602205625 0.4340689015625 0.720304071875 0.43364505781249996 0.733551934375 0.4559172421875 0.77952104375 0.47011713437499997 0.79193991875 0.444896553125 0.7927574390625 0.40987695156250004 0.78245354375 0.3925541421875 0.703501403125 0.371428828125 0.689654175 0.396674340625
2 0.7149075421875 0.5337544875 0.718549609375 0.57869776875 0.727250625 0.586047034375 0.7580635765625 0.5505038609375 0.7603530796875 0.517958946875 0.7753668765625 0.4776907875 0.7579212125 0.46049263749999997 0.7422529499999999 0.4632665078125 0.7189308171875 0.518681975 0.7149075421875 0.5337544875
2 0.795767978125 0.5823506796875 0.796847284375 0.56232879375 0.813202171875 0.5170364625 0.8178248124999999 0.4544462546875 0.79916895 0.44977113125 0.7878730125 0.4574694453125 0.7576272656249999 0.52550766875 0.7626540546875 0.5679263999999999 0.795767978125 0.5823506796875
2 0.6407433453125 0.7050749234375 0.545032165625 0.6242330015625 0.531784303125 0.6019608171875 0.5117000859374999 0.5973106265625 0.49537735937500005 0.5625902093749999 0.47118260625 0.5680132921875 0.4571608546875 0.5832603265625 0.436695428125 0.63862593125 0.435703384375 0.6636470546875 0.44466618750000003 0.6859940359375 0.5058350875000001 0.7524366109375 0.528165175 0.72204226875 0.545305421875 0.721743084375 0.65123323125 0.814908578125 0.67762405625 0.8206250453124999 0.6857338296875 0.7798696109375001 0.6650710453124999 0.766421503125 0.6407433453125 0.7050749234375
2 0.43157215625 0.8362454421875001 0.4390193421875 0.8536181171875 0.4720023734375 0.8605435390625 0.5060647109375 0.8474470734375 0.4941028390625 0.7351387328125 0.443106940625 0.6785201109375001 0.4267405828125 0.6413000734375001 0.387302409375 0.591980853125 0.3615047765625 0.587430390625 0.34735213125 0.59517856875 0.3419441328125 0.61277563125 0.33948010625 0.6353220687500001 0.3640675375 0.652395559375 0.37744629375 0.6821666015625001 0.378013496875 0.7146616515625 0.371089884375 0.7272844078125 0.3713953015625 0.7447817421875 0.391741303125 0.7644296484375 0.4290530265625 0.77377989375 0.43346898125 0.7812039546875 0.43157215625 0.8362454421875001
2 0.4020773578125 0.7017397109375 0.38614730937499997 0.6895158671875 0.3756688921875 0.6621945796875 0.3553228890625 0.642546675 0.2821714265625 0.626320871875 0.2407491640625 0.6270439 0.2156059984375 0.6599877265625 0.2136219125 0.710029975 0.225528684375 0.73732633125 0.255480484375 0.7343031390625 0.3145229328125 0.7607767390625 0.3731290703125 0.7622541453125 0.37875522500000003 0.7571551796875 0.3798781625 0.7396329125000001 0.3955900546875 0.7393586609375 0.4024700359375 0.724236284375 0.4020773578125 0.7017397109375
2 0.1267655828125 0.8090609109375 0.13832330625 0.8163603125 0.1458141234375 0.83623260625 0.1742939390625 0.8307347265624999 0.183114378125 0.7630704828125 0.1609037125 0.7184513171875 0.1233738328125 0.6966029765624999 0.0474529234375 0.6854262765625 0.0031739546875 0.68619916875 0.004133837499999999 0.7411907921875 0.0185919 0.7509399484375 0.03625571875 0.7806361953125001 0.088287290625 0.8147333124999999 0.1267655828125 0.8090609109375
2 0.10365935625 0.549424625 0.0865191109375 0.549723809375 0.08106748124999999 0.564821253125 0.0821146265625 0.6248121156249999 0.10193705625 0.6144645890625 0.13513824218749998 0.6338881078124999 0.14652144218750002 0.6311890328125 0.1491599953125 0.6186410718750001 0.154873409375 0.61854134375 0.1594202578125 0.6334642640625 0.1764296109375 0.625666221875 0.17837006718749998 0.573124353125 0.10365935625 0.549424625
2 0.054350334374999996 0.6705372781250001 0.0485758609375 0.667904009375 0.0441920671875 0.5804672015625 0.033931803125 0.5656440093749999 0.0038927421875 0.5636679625000001 0.0030430609375 0.6787003109375 0.044639848437500004 0.687975759375 0.055265239062500006 0.68278953125 0.054350334374999996 0.6705372781250001
2 0.26986050625 0.49401557656249995 0.195030371875 0.5453293578125 0.17715986875 0.58564738125 0.1797226296875 0.65061255 0.1857414609375 0.66801015625 0.19560904375 0.660336775 0.2058693078125 0.675159965625 0.236551365625 0.632117934375 0.2736013046875 0.6264704640625001 0.30302953125 0.5934518421874999 0.3104652484375 0.52831215 0.29427341406249996 0.5010905906249999 0.26986050625 0.49401557656249995
2 0.033952496875 0.40311889531249995 0.0315320984375 0.4281649515625 0.0393283328125 0.4655345796875 0.085646490625 0.49973142499999995 0.10040997031250001 0.5269779171875 0.11451898437500001 0.51673011875 0.11953430312499999 0.4766364828125 0.11286100624999999 0.4217445890625 0.09051944687499999 0.3696265640625 0.051910260937499994 0.36780010937499996 0.033952496875 0.40311889531249995
2 0.1455593125 0.24864756093749998 0.135735359375 0.2588205625 0.128855375 0.2739429375 0.1240582125 0.32653466875000003 0.1289977390625 0.3639541625 0.1207766625 0.3841007078125 0.11463840781250001 0.4417166109375 0.119577934375 0.479136103125 0.14390358125 0.481211878125 0.162821228125 0.500884715625 0.1828618140625 0.5030352875 0.1843430203125 0.2604724921875 0.1669846203125 0.24827358125 0.1455593125 0.24864756093749998
1 0.1240582125 0.32653466875000003 0.1303273609375 0.276417625 0.14542841875 0.241148703125 0.133521646875 0.213852346875 0.11625050781249999 0.2066526734375 0.096471709375 0.21949981875 0.08565571250000001 0.25469394375 0.085012715625 0.299712021875 0.1240582125 0.32653466875000003
2 0.050557700000000004 0.2903119125 0.039349023437500005 0.30300946562500003 0.0354130109375 0.323081215625 0.03619836875 0.3680743609375 0.0463277390625 0.37539869531250003 0.0590084 0.3651758296875 0.07762063125 0.3673513328125 0.093550678125 0.37957517812499997 0.09956951093750001 0.396972784375 0.12112571093749999 0.4040976609375 0.125312040625 0.3165112609375 0.1053150875 0.31686030781249996 0.050557700000000004 0.2903119125
2 0 0.1351149046875 0.0036172390625000004 0.13860803125 0.003366921875 0.2061226828125 0.032893882812500004 0.2606156671875 0.08354073281249999 0.297237334375 0.08591749843749999 0.269691659375 0.0791569390625 0.209800525 0.03473560625 0.12056219374999999 0.034430190625 0.10306485781250001 0.022828834375000003 0.0932658375 0 0.0976728234375 0 0.1351149046875
2 0 0.085407915625 0.0242135578125 0.0907412859375 0.036033067187500004 0.11303840312499999 0.07312663593749999 0.10989055156250001 0.0819149140625 0.12223905625 0.10316569843750001 0.11186659843749999 0.1113867734375 0.091720053125 0.10064656875 0.04940105 0.091858290625 0.037052545312500004 0.0690046296875 0.0374514578125 0.022217999999999998 0.058271168750000005 0 0.058658984375 0 0.085407915625
2 0.137402559375 0.10876861093750001 0.12056773125 0.1265651296875 0.11940116249999999 0.141587778125 0.131526090625 0.1813822296875 0.152133878125 0.21602785 0.1825219890625 0.2380008515625 0.1896637578125 0.23787619218749997 0.20441576718749999 0.18261031562500002 0.21415245781249997 0.1674380765625 0.20956197968749998 0.15001553750000002 0.167485253125 0.113244278125 0.137402559375 0.10876861093750001
2 0.3709131109375 0.3897360828125 0.3792214484375 0.374588775 0.3800389671875 0.339569175 0.3598674890625 0.3299197453125 0.35488433124999996 0.290000634375 0.3415055765625 0.260229590625 0.2513769203125 0.1717890828125 0.212724103125 0.167463009375 0.20303104374999997 0.1851348671875 0.18711246718750002 0.25542339062499997 0.18655673281250001 0.30544070625 0.20802567187499998 0.3075663453125 0.2416195375 0.3494864375 0.2722143328125 0.3014451671875 0.2822128109375 0.30127064375 0.2941195828125 0.32856699843750004 0.2975871234375 0.3635118046875 0.316461140625 0.38068502187500003 0.3195360046875 0.3931332546875 0.3709131109375 0.3897360828125
2 0.42949631093749996 0.22618875625 0.3511113734375 0.23755849375000002 0.34154920624999996 0.262729209375 0.35800282656250004 0.304948484375 0.4039283046875 0.31664875625 0.4173943234375 0.35141903750000003 0.4603322 0.35567031718750003 0.5198431203125 0.3271273609375 0.52013706875 0.262112328125 0.5128644078125 0.25473813125 0.4570277140625 0.24821162187499998 0.42949631093749996 0.22618875625
2 0.3946508625 0.521841921875 0.40551049062500005 0.4891474171875 0.4278405796875 0.4587530734375 0.41740579218749996 0.43393140468749997 0.40013465468750004 0.42673173125 0.39130274374999996 0.4118836078125 0.378622084375 0.4221064734375 0.3875090953125 0.5219665828125 0.3946508625 0.521841921875
2 0.425071134375 0.4638021765625 0.401399953125 0.4992206890625 0.3990668171875 0.529265984375 0.41140990000000005 0.5815585328124999 0.458458315625 0.5757365375 0.4710080828125 0.5580148140625 0.5447152796875 0.5242233 0.55985996875 0.4914539984375 0.5606338578125001 0.45393477656250003 0.54721146875 0.42166411562499995 0.519941853125 0.414638965625 0.425071134375 0.4638021765625
2 0.22316113906249999 0.519834525 0.2458839078125 0.5119367546875 0.261203121875 0.4891659296875 0.2602868703125 0.43667392656250004 0.2322755265625 0.38715525 0.2223206796875 0.3898293921875 0.2075686703125 0.44509526875 0.2067947828125 0.4826144890625 0.22316113906249999 0.519834525
2 0.42858005937500004 0.1736967515625 0.31361365625 0.1356974046875 0.289375271875 0.13862086875 0.2625419640625 0.1565919109375 0.25574924375 0.17671352499999998 0.26592224531249997 0.186537478125 0.28570104375 0.173690334375 0.3190767546875 0.20311232812500002 0.34491801718750004 0.210162409375 0.3767781125 0.2346100984375 0.43958205 0.23101347031250002 0.44373621874999997 0.2234398171875 0.44312538437500004 0.188445146875 0.42858005937500004 0.1736967515625
2 0.4842973296875 0.25523677031249997 0.524640284375 0.274535628125 0.593152675 0.2791178546875 0.6139054921875 0.255299578125 0.6284066109374999 0.237145778125 0.6220622953125 0.2078252203125 0.5972567062499999 0.1782536328125 0.5071395203125 0.17232549218749998 0.4888327078125 0.18764732343749999 0.4842973296875 0.25523677031249997
2 0.602294965625 0.30318473125 0.58221075 0.298534540625 0.555421075 0.319005203125 0.4772979234375 0.3453726546875 0.4479569578125 0.38339051562500004 0.4467031265625 0.393413925 0.4525038046875 0.3983134359375 0.505483790625 0.404889809375 0.5114153609375001 0.4172881765625 0.5669466375 0.40631735156250004 0.58872099375 0.425940325 0.5913595453125 0.41339236562500004 0.6126975906250001 0.40801914687499996 0.6171020765625 0.3329308421875 0.602294965625 0.30318473125
4 0.5384897625 0.5768399640624999 0.550178378125 0.5916382234374999 0.5713419 0.576266528125 0.570861959375 0.548770715625 0.5793011890625 0.5411222671875 0.583106309375 0.513551659375 0.5728460453124999 0.49872846718749997 0.5571341546874999 0.4990027203125 0.537791665625 0.53684605625 0.5384897625 0.5768399640624999
2 0.347563928125 1 0.2518728265625 0.9368969578125 0.224864996875 0.9448695234375 0.187596903125 0.9380188984375 0.18201438125 0.945617484375 0.1827124765625 0.9856113921875 0.18917854843749998 1 0.347563928125 1
2 0.1904536109375 0.9379690343749999 0.21348179687500002 0.9475685984375 0.2304911484375 0.9397705578125001 0.2862842109375 0.9437974468749999 0.307185946875 0.9134280359375 0.2925097296875 0.8911807828124999 0.2337726984375 0.88220451875 0.19546892968750001 0.8978753984375001 0.1885453171875 0.9104981546875001 0.1904536109375 0.9379690343749999
2 0.3921569203125 0.9519509562499999 0.38011925468749996 0.9171557421875001 0.3192121421875 0.8657108828125001 0.28704663125 0.823765859375 0.2655340609375 0.8191406015625 0.2489173859375 0.8494352171875 0.24524315937500002 0.8845046812499999 0.26247066874999997 0.8892047359375 0.29191807812500004 0.890970084375 0.3056383625 0.9109632546875 0.3190276234375 0.91199409375 0.339088184375 0.94325743125 0.3622596359375 0.9871119109375 0.3987816140625 0.988371228125 0.4052738921875 0.9667242828125 0.3921569203125 0.9519509562499999