2 0 0.903125 0.025625 0.89625 0.03875 0.8875 0.04875 0.868125 0.08499999999999999 0.8125 0.10687500000000001 0.7875 0.11374999999999999 0.774375 0.113125 0.759375 0.10687500000000001 0.7424999999999999 0.094375 0.73125 0.08 0.7268749999999999 0.0625 0.729375 0.051875000000000004 0.735 0.038125 0.755 0.016875 0.7775000000000001 0.003125 0.79625 0 0.805 0 0.903125
2 0.063125 0.985 0.057499999999999996 0.9925 0.057499999999999996 0.99875 0.169375 1 0.1825 0.9650000000000001 0.183125 0.9525 0.18062499999999998 0.94375 0.17250000000000001 0.93 0.164375 0.9225 0.153125 0.9168749999999999 0.13999999999999999 0.915 0.11374999999999999 0.9168749999999999 0.096875 0.93 0.074375 0.9574999999999999 0.063125 0.985
2 0 1 0.041249999999999995 0.999375 0.05437499999999999 0.99375 0.06687499999999999 0.983125 0.08 0.9668749999999999 0.094375 0.938125 0.096875 0.9243750000000001 0.09 0.92125 0.07625 0.9225 0.049375 0.93125 0.031875 0.943125 0.013750000000000002 0.9625 0 0.9724999999999999 0 1
2 0 0.975 0.0225 0.963125 0.030625000000000003 0.95 0.052500000000000005 0.93 0.06375 0.9256249999999999 0.088125 0.9237500000000001 0.090625 0.9193749999999999 0.104375 0.91875 0.100625 0.8787499999999999 0.0925 0.871875 0.078125 0.86875 0.058750000000000004 0.869375 0.04875 0.875 0.027500000000000004 0.8931250000000001 0.009375 0.900625 0 0.9018750000000001 0 0.975
2 0.20625 0.8425 0.21000000000000002 0.865 0.209375 0.868125 0.20750000000000002 0.865625 0.20625 0.866875 0.20625 0.88125 0.2125 0.8825 0.213125 0.8862500000000001 0.216875 0.8881249999999999 0.21812499999999999 0.89875 0.2225 0.905 0.24125000000000002 0.9081250000000001 0.24375 0.9106249999999999 0.2525 0.9025000000000001 0.256875 0.8943749999999999 0.25875 0.8787499999999999 0.255625 0.858125 0.25875 0.85 0.25875 0.8400000000000001 0.253125 0.82125 0.248125 0.8175000000000001 0.23625 0.8150000000000001 0.220625 0.8168749999999999 0.210625 0.8231249999999999 0.206875 0.82875 0.20625 0.8425
2 0.133125 0.718125 0.13374999999999998 0.7675 0.13 0.775625 0.129375 0.825 0.130625 0.829375 0.135625 0.8331250000000001 0.175 0.85 0.185 0.8625 0.18687499999999999 0.88125 0.190625 0.8862500000000001 0.2 0.884375 0.20187499999999997 0.878125 0.2 0.76625 0.20249999999999999 0.72 0.200625 0.7112499999999999 0.19375 0.69875 0.1825 0.69375 0.15125 0.696875 0.14125000000000001 0.701875 0.135625 0.709375 0.133125 0.718125
2 0.055625 0.8625 0.08375 0.8724999999999999 0.140625 0.906875 0.153125 0.906875 0.165625 0.903125 0.1975 0.8875 0.19624999999999998 0.8724999999999999 0.183125 0.85375 0.16375 0.843125 0.115625 0.825 0.09 0.8106249999999999 0.075 0.82 0.06 0.8412499999999999 0.05625 0.8487500000000001 0.055625 0.8625
2 0.08 0.713125 0.088125 0.7268749999999999 0.09812499999999999 0.728125 0.103125 0.7262500000000001 0.10874999999999999 0.719375 0.11499999999999999 0.718125 0.13 0.70875 0.13625 0.698125 0.135625 0.6837500000000001 0.12375 0.6756249999999999 0.11125 0.673125 0.090625 0.6743750000000001 0.080625 0.685625 0.078125 0.694375 0.08 0.713125
2 0.008749999999999999 0.7381249999999999 0.01125 0.76125 0.01625 0.77 0.016875 0.77625 0.025625 0.7693749999999999 0.05375 0.734375 0.065625 0.728125 0.080625 0.725 0.079375 0.684375 0.071875 0.665625 0.055625 0.655 0.023125 0.651875 0.014374999999999999 0.6537499999999999 0.010624999999999999 0.6587500000000001 0.008125 0.68625 0.008749999999999999 0.7381249999999999
2 0.198125 0.7537499999999999 0.19624999999999998 0.776875 0.199375 0.7993750000000001 0.20375000000000001 0.8025 0.22562500000000002 0.8018750000000001 0.23875000000000002 0.7931250000000001 0.256875 0.7893749999999999 0.26687500000000003 0.781875 0.275625 0.78125 0.28625 0.776875 0.288125 0.76875 0.3 0.765 0.29812500000000003 0.745 0.29562499999999997 0.743125 0.28312499999999996 0.7462500000000001 0.220625 0.74375 0.20187499999999997 0.7474999999999999 0.198125 0.7537499999999999
2 0.5599999999999999 1 0.5725 0.9881249999999999 0.5775 0.98125 0.5743750000000001 0.9637499999999999 0.46125 0.8943749999999999 0.45499999999999996 0.8943749999999999 0.44749999999999995 0.898125 0.436875 0.9087500000000001 0.434375 0.914375 0.4425 0.9225 0.44000000000000006 0.929375 0.43499999999999994 0.9324999999999999 0.43562500000000004 0.943125 0.46125 0.96875 0.48562500000000003 0.985625 0.505625 0.99125 0.515625 1 0.5599999999999999 1
2 0.1 0.631875 0.094375 0.646875 0.094375 0.6643749999999999 0.0975 0.671875 0.11687499999999999 0.671875 0.133125 0.6775 0.13625 0.670625 0.145625 0.6637500000000001 0.16 0.5912499999999999 0.16 0.57125 0.151875 0.560625 0.136875 0.5549999999999999 0.12062500000000001 0.559375 0.109375 0.575 0.10187500000000001 0.609375 0.1 0.631875
2 0.24500000000000002 0.503125 0.23875000000000002 0.50625 0.215 0.51 0.21437499999999998 0.5118750000000001 0.228125 0.51625 0.2475 0.5275000000000001 0.26437499999999997 0.530625 0.26937500000000003 0.535625 0.29312499999999997 0.5375 0.319375 0.5325 0.333125 0.524375 0.34187500000000004 0.514375 0.35 0.5131249999999999 0.34875 0.499375 0.338125 0.500625 0.335 0.496875 0.323125 0.49437499999999995 0.29500000000000004 0.495 0.28312499999999996 0.49749999999999994 0.27999999999999997 0.500625 0.24500000000000002 0.503125
2 0.140625 0.5118750000000001 0.139375 0.5337500000000001 0.164375 0.534375 0.16625 0.5425 0.176875 0.546875 0.176875 0.510625 0.174375 0.503125 0.16375 0.488125 0.15375 0.48875 0.15 0.49124999999999996 0.14937499999999998 0.5025000000000001 0.140625 0.5118750000000001
2 0.061875 0.54375 0.068125 0.540625 0.068125 0.5275000000000001 0.057499999999999996 0.5237499999999999 0.05375 0.516875 0.0375 0.5037499999999999 0.026250000000000002 0.50125 0.019375 0.50125 0.015625 0.5431250000000001 0.052500000000000005 0.541875 0.061875 0.54375
2 0.104375 0.47437500000000005 0.09875 0.475 0.095 0.48250000000000004 0.1 0.48687500000000006 0.134375 0.490625 0.148125 0.476875 0.1825 0.478125 0.18375 0.460625 0.18062499999999998 0.45625 0.160625 0.45625 0.140625 0.4625 0.11374999999999999 0.46687500000000004 0.104375 0.47437500000000005
2 0.07062500000000001 0.44875 0.07062500000000001 0.45875000000000005 0.0775 0.46375 0.088125 0.465625 0.123125 0.464375 0.13187500000000002 0.46312499999999995 0.1375 0.459375 0.13874999999999998 0.45499999999999996 0.12125 0.44875 0.10874999999999999 0.44125 0.094375 0.44125 0.08625000000000001 0.446875 0.073125 0.446875 0.07062500000000001 0.44875
2 0.215625 0.6537499999999999 0.203125 0.665 0.18937500000000002 0.683125 0.20625 0.688125 0.22125 0.698125 0.24562499999999998 0.68875 0.25375000000000003 0.6799999999999999 0.2575 0.6693749999999999 0.258125 0.656875 0.26437499999999997 0.646875 0.263125 0.6381249999999999 0.254375 0.6331249999999999 0.24500000000000002 0.634375 0.2325 0.6425 0.216875 0.6431250000000001 0.215625 0.6537499999999999
4 0.15125 0.63625 0.153125 0.6425 0.17375000000000002 0.63625 0.20187499999999997 0.6375 0.215 0.6425 0.22937500000000002 0.6425 0.24625 0.6325000000000001 0.26749999999999996 0.630625 0.278125 0.624375 0.27937500000000004 0.615 0.275625 0.61 0.26749999999999996 0.6068749999999999 0.25187499999999996 0.60625 0.234375 0.593125 0.224375 0.5925 0.22125 0.589375 0.205 0.58875 0.18812500000000001 0.589375 0.16999999999999998 0.5962500000000001 0.1575 0.598125 0.15125 0.63625
2 0 0.66125 0.005 0.660625 0.01125 0.654375 0.025 0.63 0.041875 0.629375 0.052500000000000005 0.6212500000000001 0.065625 0.595625 0.074375 0.586875 0.073125 0.576875 0.065625 0.5725 0.06 0.573125 0.057499999999999996 0.576875 0.05125 0.57875 0.036875000000000005 0.575 0.020624999999999998 0.575 0.0075 0.584375 0 0.586875 0 0.66125
2 0 0.5862499999999999 0.01625 0.579375 0.020624999999999998 0.5743750000000001 0.03625 0.57375 0.043125000000000004 0.568125 0.05 0.560625 0.051875000000000004 0.5425 0.013125000000000001 0.546875 0.0043749999999999995 0.5575 0 0.571875 0 0.5862499999999999
4 0.24625 0.48375 0.268125 0.49000000000000005 0.308125 0.488125 0.311875 0.480625 0.31124999999999997 0.45375 0.30375 0.448125 0.29812500000000003 0.44749999999999995 0.26687500000000003 0.448125 0.24874999999999997 0.45187499999999997 0.24625 0.45625 0.24625 0.48375
4 0.385625 0.51375 0.4125 0.530625 0.43937499999999996 0.5525 0.46624999999999994 0.541875 0.47625 0.5325 0.48375 0.529375 0.495625 0.516875 0.49812500000000004 0.5225 0.49375 0.5287499999999999 0.49874999999999997 0.5325 0.510625 0.5325 0.524375 0.5287499999999999 0.5225 0.5193749999999999 0.51625 0.509375 0.465 0.496875 0.42125 0.49874999999999997 0.40125 0.506875 0.3875 0.505625 0.385625 0.51375
2 0.35125 0.8300000000000001 0.340625 0.845 0.31375000000000003 0.871875 0.31437499999999996 0.874375 0.328125 0.875 0.330625 0.8787499999999999 0.339375 0.8775000000000001 0.35812499999999997 0.883125 0.4125 0.8800000000000001 0.426875 0.871875 0.43875000000000003 0.846875 0.44000000000000006 0.82 0.43499999999999994 0.8006249999999999 0.418125 0.790625 0.38 0.784375 0.343125 0.786875 0.34249999999999997 0.796875 0.35125 0.821875 0.35125 0.8300000000000001
2 0.270625 0.81125 0.26125 0.8231249999999999 0.26125 0.88375 0.30125 0.8862500000000001 0.34750000000000003 0.835625 0.35 0.8306250000000001 0.35 0.82125 0.34187500000000004 0.795 0.333125 0.784375 0.323125 0.780625 0.313125 0.780625 0.30625 0.784375 0.291875 0.79875 0.270625 0.81125
2 0.39875 0.7681250000000001 0.399375 0.7849999999999999 0.415625 0.788125 0.421875 0.78 0.445625 0.778125 0.48624999999999996 0.7993750000000001 0.538125 0.7893749999999999 0.553125 0.775 0.553125 0.755625 0.5349999999999999 0.7462500000000001 0.5225 0.74375 0.5 0.744375 0.456875 0.75625 0.405625 0.76 0.39875 0.7681250000000001
2 0.369375 0.7275 0.3675 0.73875 0.378125 0.760625 0.385625 0.765 0.41 0.756875 0.43875000000000003 0.756875 0.445 0.7537499999999999 0.46187500000000004 0.7537499999999999 0.48312499999999997 0.749375 0.5025000000000001 0.74375 0.5081249999999999 0.7381249999999999 0.50875 0.7025 0.505625 0.70125 0.428125 0.704375 0.415625 0.7125 0.37625000000000003 0.721875 0.369375 0.7275
2 0.3025 0.67875 0.29874999999999996 0.70125 0.29125 0.708125 0.2925 0.7175 0.29812500000000003 0.721875 0.306875 0.7212500000000001 0.31062500000000004 0.718125 0.32125 0.720625 0.32375 0.71375 0.328125 0.71 0.3375 0.70875 0.34625 0.7112499999999999 0.37 0.693125 0.38125 0.6875 0.385625 0.680625 0.39875 0.6725 0.40499999999999997 0.6637500000000001 0.41624999999999995 0.656875 0.426875 0.640625 0.42874999999999996 0.6275000000000001 0.42374999999999996 0.6174999999999999 0.41187500000000005 0.610625 0.40499999999999997 0.61125 0.3775 0.625 0.31062500000000004 0.66875 0.3025 0.67875
2 0.25125000000000003 0.595 0.255625 0.6056250000000001 0.27875 0.61 0.280625 0.615 0.27937500000000004 0.624375 0.265 0.631875 0.265625 0.64125 0.26937500000000003 0.651875 0.29 0.6537499999999999 0.281875 0.660625 0.281875 0.66875 0.28500000000000003 0.6793750000000001 0.29625 0.6825 0.29812500000000003 0.676875 0.3025 0.678125 0.321875 0.660625 0.32375 0.639375 0.304375 0.579375 0.294375 0.569375 0.2875 0.566875 0.268125 0.568125 0.2575 0.573125 0.25187499999999996 0.58125 0.25125000000000003 0.595
4 0.37312500000000004 0.5852770046875 0.37374999999999997 0.5990270046874999 0.365625 0.6015270046875 0.365 0.6052770046875 0.365625 0.6127770046875 0.369375 0.6171520046875 0.38125 0.6240270046874999 0.40875000000000006 0.6109020046875 0.41875 0.6134020046875001 0.425625 0.6202770046875 0.4325 0.6159020046875 0.438125 0.6021520046875 0.4375 0.5815270046875 0.433125 0.5765270046875 0.4 0.5659020046875 0.390625 0.5596520046875 0.383125 0.5577770046875 0.37 0.5452770046875 0.343125 0.5352770046875001 0.339375 0.5352770046875001 0.339375 0.5371520046875 0.36625 0.5721520046874999 0.37312500000000004 0.5852770046875
2 0.052500000000000005 0.49749999999999994 0.064375 0.509375 0.09875 0.510625 0.109375 0.52125 0.113125 0.520625 0.1125 0.500625 0.11750000000000001 0.50875 0.11875 0.5287499999999999 0.13874999999999998 0.528125 0.139375 0.504375 0.13625 0.496875 0.115625 0.495625 0.108125 0.49124999999999996 0.0775 0.488125 0.044375 0.488125 0.04 0.49000000000000005 0.039375 0.496875 0.052500000000000005 0.49749999999999994
2 0.760625 0.54375 0.775625 0.5675 0.7893749999999999 0.56875 0.7993750000000001 0.57875 0.8231249999999999 0.61375 0.8256249999999999 0.621875 0.8318749999999999 0.6275000000000001 0.8306250000000001 0.6375 0.8324999999999999 0.6375 0.8331250000000001 0.63125 0.836875 0.630625 0.85 0.6174999999999999 0.8487500000000001 0.608125 0.8225 0.569375 0.805 0.5387500000000001 0.8018750000000001 0.5287499999999999 0.7893749999999999 0.5181250000000001 0.783125 0.5181250000000001 0.7631249999999999 0.529375 0.759375 0.5349999999999999 0.760625 0.54375
4 1 0.71 0.9956250000000001 0.69875 0.9262499999999999 0.678125 0.8943749999999999 0.67375 0.866875 0.67375 0.85625 0.6799999999999999 0.8412499999999999 0.6799999999999999 0.8412499999999999 0.694375 0.845 0.69875 0.85 0.6993750000000001 0.851875 0.70375 0.8574999999999999 0.7075 0.9262499999999999 0.713125 0.938125 0.720625 0.9400000000000001 0.735625 0.95625 0.7462500000000001 0.9806250000000001 0.745 0.991875 0.73625 1 0.724375 1 0.71
4 0.7631249999999999 0.75875 0.76625 0.764375 0.77125 0.7693749999999999 0.8087500000000001 0.76375 0.8300000000000001 0.76375 0.83625 0.7681250000000001 0.840625 0.776875 0.844375 0.798125 0.838125 0.80625 0.819375 0.819375 0.9 0.8256249999999999 0.9043749999999999 0.80625 0.9112500000000001 0.7943749999999999 0.9199999999999999 0.78625 0.934375 0.781875 0.936875 0.7787499999999999 0.936875 0.72 0.923125 0.7125 0.875 0.709375 0.804375 0.6993750000000001 0.7943749999999999 0.6993750000000001 0.77 0.714375 0.7625 0.748125 0.7631249999999999 0.75875
2 0.6912499999999999 0.7893749999999999 0.676875 0.798125 0.665 0.8087500000000001 0.663125 0.813125 0.6575 0.815625 0.655625 0.825 0.6575 0.834375 0.675 0.834375 0.6875 0.840625 0.698125 0.8425 0.7375 0.840625 0.754375 0.8375 0.7618750000000001 0.8150000000000001 0.7731250000000001 0.8081250000000001 0.79375 0.8087500000000001 0.8099999999999999 0.819375 0.826875 0.81375 0.843125 0.8018750000000001 0.844375 0.7925 0.8375 0.770625 0.8331250000000001 0.765 0.8256249999999999 0.7631249999999999 0.7849999999999999 0.766875 0.7575000000000001 0.775625 0.745 0.77625 0.6912499999999999 0.7893749999999999
2 0.735625 0.844375 0.735625 0.85625 0.7575000000000001 0.8775000000000001 0.775625 0.8862500000000001 0.796875 0.891875 0.795 0.9043749999999999 0.7975 0.905625 0.805 0.905 0.8099999999999999 0.891875 0.81875 0.883125 0.835625 0.8800000000000001 0.8881249999999999 0.8800000000000001 0.89875 0.89375 0.9012499999999999 0.9081250000000001 0.9099999999999999 0.90625 0.915 0.9012499999999999 0.91875 0.89125 0.91875 0.875625 0.9112500000000001 0.8618750000000001 0.9043749999999999 0.8550000000000001 0.8825 0.8481249999999999 0.836875 0.8425 0.796875 0.829375 0.770625 0.8300000000000001 0.7525000000000001 0.8393750000000001 0.739375 0.8393750000000001 0.735625 0.844375
2 0.673125 0.8949999999999999 0.670625 0.9043749999999999 0.68125 0.9168749999999999 0.685625 0.928125 0.7106250000000001 0.9425000000000001 0.7693749999999999 0.9512499999999999 0.770625 0.95875 0.78 0.9650000000000001 0.7893749999999999 0.9675 0.8087500000000001 0.9675 0.819375 0.9625 0.825 0.9556250000000001 0.829375 0.9425000000000001 0.829375 0.9337500000000001 0.826875 0.9268750000000001 0.8143750000000001 0.9125 0.79875 0.90625 0.748125 0.8949999999999999 0.724375 0.8856249999999999 0.7106250000000001 0.8862500000000001 0.69375 0.8949999999999999 0.684375 0.8931250000000001 0.673125 0.8949999999999999
2 0.5125 0.8074999999999999 0.526875 0.8106249999999999 0.54125 0.818125 0.5743750000000001 0.8225 0.5818749999999999 0.8324999999999999 0.583125 0.850625 0.586875 0.853125 0.650625 0.853125 0.655625 0.849375 0.6575 0.809375 0.655 0.803125 0.62 0.798125 0.55625 0.79625 0.540625 0.791875 0.520625 0.7931250000000001 0.509375 0.79875 0.5081249999999999 0.803125 0.5125 0.8074999999999999
2 0.5675 0.751875 0.5549999999999999 0.765625 0.5587500000000001 0.7931250000000001 0.608125 0.7975 0.63625 0.795 0.6481250000000001 0.7875 0.671875 0.785625 0.70125 0.778125 0.720625 0.759375 0.73375 0.75625 0.735 0.745 0.7318749999999999 0.74 0.725625 0.7381249999999999 0.7162499999999999 0.740625 0.6950000000000001 0.7318749999999999 0.6743750000000001 0.7325 0.63875 0.740625 0.605 0.74375 0.5675 0.751875
2 0.6381249999999999 0.655625 0.6425 0.6743750000000001 0.651875 0.68125 0.66875 0.681875 0.6725 0.68625 0.676875 0.704375 0.691875 0.713125 0.6975 0.728125 0.703125 0.73375 0.7150000000000001 0.740625 0.7262500000000001 0.739375 0.73375 0.743125 0.735 0.750625 0.7306250000000001 0.7625 0.7375 0.766875 0.7381249999999999 0.770625 0.756875 0.77125 0.765 0.76625 0.764375 0.72375 0.7275 0.691875 0.714375 0.685625 0.7075 0.675 0.678125 0.6481250000000001 0.6681250000000001 0.6431250000000001 0.649375 0.640625 0.64375 0.63625 0.6331249999999999 0.6368750000000001 0.63 0.641875 0.630625 0.6475 0.6381249999999999 0.655625
2 0.8637499999999999 0.603125 0.8724999999999999 0.61125 0.8793749999999999 0.6125 0.8925000000000001 0.6224999999999999 0.9237500000000001 0.6174999999999999 0.9225 0.59875 0.911875 0.5875 0.9 0.58 0.89625 0.573125 0.8856249999999999 0.568125 0.86875 0.568125 0.8618750000000001 0.57625 0.858125 0.5900000000000001 0.8637499999999999 0.603125
4 0.645625 0.6368750000000001 0.6481250000000001 0.634375 0.6487499999999999 0.6275000000000001 0.6525000000000001 0.62625 0.65625 0.620625 0.65625 0.6131249999999999 0.650625 0.6068749999999999 0.63125 0.608125 0.6056250000000001 0.614375 0.57625 0.605 0.571875 0.6068749999999999 0.5900000000000001 0.635625 0.6025 0.639375 0.645625 0.6368750000000001
2 0.529375 0.629375 0.55 0.65 0.576875 0.651875 0.584375 0.655 0.5900000000000001 0.6599999999999999 0.591875 0.6681250000000001 0.5974999999999999 0.6681250000000001 0.6012500000000001 0.6725 0.631875 0.670625 0.6 0.6368750000000001 0.595625 0.635 0.591875 0.628125 0.55125 0.585 0.54 0.579375 0.535625 0.5806250000000001 0.5175 0.596875 0.515 0.609375 0.529375 0.629375
2 0.44125 0.68125 0.46749999999999997 0.68625 0.499375 0.684375 0.535625 0.685625 0.593125 0.67625 0.600625 0.671875 0.6 0.6693749999999999 0.5856250000000001 0.6681250000000001 0.583125 0.6587500000000001 0.5725 0.653125 0.5025000000000001 0.650625 0.48250000000000004 0.6475 0.45125000000000004 0.6475 0.44375 0.65 0.438125 0.659375 0.44125 0.68125
2 0.473125 0.579375 0.46624999999999994 0.583125 0.4525 0.598125 0.445 0.6012500000000001 0.44000000000000006 0.608125 0.434375 0.61125 0.42750000000000005 0.6224999999999999 0.42750000000000005 0.6375 0.42374999999999996 0.6443749999999999 0.426875 0.65125 0.433125 0.651875 0.44749999999999995 0.6443749999999999 0.46749999999999997 0.6431250000000001 0.48250000000000004 0.625 0.510625 0.6056250000000001 0.515625 0.595625 0.5443749999999999 0.57625 0.55375 0.561875 0.5543750000000001 0.556875 0.54875 0.5506249999999999 0.533125 0.54125 0.51 0.5443749999999999 0.495 0.5599999999999999 0.484375 0.5662499999999999 0.473125 0.579375
2 0.7175 0.573125 0.72875 0.5856250000000001 0.7318749999999999 0.585 0.735 0.58 0.755 0.573125 0.77125 0.5725 0.77 0.559375 0.753125 0.56125 0.7424999999999999 0.55125 0.7224999999999999 0.5443749999999999 0.663125 0.545 0.663125 0.546875 0.684375 0.56375 0.7175 0.573125
2 0.605 0.54875 0.6075 0.5525 0.61875 0.556875 0.65 0.561875 0.656875 0.5662499999999999 0.665 0.57625 0.683125 0.5856250000000001 0.711875 0.591875 0.728125 0.591875 0.7275 0.585 0.7175 0.573125 0.6849999999999999 0.56375 0.655 0.5393749999999999 0.6431250000000001 0.534375 0.614375 0.534375 0.61 0.54125 0.6056250000000001 0.5425 0.605 0.54875
2 0.624375 0.5925 0.649375 0.59375 0.65625 0.588125 0.6599999999999999 0.5825 0.6599999999999999 0.573125 0.655 0.5662499999999999 0.64625 0.5625 0.63375 0.563125 0.62625 0.5675 0.624375 0.5706249999999999 0.624375 0.5925
4 0.4925 0.5287499999999999 0.48375 0.53625 0.48375 0.54625 0.49124999999999996 0.5525 0.49312500000000004 0.558125 0.49625 0.5587500000000001 0.51 0.545 0.5237499999999999 0.535625 0.53125 0.5349999999999999 0.5375 0.538125 0.5493750000000001 0.54875 0.5543750000000001 0.556875 0.5525 0.5675 0.5443749999999999 0.58 0.5706249999999999 0.605 0.6075 0.6131249999999999 0.620625 0.594375 0.624375 0.58 0.623125 0.56875 0.6056250000000001 0.5549999999999999 0.5543750000000001 0.528125 0.526875 0.528125 0.5081249999999999 0.5325 0.49874999999999997 0.531875 0.4925 0.5287499999999999
4 0.743125 0.6681250000000001 0.765625 0.673125 0.7825 0.6875 0.805 0.69875 0.821875 0.7025 0.83625 0.7025 0.843125 0.7 0.8387499999999999 0.69375 0.838125 0.683125 0.8412499999999999 0.6793750000000001 0.85 0.67875 0.850625 0.67625 0.8462500000000001 0.670625 0.834375 0.665 0.7849999999999999 0.6481250000000001 0.765 0.64375 0.74875 0.640625 0.7175 0.6425 0.711875 0.64 0.705 0.64125 0.70375 0.645625 0.71875 0.65125 0.743125 0.6681250000000001
2 0.42625 0.79125 0.434375 0.79625 0.44437499999999996 0.8324999999999999 0.45999999999999996 0.8418749999999999 0.468125 0.85375 0.48687500000000006 0.8525 0.48687500000000006 0.858125 0.49124999999999996 0.8618750000000001 0.5493750000000001 0.865625 0.5575 0.86875 0.5756249999999999 0.8675 0.58 0.8625 0.5825 0.8400000000000001 0.58125 0.83375 0.5756249999999999 0.828125 0.52625 0.8106249999999999 0.491875 0.803125 0.441875 0.778125 0.42437500000000006 0.7787499999999999 0.41937499999999994 0.78 0.41937499999999994 0.7825 0.42625 0.79125
2 0.5075000000000001 0.70875 0.506875 0.71875 0.510625 0.734375 0.51875 0.7418750000000001 0.548125 0.746875 0.5706249999999999 0.74375 0.6012500000000001 0.735 0.621875 0.7325 0.6331249999999999 0.7268749999999999 0.645625 0.725625 0.654375 0.7162499999999999 0.65625 0.70875 0.6725 0.69625 0.6725 0.68625 0.665625 0.680625 0.6525000000000001 0.680625 0.64 0.6725 0.630625 0.67125 0.604375 0.6725 0.5225 0.6912499999999999 0.51375 0.698125 0.5075000000000001 0.70875
3 0.5393749999999999 0.8868750000000001 0.534375 0.900625 0.52625 0.9106249999999999 0.525625 0.9243750000000001 0.530625 0.936875 0.5806250000000001 0.9712500000000001 0.594375 0.9675 0.604375 0.95875 0.619375 0.9512499999999999 0.63625 0.9481249999999999 0.6443749999999999 0.9525 0.6587500000000001 0.97 0.67125 0.9724999999999999 0.675 0.963125 0.67 0.936875 0.673125 0.9256249999999999 0.671875 0.9043749999999999 0.67625 0.885 0.6756249999999999 0.874375 0.659375 0.86 0.65 0.8574999999999999 0.6325000000000001 0.858125 0.5825 0.8793749999999999 0.55625 0.8800000000000001 0.5393749999999999 0.8868750000000001