2 0.8154666140625 0.4344584484375 0.8017690375000001 0.42894068125 0.8084952937500001 0.42378815000000003 0.7986411437500001 0.396768503125 0.804952759375 0.3748314171875 0.79628565625 0.3545438546875 0.776728325 0.33022676875 0.7259324171875 0.31637602343750004 0.7166624859375 0.3071026609375 0.6941096203125 0.309096084375 0.675042415625 0.31642465625 0.675287478125 0.33224748593750003 0.6548450375 0.360642728125 0.70328650625 0.46217184843750003 0.71928269375 0.4662926828125 0.8020141015625001 0.4447635109375 0.8154666140625 0.4344584484375
2 0.8194589125 0.182872728125 0.82820045 0.0881183703125 0.8148792484375 0.027003093750000002 0.7982047484375 0.0190353546875 0.7595616015625 0.030807321874999998 0.7126287765625 0.09659724374999999 0.712309278125 0.19581633437499998 0.703190315625 0.216265178125 0.715003921875 0.2399644359375 0.7648764531250001 0.23414544531249998 0.8071934468749999 0.199909875 0.8194589125 0.182872728125
2 0.6152752109375 0 0.5723183296875 0.06580661875 0.57928965 0.07647691718750001 0.613241478125 0.081398196875 0.628559353125 0.081672125 0.6576688953125001 0.07356444375 0.704846784375 0.023597353125 0.72164826875 0 0.6152752109375 0
2 0.574126815625 0.0327640234375 0.54595925625 0.031780959375 0.545544615625 0.014996403124999998 0.5346543859375 0.0109668796875 0.5052056875 0.0171511078125 0.4609292375 0.054707065624999995 0.4557860625 0.1121367171875 0.43839603125000004 0.157843034375 0.4395830796875 0.16457511875 0.4955035546875 0.1497566921875 0.56883266875 0.06047146875 0.574126815625 0.0327640234375
2 0.74663853125 0.27504313125 0.7406846812500001 0.2701431890625 0.7475805156249999 0.26595238593750004 0.7600910437499999 0.26473806875 0.751066175 0.271287534375 0.75668086875 0.2742640234375 0.78017571875 0.2631798546875 0.7654606734375 0.251891728125 0.7624082640625 0.2345806546875 0.7470903890625 0.23430672656249998 0.570737346875 0.273335546875 0.5355798609375 0.2904426625 0.5297014953125 0.30040382499999996 0.5361640796875 0.3081889453125 0.5623721828125 0.312492396875 0.705357615625 0.2862885796875 0.74663853125 0.27504313125
2 0.774730603125 0.2611650921875 0.803746053125 0.26695678906250003 0.8264684984375 0.2659250921875 0.8708959140625 0.25809133906250004 0.9021344906250001 0.247624996875 0.957809903125 0.2169837421875 0.9369517734375 0.0986914046875 0.8908099625 0.12566837343749998 0.7994497203125001 0.199292046875 0.7588285109374999 0.24314488124999997 0.774730603125 0.2611650921875
2 0.8149764875000001 0.402812790625 0.8325929734375 0.4016897828125 0.8758333421875 0.38712394687499996 0.8899641687500001 0.380665790625 0.8930351875 0.369216384375 0.902907946875 0.36747555 0.9764635171875 0.3227736375 0.9584882171875 0.220830646875 0.8997231765624999 0.2916817890625 0.8108311234375 0.3648702546875 0.798904815625 0.383830853125 0.8149764875000001 0.402812790625
2 1 0.456255665625 0.9981695390624999 0.44587460625 0.9375008703125 0.43376469531249995 0.9366529796874999 0.4289560640625 0.916398725 0.429552553125 0.8919805000000001 0.42096698593750004 0.876832203125 0.421654784375 0.8391310421875 0.42433600625 0.83751074375 0.429579846875 0.8129984234375 0.43489365781249995 0.7992822390625001 0.45813636874999997 0.8170496937499999 0.48673556875 0.8427490609375001 0.48815384218749996 0.8727819828125 0.499715896875 0.8857071515625 0.5152861375 0.9106341125 0.5267568812500001 0.9495223203125001 0.5308077453125 1 0.525908203125 1 0.456255665625
2 0.8725937953124999 0.5275146515625 0.8799228796874999 0.511347921875 0.8646990999999999 0.4971746171875 0.837643103125 0.4880625328125 0.7381617109375 0.4867628640625 0.6968807984375001 0.4980083125 0.6837674421875 0.5102368265624999 0.695241890625 0.5320126328125 0.7720763234375 0.549205103125 0.83973491875 0.5432248328125 0.8725937953124999 0.5275146515625
2 0.58549170625 0.48690876093749996 0.614431671875 0.477839353125 0.63868031875 0.48546319374999997 0.65126633125 0.49910998125 0.6967112203125 0.49704658593750006 0.780799253125 0.48321122499999997 0.806931871875 0.47265357343750003 0.794345859375 0.4590067859375 0.7563055421875 0.45976455468750005 0.7219204609375 0.46681920000000005 0.6978413921875 0.4601570875 0.66609408125 0.46773825 0.57111581875 0.4775440875 0.5482992796875 0.4924751609375 0.5556097578125 0.5050689125 0.5890528515625 0.5071050140625 0.5964574203125 0.5057993875 0.58549170625 0.48690876093749996
2 0.5832499703125 0.531927278125 0.5991706734375 0.521187009375 0.594158809375 0.5071963234375 0.5712667875 0.50726629375 0.5522936765625001 0.5006954890624999 0.5573241484375 0.48592569531249996 0.5758826203125 0.47571194375000003 0.5638994359375 0.45105095781250004 0.5457742156250001 0.4492887859375 0.4954684328125 0.46708370156249995 0.5046442703125 0.4902564421875 0.529401653125 0.5007654609375 0.555251990625 0.531905940625 0.5832499703125 0.531927278125
2 0.8988412140625 0.734103190625 0.90098885625 0.70298405 0.87649514375 0.6795373812500001 0.8996508375 0.666529759375 0.9100323328125001 0.6676741046875 0.9279124890625001 0.653613446875 0.928854475 0.6445227015625 0.9103900984375001 0.6408370765625 0.920093278125 0.638134515625 0.9275919421875001 0.6229295140625 0.93942415625 0.6178682921875 0.9084678609375001 0.586636503125 0.8791132546875 0.5789213546875 0.8807521625 0.5449170343749999 0.8575209828125001 0.543063553125 0.82330548125 0.5510799234375 0.8141865203125 0.571528765625 0.77953776875 0.5915210609375 0.756457559375 0.6193897859375 0.7686485875 0.7173945625 0.7764677984375 0.7328734921875 0.8114370984375 0.7435651296875 0.872199859375 0.7417756640625 0.8988412140625 0.734103190625
2 0.657128184375 0.777715346875 0.6516261953125 0.7320790015624999 0.6593885296875001 0.7039363484375001 0.6377776500000001 0.6968390265625 0.6148856281249999 0.696908996875 0.58790511875 0.7026580171875 0.5742830265625 0.7120013515625 0.579200796875 0.739891415625 0.5696299765624999 0.8010766625000001 0.5866436328125 0.8109678546874999 0.6139633015625 0.8071422874999999 0.626907078125 0.793952046875 0.657128184375 0.777715346875
2 0.6158286625 0.8177212765625 0.6146416140625 0.8109891921875001 0.5759229828125 0.8079000562499999 0.5563470421875001 0.81234345 0.48475092656249996 0.8537249765625001 0.5077184328125 0.8685161078125001 0.5422730921875 0.8624231890624999 0.5956498921875 0.8331788687499999 0.6158286625 0.8177212765625
2 0.7798604124999999 0.8820110421875 0.7682918703125 0.8741346140624999 0.75280441875 0.8728989593750001 0.7733223437500001 0.8593648203124999 0.7513723078125001 0.8503440453125 0.72422221875 0.8551313374999999 0.7030259796875 0.864818571875 0.6674538515624999 0.8651411328125 0.6533230265625 0.8715992890625 0.6474446609375 0.8815604515625 0.6598610953125 0.8942455125000001 0.6860691984375 0.8985489640625 0.73594173125 0.8927299734374999 0.7798604124999999 0.8820110421875
2 0.7704012453125 0.7706334078125 0.7931422984375 0.74084123125 0.7759590625 0.7299883140625 0.7643336453125 0.6784903 0.7446636109375 0.696833071875 0.74294921875 0.7159762890625 0.6994451781250001 0.7434797750000001 0.6929639843750001 0.7644551359375 0.7067370453125 0.7848340078125 0.7264825640625 0.7813523390625 0.7396714046875 0.7839849296875 0.7704012453125 0.7706334078125
4 0.5157051265625 0.6251507171874999 0.5306083578125 0.6086400890625 0.5282342625 0.5951759203125 0.5173440328125001 0.5911463968749999 0.5228832421875 0.5792617812499999 0.4941314640625 0.560532434375 0.4740653984375 0.5333301687499999 0.4497226546875 0.5396057062499999 0.447838684375 0.557787196875 0.4515694078125 0.5789451765625 0.478776371875 0.6177794671875 0.49528129375 0.6247854796875 0.5157051265625 0.6251507171874999
2 0.599000046875 0.39032225781249996 0.5792731375 0.3650434453125 0.5639552625 0.3647695171875 0.5623349640625 0.3700133578125 0.5478649828125 0.3745480609375 0.501402625 0.3708410984375 0.48209035624999996 0.362346840625 0.47059729843750003 0.369331515625 0.47510042812500003 0.380437021875 0.5306631359375 0.39245562343749996 0.579254528125 0.3938039265625 0.599000046875 0.39032225781249996
2 0.49863144843749996 0.18192886875 0.5488431359375 0.17803333125 0.5933646484375 0.1563002015625 0.613958059375 0.157627165625 0.619346296875 0.11602034375 0.6033501109375 0.11189951093749999 0.573901409375 0.1180837390625 0.5382351890625 0.1323056765625 0.50426475 0.1561448765625 0.48120314999999997 0.155253121875 0.4383019375 0.1717424109375 0.42501900312499996 0.18300919843750002 0.42952213281249996 0.19411470625 0.44781693125000005 0.1968386046875 0.48943700156250003 0.18751660781249999 0.49863144843749996 0.18192886875
2 0.3830969921875 0.1328867828125 0.4077788921875 0.12853469687500002 0.4244720015625 0.10774195625 0.42490525156250003 0.09576603125000001 0.40856990781249997 0.0897217453125 0.3694180265625 0.09860853281250001 0.33056808437499996 0.166939734375 0.34068590625 0.18102172968750002 0.35864154843749996 0.1818221765625 0.364199365625 0.14117708125 0.3830969921875 0.1328867828125
2 0.28029951875000003 0.1272136890625 0.2837851796875 0.1325488375 0.2862533703125 0.1321136296875 0.29772781875 0.15388943593749999 0.3001960078125 0.153454228125 0.30368166875 0.1587893765625 0.3089572046875 0.1598424125 0.3094659390625 0.1627275921875 0.314741475 0.163780628125 0.324614234375 0.16203979375 0.33329994531249996 0.153566875 0.3327912109375 0.150681696875 0.3352594 0.1502464875 0.327873440625 0.12279163281250001 0.3303416296875 0.12235642499999999 0.32907909687500003 0.1007632375 0.331377709375 0.099366303125 0.32890951875 0.0998015109375 0.328400784375 0.09691633125 0.308655265625 0.10039800000000002 0.3084856875 0.0994362734375 0.2935069703125 0.10108579843750001 0.2867807140625 0.106238328125 0.276907953125 0.10797916249999999 0.27001211875000003 0.11216996718750001 0.2748544046875 0.1251989265625 0.27732259375 0.12476371875 0.2778313296875 0.127648896875 0.28029951875000003 0.1272136890625
2 0.2641151453125 0.15089160937499999 0.2644543015625 0.15281506250000002 0.266922490625 0.152379853125 0.27040815 0.157715003125 0.272876340625 0.1572797953125 0.273215496875 0.159203246875 0.2756836875 0.1587680390625 0.27899976875 0.1631414625 0.2814679578125 0.162706253125 0.285292775 0.16996485625 0.28776096406249996 0.169529646875 0.2882696984375 0.1724148265625 0.290737890625 0.1719796171875 0.291416203125 0.175826521875 0.29388439375000003 0.1753913140625 0.29422355 0.1773147671875 0.2991599296875 0.17644435 0.2989903515625 0.1754826234375 0.301458540625 0.17504741562499998 0.2999323359375 0.166391878125 0.3024005265625 0.1659566703125 0.3001960078125 0.153454228125 0.29772781875 0.15388943593749999 0.2968799265625 0.1490808046875 0.2944117375 0.1495160125 0.2935638453125 0.14470738125 0.29109565625 0.1451425890625 0.2899086078125 0.13841050625 0.28744041875000004 0.1388457140625 0.2864229484375 0.13307535625 0.2839547578125 0.1335105640625 0.28344602343749997 0.1306253859375 0.276041453125 0.13193101093749998 0.27621103125 0.1328927375 0.2712746515625 0.1337631546875 0.26914561875 0.136121815625 0.2642092390625 0.1369922328125 0.2643788171875 0.137953959375 0.2594424375 0.138824375 0.259612015625 0.1397861015625 0.2548452140625 0.1416182453125 0.25883960781250004 0.1498385734375 0.26130779843749996 0.149403365625 0.2616469546875 0.15132681718750002 0.2641151453125 0.15089160937499999
2 0.3395174671875 0.145529165625 0.3393478890625 0.1445674390625 0.34428426875 0.1436970234375 0.3457349890625 0.13749145625 0.348203178125 0.1370562484375 0.347864021875 0.1351327953125 0.3503322109375 0.1346975859375 0.34999305468749997 0.13277413437500002 0.354590278125 0.12998026406250002 0.35604099843750003 0.1237746984375 0.360638221875 0.120980828125 0.3628613484375 0.104722790625 0.36532953749999997 0.10428758281249999 0.36499038125 0.1023641296875 0.3674585703125 0.1019289203125 0.3671194140625 0.10000546875 0.3717166375 0.0972115984375 0.36951212031249997 0.08470915625 0.36687435156250003 0.0841826390625 0.3471288328125 0.08766430625 0.34168371875000003 0.08564954375 0.3367473390625 0.0865199609375 0.332150115625 0.08931383125 0.332489271875 0.0912372828125 0.3300210828125 0.0916724921875 0.33188644375 0.10225148125000001 0.3294182546875 0.102686690625 0.33358222656250003 0.11186874531249999 0.3311140375 0.112303953125 0.3338272890625 0.127691575 0.3313591 0.1281267828125 0.334072353125 0.143514403125 0.33654054218749996 0.1430791953125 0.33704927812499996 0.14596437499999998 0.3395174671875 0.145529165625
2 0.378331240625 0.26462195 0.388373578125 0.2638428421875 0.3911809234375 0.2653310859375 0.39858549375 0.2640254609375 0.39969705625 0.25589644218749996 0.411190115625 0.2489117671875 0.4066115015625 0.22294515625 0.411208725 0.22015128750000001 0.41232028906249996 0.21202226875000002 0.414788478125 0.211587059375 0.4160696203125 0.20441976718750002 0.41853780937499996 0.20398455937499999 0.41522172812499997 0.1996111359375 0.40798673750000003 0.2018784875 0.39768072656250003 0.2155952453125 0.392913925 0.21742738906249998 0.382607915625 0.231144146875 0.3778411140625 0.232976290625 0.3781802703125 0.2348997421875 0.37571208125 0.2353349515625 0.37605123749999997 0.2372584046875 0.36932498125 0.242410934375 0.3680438390625 0.249578228125 0.36557565 0.25001343593750003 0.3676105890625 0.2615541515625 0.37007877968749997 0.26111894375 0.3704179359375 0.2630423953125 0.378331240625 0.26462195
2 0.314121084375 0.3334583296875 0.3156472890625 0.34211386718750003 0.3181154796875 0.34167865937499997 0.31913295 0.3474490171875 0.321601140625 0.3470138078125 0.3290811953125 0.3605692859375 0.33154938437500003 0.36013407656249996 0.33486546562499997 0.3645075 0.3422700359375 0.363201875 0.3404046734375 0.3526228859375 0.3428728640625 0.3521876765625 0.34219455 0.348340771875 0.344662740625 0.3479055625 0.34526556875000003 0.336891365625 0.347733759375 0.33645615625 0.34739460312500003 0.3345327046875 0.3498627921875 0.3340974953125 0.3483365875 0.325441959375 0.35080477656250003 0.32500675 0.3504656203125 0.3230832984375 0.3529338109375 0.3226480890625 0.35208591875 0.3178394578125 0.3496177296875 0.318274665625 0.34910899375 0.3153894875 0.34400303593750003 0.315298178125 0.3436638796875 0.31337472499999997 0.341195690625 0.3138099328125 0.335750575 0.311795171875 0.325877815625 0.3135360046875 0.32374878281249997 0.3158946671875 0.30893964218750003 0.3185059171875 0.3091092203125 0.31946764375000003 0.30664103125 0.3199028515625 0.307149765625 0.32278803125 0.3046815765625 0.3232232390625 0.3086759703125 0.33144356875000003 0.31114416093749997 0.331008359375 0.3116528953125 0.3338935390625 0.314121084375 0.3334583296875
2 0.39052226874999996 0.36262672500000004 0.3933296140625 0.36411496875 0.39826599375 0.3632445515625 0.39843557343749997 0.364206278125 0.403371953125 0.36333586093750003 0.40354153125 0.36429758749999996 0.4109461 0.3629919625 0.411115678125 0.36395368906250003 0.42592481875 0.3613424375 0.42609439687500006 0.3623041640625 0.4285625875 0.36186895625000004 0.42839300937499997 0.3609072296875 0.43332938906249996 0.3600368125 0.43315980937500004 0.3590750859375 0.435628 0.358639878125 0.43528884375 0.356716425 0.43775703281249995 0.3562812171875 0.43741787656250003 0.3543577640625 0.439886065625 0.3539225546875 0.438529440625 0.34622874531250003 0.44099762968749995 0.3457935359375 0.44031931718750006 0.34194663125 0.44278750625 0.341511421875 0.44109172343749997 0.331894159375 0.43121896406250004 0.33363499375 0.4313885421875 0.3345967203125 0.4239839734375 0.33590234531249996 0.4241535515625 0.336864071875 0.4068762203125 0.33991053125000004 0.40636748593750005 0.3370253515625 0.3989629171875 0.3383309765625 0.3991324953125 0.33929270312500004 0.39666430468749997 0.3397279125 0.3968338828125 0.3406896390625 0.3920670828125 0.34252178125 0.3924062390625 0.344445234375 0.3899380484375 0.34488044218749997 0.3902772046875 0.3468038953125 0.387809015625 0.347239103125 0.388148171875 0.34916255625 0.38567998281250004 0.3495977640625 0.38601913906249996 0.3515212171875 0.38355094843750004 0.35195642656250004 0.3842292625 0.35580333125 0.381761071875 0.35623853906249997 0.3852467328125 0.3615736890625 0.387714921875 0.36113848125 0.38805407812500003 0.3630619328125 0.39052226874999996 0.36262672500000004
4 0.531134653125 0.4528617640625 0.5332636875000001 0.45050310156249995 0.5292692921875 0.4422827734375 0.52101683125 0.4387797671875 0.5189818921875 0.4272390515625 0.53047495 0.420254378125 0.5498813124999999 0.41484925781250004 0.5481855296875 0.40523199375 0.54223168125 0.400332053125 0.5410446328125 0.39359996875 0.501478109375 0.3857022015625 0.4965417296875 0.38657261875 0.494412696875 0.3889312796875 0.4992549828125 0.4019602390625 0.4889489734375 0.415676996875 0.501346796875 0.4571225390625 0.5067919125 0.45913729999999997 0.5191328609375 0.45696125781249997 0.531134653125 0.4528617640625
2 0.5829480328125001 0.47248286562499997 0.5882235687499999 0.4735359015625 0.6030327078125 0.47092465 0.6032022859375 0.4718863765625 0.6598010750000001 0.46091485624999995 0.659631496875 0.4599531296875 0.669334678125 0.45725056875 0.6714637109375 0.45489190781250005 0.68363508125 0.45175413906250006 0.683465503125 0.4507924140625 0.69070049375 0.4485250609375 0.689513446875 0.44179297812499996 0.684237909375 0.44073994218749996 0.676833340625 0.4420455671875 0.6766637625 0.441083840625 0.6717273828125 0.44195425781250003 0.666451846875 0.440901221875 0.6629661875 0.435566071875 0.660497996875 0.43600128125 0.659819684375 0.432154375 0.6545441484375 0.431101340625 0.6496077687499999 0.43197175625 0.6494381890625001 0.43101003125000004 0.6127544968749999 0.43946161093749997 0.6129240765625 0.44042333593749994 0.607987696875 0.44129375312499997 0.608157275 0.44225547968749995 0.588920490625 0.4486223265625 0.5867914578125 0.45098098750000004 0.581855078125 0.45185140468749996 0.57495924375 0.45604220937499995 0.5731693671875 0.46032432187500005 0.5707011765625001 0.46075953125 0.572396959375 0.47037679375 0.57486515 0.46994158593749996 0.578011653125 0.4733532828125 0.5829480328125001 0.47248286562499997
4 0.618578084375 0.6456849124999999 0.6068399640625 0.6368467578125 0.6019976781249999 0.6238177968749999 0.6203865703125 0.6126423187500001 0.6098354968749999 0.610536246875 0.5872826328125 0.6125296703124999 0.586773896875 0.6096444921875 0.5940088890624999 0.6073771406249999 0.5886578671875 0.5914630015625 0.59615653125 0.5762579984375 0.5932737 0.5599086515625 0.5874894281249999 0.5559704375 0.5702121 0.5590168953125 0.56348584375 0.5641694265625 0.5629584984375 0.590044728125 0.558870009375 0.5957237765625 0.5495059859375 0.6003497890625 0.56427790625 0.6552595 0.5748289796875 0.6573655703125 0.60197906875 0.652578278125 0.618578084375 0.6456849124999999
4 0.4491591421875 0.7529049921875 0.48848060000000004 0.74497993125 0.5042317265625 0.733277934375 0.486897521875 0.6927028109375 0.4639300140625 0.677911678125 0.440020521875 0.672211290625 0.42726493281250005 0.6576027765625 0.41109916718750006 0.6525202171875 0.4010568296875 0.653299325 0.386756425 0.6587957546875 0.36341254375 0.6996021296875 0.3727579578125 0.7237365984374999 0.41290870156250004 0.7493806484375 0.43137307812500003 0.7530662734375 0.4491591421875 0.7529049921875
2 1 0.8419955031249999 0.9780880078124999 0.8371418937499999 0.9445694296875 0.8202446906249999 0.9192092187500001 0.8207498687499999 0.9004811671875 0.8300018953125001 0.918851453125 0.847586896875 0.9232604890625 0.87259178125 0.9761668203125 0.9128443453124999 1 0.9184346375000001 1 0.8419955031249999
2 0.6757207281250001 0.3202715625 0.674703259375 0.3145012046875 0.6483255781249999 0.309236025 0.6433137125 0.2952453390625 0.6163332015625 0.300994359375 0.5869599875 0.3220396890625 0.5852269859375 0.3699433875 0.596023121875 0.38787228749999997 0.6539785375 0.38459457812500003 0.65450588125 0.35871927656249997 0.6757207281250001 0.3202715625
2 0.46187947031250004 0 0.4293887234375 0.0057289953125000005 0.42383090625 0.046374090624999996 0.4345329484375 0.07820236875 0.45478720156249997 0.0776058796875 0.46697718125 0.0457076296875 0.5043577953125 0.012342475 0.502181484375 0 0.46187947031250004 0