1 0.25687555781250004 0.7983629546875 0.269866803125 0.8071802031249999 0.3455838484375 0.7946800281249999 0.3775381140625 0.75934763125 0.37387626875 0.6819806546875 0.361848128125 0.6593903328125 0.3230119765625 0.63097100625 0.26576315 0.6388309953125 0.250570515625 0.6614950578125 0.24949886718749997 0.774120690625 0.25687555781250004 0.7983629546875
1 0.03794803125 0.458792765625 0.2713751578125 0.4612751609375 0.28444844687500004 0.43648569375 0.2785852140625 0.39060002968749996 0.2677133125 0.3839081828125 0.0479653640625 0.380405128125 0.0219008296875 0.3963773453125 0.015185578124999998 0.42754301406249995 0.03794803125 0.458792765625
1 0.4875748984375 0.612820321875 0.58674233125 0.6217319875 0.6835707875 0.6640925453125 0.7154430125 0.6623668640625 0.7348743375 0.643953603125 0.7446720421874999 0.6011402609375 0.7274421046875 0.588072209375 0.6630917640625 0.5677547703125 0.6570089015625 0.5574434015625 0.6003104218749999 0.5574330625 0.531446215625 0.5367999859375 0.5066199609375001 0.5350639640625 0.4873262234375 0.5515096421875 0.48162962187499997 0.6005413703125 0.4875748984375 0.612820321875
2 0.5468926234375 0.8997082437499999 0.5452415828125 0.923319228125 0.5576824828125 0.940006803125 0.556719375 0.9537798765625001 0.627372209375 0.9488343890625 0.6468035328124999 0.9304211312499999 0.6672244640625 0.832988953125 0.6929582812499999 0.7893127703125 0.687865021875 0.69998248125 0.670772671875 0.684946846875 0.6435518984375 0.6850205875 0.626927853125 0.6957213390625 0.5913407859375 0.750571734375 0.5468926234375 0.8997082437499999
2 0.42022924531249994 0.8948054843750001 0.45576331562499994 0.9704467765624999 0.49680085625 0.96738479375 0.496194965625 0.9436159890625 0.52220395625 0.8960046421874999 0.519973521875 0.8306009765625 0.49611037343750003 0.8150918828125 0.509485334375 0.721121409375 0.5014207125000001 0.7067170546875 0.4331623984375 0.7098527812500001 0.42303397499999995 0.7249621546875 0.42765892968749997 0.7885560578125 0.42022924531249994 0.8948054843750001
2 0.84777649375 0.6834837390625 0.8750528125000001 0.7150491296875 0.8825670875 0.7373238125 0.9002097843750001 0.7444891171875 0.921347696875 0.7341040078125001 0.9399799968749999 0.6622503953125001 0.91308739375 0.5278972828125 0.898251975 0.51301946875 0.8387462156250001 0.5207216390625 0.8354441343750001 0.56794360625 0.8503906421874999 0.6460996828125001 0.84777649375 0.6834837390625
1 1 0.4069191296875 0.915368275 0.3006784375 0.8830277453125 0.2766677359375 0.8625777687499999 0.2772149359375 0.8291920890625001 0.300584021875 0.8240458359374999 0.341745421875 0.8521476734375 0.3615053203125 0.9108014140625 0.4308544875 0.93485769375 0.47603513125 0.9522252171875 0.4871356015625 1 0.4613296953125 1 0.4069191296875
1 0.2476445 0.1195368421875 0.34513439218749997 0.217305334375 0.392117209375 0.22652230312500002 0.41975074375 0.22054581562500003 0.4317233390625 0.21149700781249997 0.4230528265625 0.17332385 0.29746109375 0.055795457812500004 0.274754184375 0.056184837499999994 0.2533411 0.0705051140625 0.2427999171875 0.091517234375 0.2476445 0.1195368421875
2 0.109754553125 0.307614934375 0.12164510625 0.33217283750000004 0.187096140625 0.3367496203125 0.205701946875 0.3301418515625 0.2252708578125 0.3097610125 0.2492980890625 0.258056678125 0.253425690625 0.1990292203125 0.23600262187499998 0.15628961875 0.225130721875 0.1495977734375 0.20228622500000001 0.1519547359375 0.17622169062499998 0.16792695156249998 0.1431667296875 0.21900000468749997 0.109754553125 0.307614934375
4 0 0.6324896875 0.000601384375 0.6361067015625 0.032722284375 0.6956917015624999 0.06902633124999999 0.727888371875 0.0913204796875 0.7334017359375 0.112595978125 0.72104904375 0.11691670937500001 0.6916931328125 0.1021077890625 0.611569475 0.09954663750000001 0.5184618421875 0.0882619765625 0.5176727421875 0.0801973546875 0.5032683875 0.017691184375 0.489011515625 0 0.48777442656250003 0 0.6324896875
2 0.145624440625 0.735221834375 0.1796715546875 0.7672606859375 0.19142452031249999 0.793786171875 0.22090222812500002 0.79387025 0.24977404062500003 0.7701855265625001 0.25552363749999996 0.5906621078125001 0.2669723828125 0.5242377828125 0.2583018703125 0.48606462500000003 0.2436040390625 0.46921922968749996 0.1420420875 0.462117325 0.11773968125 0.517756821875 0.1260820265625 0.69035683125 0.145624440625 0.735221834375
2 0.293314640625 0.6664612234375 0.3398846984375 0.6815809359375 0.35923398125 0.6967743890625 0.4188773265625 0.6871046375 0.44736287812500003 0.6040768140624999 0.48410618281250006 0.56512489375 0.4567743203125 0.5019203734375 0.4394067953125 0.4908199015625 0.420938578125 0.49546008906249994 0.3634701234375 0.5388943734375 0.3074886234375 0.6259311015625 0.293314640625 0.6664612234375
2 0.2557432671875 0.5550878140625 0.256597834375 0.6401672984375 0.293259096875 0.634822090625 0.3239750828125 0.6171979328125 0.363745296875 0.534959209375 0.37582643125000004 0.42705784218750004 0.36222929375 0.39447179062500004 0.3423296640625 0.38714866406250004 0.2925395671875 0.385644203125 0.27619069375 0.39240979062500003 0.271430703125 0.49291429062500003 0.2557432671875 0.5550878140625
2 0.5172192375 0.7078217953125 0.5836333796875001 0.6986255031249999 0.625496440625 0.6837580265625001 0.6295420015625 0.6583372828125 0.61977079375 0.6359047796875 0.5328511296875 0.6140091421875 0.4875748984375 0.612820321875 0.439216215625 0.6232791734375 0.400271521875 0.69371240625 0.5172192375 0.7078217953125
2 0.7064682796875 0.5312438937499999 0.70993699375 0.5789393203125 0.7446720421874999 0.6011402609375 0.750066971875 0.6212895406250001 0.7963618546875 0.64034441875 0.8193994828125 0.6676590046875 0.8397118718750001 0.6690793859374999 0.8525099875000001 0.648225084375 0.8380873296875 0.6274445234375 0.8321685515624999 0.549919728125 0.7726892890625 0.492376053125 0.751302703125 0.4414504828125 0.7337975921875 0.4323175953125 0.699806021875 0.431917875 0.6688148609375 0.45347719687500004 0.6731090984375 0.489367134375 0.7064682796875 0.5312438937499999
2 0.47769260312500006 0.5271095578125 0.5447126359375 0.5416820703125 0.6042739375 0.56561903125 0.6537888609375 0.5710586546875 0.6794406359375 0.560989184375 0.6836237828125 0.53360085625 0.6302273859375 0.486368553125 0.46863582656249997 0.4295933015625 0.4367636015625 0.431318984375 0.433186346875 0.48247611562500003 0.43885644843750005 0.49869023125 0.47769260312500006 0.5271095578125
2 0.428066590625 0.458391671875 0.464727853125 0.45304646406250004 0.46734200000000004 0.41566240781249997 0.43769766250000003 0.3206609359375 0.41664179375000004 0.2974393328125 0.3645392203125 0.264137921875 0.3432637234375 0.2764906140625 0.3357229515625 0.31946177656249997 0.389973915625 0.45177356562500004 0.428066590625 0.458391671875
2 0.792835046875 0.3988790390625 0.7978172156250001 0.4249310640625 0.8516819171875 0.49789975625 0.8711687875 0.5111256265625 0.9161698453125 0.5162496109375 0.9378581046875001 0.4979941734375 0.932875934375 0.471942146875 0.8647261609375001 0.3762253140625 0.8518725 0.365440484375 0.8271838328125 0.3617368828125 0.8233579015625001 0.3515833328125 0.8157615843749999 0.3629153625 0.7786875609374999 0.374163315625 0.777724453125 0.3879363890625 0.792835046875 0.3988790390625
2 0.728897465625 0.3726588546875 0.7870273578125 0.38463250625 0.8157615843749999 0.3629153625 0.82228370625 0.3020781421875 0.7950894296875 0.23690603906250002 0.7676755234375 0.20730823125 0.743537203125 0.1957343 0.715628496875 0.20564595 0.6974909953124999 0.23799010312500002 0.6966945234375 0.3466805703125 0.728897465625 0.3726588546875
2 0.7102651625 0.44451246875 0.7290640984375 0.46757625 0.7634684296875001 0.46207322343749996 0.7933033515625 0.424615425 0.7908532875 0.3947860546875 0.7695222453125 0.37549961718749997 0.7245211874999999 0.370375634375 0.6525189859375 0.3297510953125 0.6288489687500001 0.3439135515625 0.5960691812500001 0.3910514390625 0.6613005875 0.43120251718749997 0.7102651625 0.44451246875
2 0.3738421234375 0.2608340375 0.42313741718750003 0.30184795625 0.474634096875 0.3113805640625 0.517928571875 0.3084764 0.5441862375000001 0.32217573125 0.589875228125 0.31746180625 0.6015171046875001 0.2807090296875 0.5986542828125 0.25678240625000004 0.44047589374999996 0.2160634515625 0.38999786406250003 0.22439690156249997 0.3426022890625 0.2210826796875 0.33616220937499997 0.2483131859375 0.3738421234375 0.2608340375
2 0.45949700781249997 0.36568375937500003 0.5138009703125 0.3675038578125 0.6032527390625 0.38562215312500003 0.6335004203125 0.3422616078125 0.6330321140625 0.3165252234375 0.60903138125 0.3029837109375 0.46786330156249994 0.31090710312500003 0.4465878046875 0.323259796875 0.4449367640625 0.3468707796875 0.45949700781249997 0.36568375937500003
2 0.471855865625 0.415978046875 0.557619290625 0.4219752109375 0.589547059375 0.45188865937499995 0.5859142609375 0.4714066578125 0.6278328671875 0.4881783140625 0.6434938046875 0.49125063750000003 0.6626499578125 0.476772540625 0.6718973140625 0.44182952656249996 0.6570618968749999 0.4269517125 0.583077934375 0.3822341890625 0.513525796875 0.371439021875 0.475157946875 0.36875608125000003 0.4588090734375 0.37552166875 0.4555890359375 0.389136921875 0.471855865625 0.415978046875