5 0.277955271875 0.47961630624999996 0.23482428125000002 0.546762590625 0.2156549515625 0.609112709375 0.21725239687500003 0.6426858515625 0.2460063890625 0.709832134375 0.28434504843749997 0.757793765625 0.3003194890625 0.760191846875 0.3146964859375 0.7458033578125 0.34984025625 0.7529976015625001 0.364217253125 0.73381295 0.3817891375 0.7458033578125 0.426517571875 0.73621103125 0.48881789062500003 0.6762589921875 0.5495207671875 0.5827338125 0.5798722046875 0.4868105515625 0.5734824281249999 0.446043165625 0.5239616609375 0.3333333328125 0.5095846640625 0.321342925 0.4792332265625 0.31894484375 0.41853035156249996 0.345323740625 0.340255590625 0.4076738609375 0.277955271875 0.47961630624999996
5 0.4616613421875 0.707434053125 0.4648562296875 0.717026378125 0.512779553125 0.7242206234374999 0.55591054375 0.714628296875 0.6102236421875 0.7242206234374999 0.6453674125 0.712230215625 0.6677316296875 0.6930455640625001 0.67571885 0.6738609109375 0.6709265171875 0.5515587531249999 0.634185303125 0.52997601875 0.5782747609375 0.522781775 0.56230031875 0.5323741 0.5255591046875 0.6235011984375001 0.4616613421875 0.707434053125
5 0.1373801921875 0.46522781718750006 0.2555910546875 0.46522781718750006 0.26517571875 0.450839328125 0.26198083125 0.41966426874999996 0.22843450468749998 0.388489209375 0.132587859375 0.3836930453125 0.1230031953125 0.39568345312500003 0.1230031953125 0.441247003125 0.1373801921875 0.46522781718750006
5 0.659744409375 0.5419664265625 0.7667731625 0.5443645078125 0.7795527156250001 0.5371702640625 0.7843450484375001 0.4676259 0.776357828125 0.44364508437500005 0.7428115015625 0.4340527578125 0.67571885 0.4340527578125 0.5798722046875 0.450839328125 0.570287540625 0.52038369375 0.659744409375 0.5419664265625
5 0.25079872187499996 0.41486810625 0.28434504843749997 0.4076738609375 0.281150159375 0.36450839375 0.26837060625000003 0.3501199046875 0.249201278125 0.345323740625 0.23162939374999997 0.36450839375 0.23642172499999997 0.4028776984375 0.25079872187499996 0.41486810625
5 0.6389776359375 0.41486810625 0.6453674125 0.388489209375 0.6389776359375 0.37410071875 0.615015975 0.366906475 0.5926517578125 0.37649880156250004 0.5926517578125 0.41486810625 0.6389776359375 0.41486810625
5 0.6996805109374999 0.400479615625 0.7284345046875 0.42446043125 0.7539936109375 0.4124700234375 0.76198083125 0.3860911265625 0.7571884984375 0.3549160671875 0.7332268375 0.338129496875 0.7108626203124999 0.347721821875 0.6948881796874999 0.3860911265625 0.6996805109374999 0.400479615625
5 0.7140575078125 0.4388489203125 0.7300319484375 0.43165467656249995 0.7268370609375 0.4100719421875 0.7124600640625001 0.39568345312500003 0.6677316296875 0.388489209375 0.6533546328125001 0.40527577968750006 0.6565495203125 0.4364508390625 0.7140575078125 0.4388489203125
5 0.8450479234375001 0.390887290625 0.8434504796875 0.347721821875 0.8338658140625 0.33093525156250003 0.8194888171875 0.3285371703125 0.7987220453125 0.347721821875 0.7939297125 0.393285371875 0.8450479234375001 0.390887290625
5 0.85623003125 0.42206235000000003 0.870607028125 0.4124700234375 0.8690095843750001 0.400479615625 0.8594249203125001 0.39568345312500003 0.7939297125 0.390887290625 0.781150159375 0.398081534375 0.781150159375 0.41966426874999996 0.85623003125 0.42206235000000003
5 0.88019169375 0.3549160671875 0.8785942484374999 0.3549160671875 0.8785942484374999 0.3573141484375 0.8769968046875001 0.3573141484375 0.8769968046875001 0.3597122296875 0.8753993609374999 0.3597122296875 0.8738019171875001 0.36930455625 0.8722044734375001 0.36930455625 0.8722044734375001 0.390887290625 0.8753993609374999 0.393285371875 0.8753993609374999 0.398081534375 0.8785942484374999 0.398081534375 0.88019169375 0.4028776984375 0.884984025 0.4028776984375 0.884984025 0.40527577968750006 0.8929712453124999 0.40527577968750006 0.8929712453124999 0.4028776984375 0.9073482421874999 0.4028776984375 0.9073482421874999 0.400479615625 0.9121405749999999 0.400479615625 0.9121405749999999 0.398081534375 0.9153354625000001 0.398081534375 0.9153354625000001 0.39568345312500003 0.9185303515625 0.39568345312500003 0.9185303515625 0.388489209375 0.9201277953125 0.388489209375 0.9201277953125 0.37410071875 0.9185303515625 0.37410071875 0.9185303515625 0.366906475 0.9153354625000001 0.36450839375 0.9153354625000001 0.3621103125 0.9137380187499999 0.3621103125 0.9137380187499999 0.3597122296875 0.9073482421874999 0.3573141484375 0.9073482421874999 0.3549160671875 0.9025559109374999 0.3549160671875 0.9025559109374999 0.3525179859375 0.897763578125 0.3525179859375 0.897763578125 0.3501199046875 0.8897763578125 0.3501199046875 0.8897763578125 0.347721821875 0.8833865812499999 0.347721821875 0.8817891375 0.3525179859375 0.88019169375 0.3525179859375 0.88019169375 0.3549160671875
5 0.9392971250000001 0.3525179859375 0.9329073484375 0.3549160671875 0.9313099046875 0.3597122296875 0.928115015625 0.3597122296875 0.928115015625 0.36450839375 0.926517571875 0.36450839375 0.926517571875 0.388489209375 0.928115015625 0.388489209375 0.928115015625 0.393285371875 0.929712459375 0.393285371875 0.929712459375 0.398081534375 0.9313099046875 0.398081534375 0.9313099046875 0.400479615625 0.9345047921875 0.400479615625 0.9345047921875 0.4028776984375 0.97284345 0.4028776984375 0.9744408953124999 0.398081534375 0.9760383390625 0.398081534375 0.9760383390625 0.39568345312500003 0.9776357828125001 0.39568345312500003 0.9776357828125001 0.393285371875 0.9792332265624999 0.393285371875 0.9792332265624999 0.388489209375 0.9824281156250001 0.3860911265625 0.9840255593749999 0.37649880156250004 0.985623003125 0.37649880156250004 0.985623003125 0.3597122296875 0.9840255593749999 0.3597122296875 0.9840255593749999 0.3549160671875 0.9808306703125 0.3525179859375 0.9808306703125 0.3501199046875 0.9776357828125001 0.3501199046875 0.9776357828125001 0.347721821875 0.9744408953124999 0.347721821875 0.9744408953124999 0.345323740625 0.9488817890625001 0.345323740625 0.9488817890625001 0.347721821875 0.9408945687499999 0.347721821875 0.9392971250000001 0.3525179859375