5 0.526858734375 0.42363155781249995 0.427122290625 0.4368649890625 0.32447702500000003 0.480405175 0.2546174546875 0.5313484500000001 0.237403846875 0.57373166875 0.2461607671875 0.593118709375 0.224771034375 0.6039459078125 0.2257533296875 0.6398050328125 0.20908689531250002 0.6514650750000001 0.2086746109375 0.6676132499999999 0.249250159375 0.713697909375 0.3103832609375 0.75367489375 0.3431689578125 0.761077984375 0.4079005578125 0.753026865625 0.4815163578125 0.7222109609375 0.5631841718749999 0.6733497984375 0.6381793234375001 0.6070911921875 0.674698409375 0.551891178125 0.6776072328125 0.5215844234375 0.668295525 0.5053437328125 0.5658971984375001 0.437003440625 0.526858734375 0.42363155781249995
5 0.3390135234375 0.3012945796875 0.316236825 0.3199876546875 0.2983259265625 0.35251540000000003 0.298341153125 0.40766905 0.2814049375 0.44847909374999995 0.2801680890625 0.496923621875 0.2890598984375 0.5017356625 0.3828133546875 0.4533834375 0.47893607187500004 0.433024459375 0.49115660156249996 0.4189583953125 0.49378041718750004 0.3626479921875 0.47890561875 0.3227171578125 0.359293684375 0.296760084375 0.3390135234375 0.3012945796875
5 0.49180274687500003 0.74673395 0.471275646875 0.863148925 0.49239559843749997 0.8814717265625 0.5372669359375 0.8893837546875 0.5507395421875 0.882026815625 0.5626598375 0.7868034515625 0.53778365625 0.7483532765625001 0.5076370015625 0.739793434375 0.49180274687500003 0.74673395
5 0.5119382546875 0.2182397703125 0.5026341624999999 0.22957590468750003 0.48641046406250005 0.3353950734375 0.492131284375 0.42724069374999996 0.5622834734375 0.4298778953125 0.5954586140625 0.3384023328125 0.6071091296875 0.27232896875 0.603487790625 0.23762659687499998 0.5812582640625 0.22559649531249998 0.5119382546875 0.2182397703125
5 0.5405652015625 0.7601983484375 0.5498769078125 0.7764390390625 0.5868311171875 0.787821325 0.6087756390625 0.7738477765625 0.6073810578125001 0.7541368281249999 0.5954303078125001 0.739052890625 0.5534754078125 0.728410934375 0.5405652015625 0.7601983484375
5 0.5999273578125 0.423538828125 0.637713746875 0.43020158906250006 0.65104385 0.40984282343749995 0.6481198015625 0.384995928125 0.635059478125 0.376204690625 0.6079717625 0.37791674531249997 0.5999273578125 0.423538828125
5 0.6140591890625 0.2881532375 0.632682603125 0.32063461875 0.64602031875 0.327852678125 0.686580640625 0.318783684375 0.6999107421875 0.2984249203125 0.6875400953125 0.2719123328125 0.6576708359375 0.2617793140625 0.6303057265625001 0.26506454375 0.6140591890625 0.2881532375
5 0.5973927531250001 0.2998132796875 0.5897682453125 0.3568640140625 0.6199148984375 0.36542385624999996 0.6389429828125001 0.35418023593750003 0.639625046875 0.308882059375 0.627951690625 0.292224946875 0.6072516328125 0.2853307953125 0.5973927531250001 0.2998132796875
5 0.6561337515625 0.229066540625 0.7018372687500001 0.23225904218750001 0.7243365749999999 0.21513914375 0.724471465625 0.20056414375 0.7096042796875001 0.18821013281250001 0.6673719859375 0.17914135312499999 0.6561337515625 0.229066540625
5 0.6386122984375 0.162715634375 0.6279364640625 0.237071296875 0.6491913078125 0.2408190984375 0.6584954015625 0.22948296406250002 0.6651452265625 0.1641499296875 0.6620862875 0.153878034375 0.650555434375 0.15022274687499998 0.6386122984375 0.162715634375
5 0.7143123515625 0.133889328125 0.71514453125 0.1291698015625 0.7127828828125 0.128753378125 0.7136150625 0.124033853125 0.7112534125 0.12361743124999999 0.7100013374999999 0.11690830781249999 0.7076396859375 0.116491884375 0.7079170796875001 0.114918709375 0.70555543125 0.1145022875 0.70374856875 0.1109395125 0.696663621875 0.1096902453125 0.6969410140625001 0.1081170703125 0.6827711171875 0.1056185359375 0.6824937234374999 0.10719171093749999 0.6754087765625 0.10594244374999999 0.6748539906250001 0.1090887953125 0.6724923406250001 0.108672371875 0.6719375546874999 0.111818721875 0.66957590625 0.1114023 0.6687437265625 0.1161218265625 0.666382075 0.115705403125 0.6638855359375 0.12986398125 0.6615238875 0.12944755937500002 0.6601369203125 0.1373134359375 0.6624985703124999 0.1377298578125 0.661666390625 0.1424493828125 0.666112296875 0.1448554046875 0.6655575093749999 0.14800175468750001 0.6702808078125 0.14883459999999998 0.6720876703124999 0.152397371875 0.6933425140625 0.156145175 0.6936199078125 0.154572 0.7033438984375 0.15466451406249998 0.7036212921875 0.1530913390625 0.705982940625 0.1535077625 0.706260334375 0.1519345875 0.7086219828125 0.15235100937499998 0.7088993765625 0.15077783281249998 0.711261025 0.1511942546875 0.71153841875 0.1496210796875 0.7165391109375 0.14888075 0.7176486843750001 0.1425880484375 0.715287034375 0.1421716265625 0.716674 0.13430575 0.7143123515625 0.133889328125
5 0.7305436624999999 0.0556469828125 0.73109845 0.0525006328125 0.7287368 0.0520842109375 0.7269299375 0.0485214375 0.722206640625 0.047688592187500004 0.7224840328125001 0.0461154171875 0.7059524875000001 0.043200459375 0.70567509375 0.044773634374999996 0.6959511046875 0.0446811203125 0.6930346671875001 0.0474110484375 0.6883113703125 0.046578203125 0.6880339765625 0.048151378125 0.685672328125 0.04773495625 0.685394934375 0.04930813125 0.6830332859375 0.048891709374999995 0.6827558921875 0.050464884375 0.6777551984375 0.051205215625 0.6710977609375 0.088961421875 0.6734594109375001 0.08937784531250001 0.6729046249999999 0.0925241953125 0.6752662734375 0.09294061718749999 0.67498888125 0.09451379374999999 0.6797121781250001 0.0953466390625 0.6794347859375 0.0969198140625 0.6841580828125 0.097752659375 0.683880690625 0.099325834375 0.7074971828125001 0.103490059375 0.7077745765625 0.10191688437499999 0.7124978765625001 0.1027497296875 0.7130526625 0.099603378125 0.7180533546875 0.098863046875 0.7215245765625 0.09298676875 0.72652526875 0.09224643906249999 0.727912234375 0.0843805625 0.7302738843750001 0.084796984375 0.7347121765625 0.059626178125 0.7323505265625 0.05920975625 0.7329053140624999 0.05606340625 0.7305436624999999 0.0556469828125