5 0.4948840671875 0.419207934375 0.4082469015625 0.4703595046875 0.3307739421875 0.550545159375 0.2863729921875 0.6247349984375 0.28708822500000003 0.67047485 0.3027241328125 0.6848991140625 0.287265303125 0.7032232359374999 0.3021807875 0.735847921875 0.2913951953125 0.7530931421875 0.29732528125 0.7681187078125 0.3526819796875 0.79468573125 0.42457554843749995 0.8075981328124999 0.4576475609375 0.801602321875 0.5140874890625 0.7688985765624999 0.56981045625 0.711768403125 0.6258945 0.6348813078125 0.6690386 0.5445869984375 0.68108623125 0.4795059734375 0.671922025 0.4504718921875 0.6570048109375 0.43916063281250006 0.536043975 0.41626327500000004 0.4948840671875 0.419207934375
5 0.27417077500000003 0.37999312500000004 0.260508678125 0.40609975625 0.2567312125 0.4430400484375 0.2782954765625 0.49380330156249996 0.2786513625 0.5379866515625 0.296441621875 0.58306335 0.3065067890625 0.5840185499999999 0.37391458125 0.5028776984375 0.4544411234375 0.446579021875 0.4601941296875 0.42885619999999997 0.4406071390625 0.37599699375 0.41131259375000007 0.3450525140625 0.2910669921875 0.3678950078125 0.27417077500000003 0.37999312500000004
5 0.5888610234375 0.7303227203125 0.6154526828125 0.845503846875 0.642052990625 0.8541178531250001 0.68644875 0.8438682843749999 0.6959757640625 0.8318320187499999 0.6697417203125 0.73952081875 0.6318193953125 0.7138471453124999 0.6007246562499999 0.7177470046875001 0.5888610234375 0.7303227203125
5 0.4008967296875 0.23597369218750003 0.39676164687500004 0.250044059375 0.42317449687500003 0.35379022187500003 0.46432748281249997 0.4360992578125 0.5299333500000001 0.41111617031250003 0.524728878125 0.3139499109375 0.509636315625 0.2485768390625 0.4927435578125 0.2180481078125 0.4675806359375 0.215660109375 0.4008967296875 0.23597369218750003
5 0.6390080593749999 0.72366375625 0.6539252734375001 0.7349750171875 0.692389215625 0.7310133046875 0.707129353125 0.7095761796875 0.6981439546875 0.6919770625 0.6812494671875 0.682761753125 0.638471634375 0.6893588671875001 0.6390080593749999 0.72366375625
5 0.5621078578125001 0.3905723921875 0.5994937593749999 0.3819411765625 0.6038093812499999 0.3579923484375 0.591409325 0.33626317656250004 0.5759522234375 0.333273875 0.551686803125 0.3454338421875 0.5621078578125001 0.3905723921875
5 0.5222169125 0.26042755156249997 0.5520513421875 0.28305007187500003 0.5671490953125 0.2844828703125 0.6009415296875 0.26028663750000003 0.60525715 0.2363378109375 0.5835106171875 0.21676644218750002 0.5520565328125 0.21910980000000002 0.5281504578125 0.23282626875 0.5222169125 0.26042755156249997
5 0.5114313187499999 0.277672771875 0.5267044203125 0.3331673828125 0.5577991578125 0.3292675234375 0.57092136875 0.3114828515625 0.5538498046875 0.26951915625 0.536595971875 0.258747346875 0.5148477078125 0.260489403125 0.5114313187499999 0.277672771875
5 0.537859740625 0.18959811875000002 0.581177459375 0.1746790453125 0.5951989015625 0.150128915625 0.5896281625 0.1366598515625 0.5711157499999999 0.131096996875 0.5286972640625 0.1392506140625 0.537859740625 0.18959811875000002
5 0.4958057921875 0.1353679640625 0.51503170625 0.20798409375000002 0.5360612765625 0.203129034375 0.540196359375 0.18905866875 0.52078990625 0.126321 0.5139605890625 0.1180608921875 0.501918146875 0.1192016453125 0.4958057921875 0.1353679640625
5 0.5542247234375 0.0792548421875 0.5531466828125 0.0745853359375 0.5508100640625 0.0751247875 0.549732025 0.07045528281249999 0.5473954062499999 0.07099473437500001 0.5436213999999999 0.065308178125 0.5412847796875 0.06584762968749999 0.5409254328124999 0.064291128125 0.538588815625 0.06483057812500001 0.535533503125 0.062257025 0.528523646875 0.063875378125 0.5281643 0.0623188765625 0.5141445859375 0.0655555828125 0.5145039328125 0.067112084375 0.5074940765625 0.06873043749999999 0.5082127703125 0.071843440625 0.5058761515625 0.0723828921875 0.5065948453125 0.0754958953125 0.5042582265625 0.0760353453125 0.5053362671875 0.0807048515625 0.502999646875 0.081244303125 0.5062337671875 0.09525281875 0.5038971484375 0.09579226874999999 0.5056938828125 0.103574778125 0.5080305015625 0.1030353265625 0.509108540625 0.10770483125000001 0.5141411265625 0.10818243125 0.5148598203125 0.111295434375 0.5195330578124999 0.11021653281249999 0.5225883687499999 0.112790084375 0.5436179390625 0.107935025 0.5432585921875 0.10637852343750001 0.552245721875 0.10266421875000001 0.551886375 0.1011077171875 0.5542229937500001 0.10056826562500001 0.553863646875 0.099011765625 0.556200265625 0.0984723140625 0.55584091875 0.0969158109375 0.5581775375 0.0963763609375 0.557818190625 0.09481985937500001 0.5621320828124999 0.0921844546875 0.5606946953125 0.0859584484375 0.558358075 0.0864979 0.5565613421875 0.078715390625 0.5542247234375 0.0792548421875
5 0.5113156921875001 0 0.5114538109375 0.000598259375 0.5024666828125001 0.0043125640625000005 0.50084875625 0.0079650203125 0.49617551875 0.009043921875 0.496534865625 0.010600423437500001 0.494198246875 0.0111398734375 0.49455759375 0.012696375 0.49222097500000006 0.0132358265625 0.49258032187499995 0.014792328125 0.48826643125 0.0174277328125 0.4968907515625 0.0547837734375 0.499227371875 0.054244321875 0.499946065625 0.057357325 0.502282684375 0.0568178734375 0.50264203125 0.0583743765625 0.50731526875 0.057295475 0.5076746156249999 0.0588519765625 0.5123478515625 0.05777307499999999 0.5127071984375 0.0593295765625 0.5360733875 0.053935065625 0.535714040625 0.0523785640625 0.5403872796875 0.051299662499999996 0.5396685859375 0.0481866578125 0.5439824765625 0.0455512546875 0.5448817078125 0.038785796875 0.5491956 0.036150393749999996 0.5473988671875001 0.028367885937499997 0.549735484375 0.027828434375 0.5439859375 0.00292440625 0.54164931875 0.0034638578125 0.540930625 0.0003508546875 0.5385940046875 0.00089030625 0.5383884609375 0 0.5113156921875001 0